1 0.58828125 0.40703125 0.0578125 0.059375
1 0.5984375 0.5046875 0.065625 0.1140625
1 0.534375 0.47421875 0.0484375 0.0359375
1 0.546875 0.5328125 0.0609375 0.0796875
1 0.4828125 0.484375 0.021875 0.0171875
1 0.49296875 0.509375 0.040625 0.025
1 0.509375 0.55 0.021875 0.0390625
1 0.49921875 0.45 0.0203125 0.0421875
1 0.46328125 0.45859375 0.021875 0.0421875
1 0.46953125 0.53984375 0.0234375 0.0734375
1 0.43515625 0.4765625 0.034375 0.0734375
1 0.43359375 0.5515625 0.05625 0.0578125
1 0.38125 0.49765625 0.0578125 0.1328125
1 0.55390625 0.3359375 0.0265625 0.0203125
1 0.51328125 0.36875 0.0328125 0.059375
1 0.46953125 0.37265625 0.046875 0.0375
1 0.4234375 0.378125 0.0421875 0.06875