1 0.37578125 0.39609375 0.03828125 0.04296875
1 0.38125 0.490625 0.04453125 0.0984375
1 0.4328125 0.4515625 0.0421875 0.0390625
1 0.43125 0.5109375 0.04296875 0.06875
1 0.4671875 0.4234375 0.01953125 0.040625
1 0.4859375 0.4515625 0.01484375 0.01796875
1 0.47734375 0.4765625 0.03125 0.01953125
1 0.4703125 0.51640625 0.0171875 0.03671875
1 0.4984375 0.42265625 0.01796875 0.03828125
1 0.5015625 0.4984375 0.01171875 0.06875
1 0.52890625 0.43515625 0.02734375 0.06484375
1 0.5296875 0.50546875 0.02421875 0.05
1 0.5515625 0.51015625 0.01640625 0.0484375
1 0.5796875 0.44921875 0.03515625 0.1140625
1 0.5234375 0.34921875 0.03671875 0.0546875
1 0.48125 0.35390625 0.03984375 0.03671875
1 0.43828125 0.346875 0.02890625 0.046875