1 0.36875 0.63203125 0.0484375 0.0484375
1 0.36484375 0.5375 0.0578125 0.109375
1 0.42421875 0.571875 0.0453125 0.028125
1 0.4171875 0.521875 0.0546875 0.0765625
1 0.47265625 0.56953125 0.0328125 0.0234375
1 0.4734375 0.51640625 0.0578125 0.06875
1 0.490625 0.5921875 0.0203125 0.040625
1 0.5203125 0.57734375 0.03125 0.0734375
1 0.52734375 0.50078125 0.0546875 0.0578125
1 0.57421875 0.553125 0.0484375 0.1375
1 0.60546875 0.5609375 0.021875 0.15625
1 0.52734375 0.6484375 0.0375 0.0140625
1 0.5265625 0.6703125 0.0328125 0.0125
1 0.48203125 0.6640625 0.040625 0.0390625
1 0.4390625 0.66484375 0.025 0.0296875
1 0.45859375 0.603125 0.01875 0.0484375