1 0.3734375 0.39296875 0.0390625 0.046875
1 0.38046875 0.48828125 0.046875 0.10703125
1 0.43359375 0.44609375 0.03671875 0.028125
1 0.43203125 0.50390625 0.04765625 0.07578125
1 0.465625 0.41796875 0.01484375 0.04296875
1 0.48515625 0.44921875 0.01640625 0.01015625
1 0.478125 0.471875 0.0328125 0.01796875
1 0.46796875 0.51171875 0.01484375 0.03828125
1 0.496875 0.4234375 0.0140625 0.04453125
1 0.503125 0.4984375 0.01328125 0.06484375
1 0.5265625 0.434375 0.0203125 0.06171875
1 0.528125 0.50390625 0.02734375 0.04921875
1 0.55234375 0.503125 0.01640625 0.04921875
1 0.57890625 0.45078125 0.03515625 0.1265625
1 0.521875 0.34609375 0.03359375 0.04921875
1 0.4796875 0.34296875 0.03671875 0.021875
1 0.43984375 0.35078125 0.02578125 0.0390625