1 0.63359375 0.378125 0.053125 0.0515625
1 0.64296875 0.4703125 0.065625 0.115625
1 0.58125 0.44296875 0.0453125 0.040625
1 0.59296875 0.50078125 0.0625 0.0859375
1 0.528125 0.45 0.0234375 0.025
1 0.5390625 0.478125 0.040625 0.0234375
1 0.553125 0.5171875 0.021875 0.040625
1 0.54140625 0.41171875 0.0265625 0.053125
1 0.50859375 0.42421875 0.0203125 0.04375
1 0.5140625 0.50859375 0.03125 0.071875
1 0.47734375 0.44453125 0.0359375 0.0671875
1 0.4890625 0.521875 0.0359375 0.05
1 0.46328125 0.5234375 0.025 0.0515625
1 0.4234375 0.465625 0.0546875 0.13125
1 0.465625 0.34296875 0.04375 0.0609375
1 0.51171875 0.34453125 0.046875 0.0515625
1 0.5546875 0.33203125 0.034375 0.0515625