1 0.375 0.4 0.04140625 0.040625
1 0.3828125 0.48984375 0.0453125 0.10703125
1 0.43515625 0.45390625 0.0375 0.03203125
1 0.43203125 0.50546875 0.04609375 0.06640625
1 0.465625 0.4234375 0.0171875 0.05
1 0.48359375 0.45546875 0.0125 0.01328125
1 0.4765625 0.48203125 0.03046875 0.0234375
1 0.46875 0.52265625 0.01484375 0.0453125
1 0.496875 0.42890625 0.01640625 0.04375
1 0.503125 0.50859375 0.01640625 0.0734375
1 0.52734375 0.4390625 0.02265625 0.0640625
1 0.53046875 0.51171875 0.02734375 0.05
1 0.55546875 0.515625 0.01875 0.04453125
1 0.58046875 0.4484375 0.03203125 0.109375
1 0.52421875 0.3625 0.03125 0.03984375
1 0.47890625 0.346875 0.0359375 0.01796875
1 0.43828125 0.359375 0.02109375 0.03203125