1 0.33046875 0.621875 0.0484375 0.0546875
1 0.35078125 0.51953125 0.065625 0.11875
1 0.4015625 0.56640625 0.053125 0.0390625
1 0.40859375 0.51171875 0.0640625 0.075
1 0.45859375 0.5453125 0.05 0.0265625
1 0.4484375 0.5046875 0.025 0.04375
1 0.46640625 0.5078125 0.015625 0.0140625
1 0.48515625 0.5109375 0.0265625 0.0421875
1 0.46796875 0.603125 0.025 0.0421875
1 0.49921875 0.5953125 0.0328125 0.06875
1 0.509375 0.5171875 0.0328125 0.04375
1 0.5359375 0.52109375 0.025 0.05
1 0.55703125 0.59140625 0.0546875 0.125
1 0.57734375 0.52109375 0.0125 0.009375
1 0.590625 0.6015625 0.0265625 0.15
1 0.484375 0.66953125 0.0359375 0.015625
1 0.43125 0.61328125 0.0171875 0.0265625
1 0.36171875 0.59765625 0.0171875 0.0359375