1 0.57890625 0.63671875 0.053125 0.0578125
1 0.59765625 0.54453125 0.0765625 0.1140625
1 0.534375 0.56796875 0.05 0.0453125
1 0.55234375 0.5125 0.06875 0.084375
1 0.49296875 0.5921875 0.028125 0.040625
1 0.484375 0.55390625 0.025 0.021875
1 0.49765625 0.5296875 0.034375 0.028125
1 0.51640625 0.49140625 0.025 0.040625
1 0.46171875 0.57890625 0.0265625 0.0421875
1 0.47734375 0.49921875 0.0359375 0.0765625
1 0.43828125 0.55390625 0.04375 0.071875
1 0.4546875 0.48359375 0.0390625 0.059375
1 0.4328125 0.47734375 0.0328125 0.0578125
1 0.38671875 0.53203125 0.06875 0.1234375
1 0.415625 0.6453125 0.046875 0.0625
1 0.46171875 0.65078125 0.0515625 0.0453125
1 0.50078125 0.66640625 0.0359375 0.0515625