1 0.5890625 0.3609375 0.05 0.053125
1 0.60703125 0.45859375 0.0703125 0.1109375
1 0.54140625 0.43046875 0.046875 0.04375
1 0.559375 0.4859375 0.0625 0.0828125
1 0.49609375 0.446875 0.0234375 0.0203125
1 0.509375 0.46875 0.0390625 0.025
1 0.525 0.5078125 0.025 0.04375
1 0.50078125 0.41015625 0.0234375 0.0421875
1 0.47265625 0.4234375 0.0234375 0.0421875
1 0.4859375 0.5 0.034375 0.078125
1 0.44765625 0.4421875 0.034375 0.0671875
1 0.4640625 0.51171875 0.0375 0.053125
1 0.4390625 0.5203125 0.0265625 0.04375
1 0.39609375 0.46484375 0.0546875 0.11875
1 0.428125 0.3609375 0.0359375 0.0375
1 0.46875 0.3359375 0.040625 0.0234375
1 0.51171875 0.3328125 0.0328125 0.04375