1 0.3890625 0.36953125 0.0453125 0.05
1 0.3796875 0.465625 0.0609375 0.10625
1 0.4375 0.434375 0.0484375 0.0453125
1 0.42734375 0.49375 0.0546875 0.0765625
1 0.47734375 0.4109375 0.0265625 0.04375
1 0.49140625 0.4421875 0.01875 0.0203125
1 0.47890625 0.46640625 0.034375 0.025
1 0.46484375 0.50625 0.0234375 0.0390625
1 0.509375 0.41640625 0.0234375 0.040625
1 0.5 0.4921875 0.0234375 0.071875
1 0.5375 0.4328125 0.0375 0.0703125
1 0.528125 0.5046875 0.0328125 0.0546875
1 0.5484375 0.5125 0.0234375 0.0515625
1 0.58671875 0.45625 0.053125 0.1203125
1 0.54609375 0.34609375 0.0453125 0.0609375
1 0.50234375 0.34375 0.0453125 0.04375
1 0.46015625 0.3296875 0.0359375 0.053125