1 0.37421875 0.3953125 0.04296875 0.0390625
1 0.37890625 0.48828125 0.046875 0.0984375
1 0.434375 0.446875 0.0453125 0.03671875
1 0.43125 0.503125 0.05 0.078125
1 0.4640625 0.4171875 0.01796875 0.04140625
1 0.484375 0.4484375 0.0171875 0.01015625
1 0.47578125 0.4734375 0.03046875 0.0203125
1 0.46796875 0.5109375 0.01953125 0.04453125
1 0.4984375 0.41640625 0.01796875 0.03515625
1 0.50390625 0.49296875 0.01640625 0.08046875
1 0.5265625 0.43125 0.02265625 0.0640625
1 0.528125 0.50859375 0.02578125 0.0453125
1 0.5515625 0.5078125 0.01484375 0.05078125
1 0.58125 0.453125 0.03515625 0.12890625
1 0.5234375 0.34921875 0.03828125 0.0515625
1 0.4828125 0.3515625 0.03671875 0.03828125
1 0.43828125 0.35625 0.01484375 0.0265625