1 0.3796875 0.37109375 0.04921875 0.046875
1 0.3796875 0.46875 0.04609375 0.09921875
1 0.43203125 0.47109375 0.04921875 0.11953125
1 0.46796875 0.39453125 0.01953125 0.04140625
1 0.478125 0.48125 0.03203125 0.06953125
1 0.484375 0.4296875 0.01796875 0.01328125
1 0.50078125 0.45078125 0.0171875 0.13671875
1 0.52734375 0.4171875 0.028125 0.0640625
1 0.5265625 0.48671875 0.0265625 0.04609375
1 0.5515625 0.49140625 0.01640625 0.03515625
1 0.58046875 0.4234375 0.034375 0.11015625
1 0.525 0.346875 0.0328125 0.015625