1 0.365625 0.340625 0.0515625 0.053125
1 0.36171875 0.44453125 0.0578125 0.1109375
1 0.4234375 0.40859375 0.0453125 0.0453125
1 0.41484375 0.46796875 0.0546875 0.0703125
1 0.46015625 0.37734375 0.0234375 0.0484375
1 0.47421875 0.41484375 0.01875 0.009375
1 0.465625 0.4421875 0.0328125 0.0203125
1 0.453125 0.4796875 0.0203125 0.0390625
1 0.49375 0.390625 0.0234375 0.053125
1 0.490625 0.47265625 0.0265625 0.08125
1 0.52265625 0.40390625 0.03125 0.06875
1 0.51796875 0.48046875 0.034375 0.0546875
1 0.5421875 0.48671875 0.0234375 0.0453125
1 0.578125 0.421875 0.0453125 0.125
1 0.53046875 0.3078125 0.0375 0.0625
1 0.48515625 0.3125 0.0484375 0.053125
1 0.4421875 0.29765625 0.034375 0.0578125