1 0.371875 0.38125 0.04140625 0.04453125
1 0.38046875 0.478125 0.04609375 0.103125
1 0.43515625 0.44140625 0.03828125 0.028125
1 0.4328125 0.49453125 0.04375 0.0640625
1 0.4765625 0.46796875 0.028125 0.02421875
1 0.4671875 0.5078125 0.01640625 0.0453125
1 0.49921875 0.41640625 0.01953125 0.046875
1 0.5015625 0.4921875 0.0125 0.0640625
1 0.5265625 0.42578125 0.02109375 0.06015625
1 0.52578125 0.49921875 0.02734375 0.04921875
1 0.55234375 0.50234375 0.01796875 0.04921875
1 0.57890625 0.43671875 0.03359375 0.11328125
1 0.52578125 0.3546875 0.02578125 0.01484375
1 0.48359375 0.340625 0.03203125 0.028125
1 0.43984375 0.34921875 0.02109375 0.03203125
1 0.4609375 0.42421875 0.01796875 0.01328125