1 0.3765625 0.3890625 0.03984375 0.04296875
1 0.38359375 0.440625 0.04296875 0.01875
1 0.38125 0.4953125 0.0484375 0.07578125
1 0.43125 0.45234375 0.04609375 0.05078125
1 0.43203125 0.50546875 0.046875 0.04296875
1 0.4828125 0.47109375 0.04609375 0.0234375
1 0.46953125 0.509375 0.01796875 0.0390625
1 0.4671875 0.4125 0.015625 0.04921875
1 0.49609375 0.41796875 0.01640625 0.046875
1 0.52578125 0.42890625 0.02578125 0.06015625
1 0.5375 0.5 0.046875 0.04609375
1 0.58125 0.44765625 0.03359375 0.13046875
1 0.5203125 0.359375 0.02578125 0.0109375
1 0.6109375 0.41953125 0.00546875 0.10390625