1 0.39765625 0.3828125 0.053125 0.0625
1 0.38203125 0.475 0.065625 0.103125
1 0.44140625 0.446875 0.0453125 0.0375
1 0.42578125 0.5046875 0.0625 0.075
1 0.48359375 0.42578125 0.025 0.04375
1 0.51328125 0.43828125 0.028125 0.04375
1 0.49140625 0.4640625 0.0203125 0.01875
1 0.484375 0.48671875 0.046875 0.0328125
1 0.4625 0.51953125 0.0265625 0.04375
1 0.4921875 0.528125 0.025 0.04375
1 0.53828125 0.45546875 0.040625 0.0765625
1 0.53046875 0.5328125 0.0609375 0.05625
1 0.58671875 0.484375 0.0578125 0.1234375
1 0.55625 0.37109375 0.0515625 0.0671875
1 0.5140625 0.3609375 0.0453125 0.053125
1 0.4765625 0.3484375 0.0375 0.05625
1 0.4375 0.31640625 0.0296875 0.01875