1 0.353125 0.6125 0.040625 0.046875
1 0.3609375 0.51484375 0.0453125 0.1171875
1 0.41484375 0.553125 0.0421875 0.0359375
1 0.4140625 0.4921875 0.0515625 0.075
1 0.4484375 0.58828125 0.01875 0.05
1 0.46875 0.55078125 0.0171875 0.015625
1 0.46015625 0.525 0.0296875 0.0203125
1 0.4515625 0.484375 0.0171875 0.0375
1 0.48203125 0.584375 0.01875 0.05
1 0.4890625 0.5046875 0.01875 0.071875
1 0.5125 0.57578125 0.0203125 0.0578125
1 0.51484375 0.4984375 0.03125 0.0640625
1 0.54140625 0.4953125 0.0171875 0.05
1 0.56953125 0.56171875 0.034375 0.11875
1 0.50546875 0.66328125 0.0296875 0.0546875
1 0.4609375 0.66015625 0.040625 0.028125
1 0.41796875 0.659375 0.028125 0.0484375