1 0.59765625 0.6671875 0.053125 0.05625
1 0.61171875 0.56484375 0.071875 0.1171875
1 0.546875 0.58984375 0.0453125 0.0375
1 0.56171875 0.5359375 0.059375 0.0765625
1 0.51015625 0.55390625 0.034375 0.03125
1 0.52890625 0.5140625 0.028125 0.05
1 0.475 0.60078125 0.03125 0.053125
1 0.48984375 0.52265625 0.028125 0.06875
1 0.44921875 0.58515625 0.0359375 0.0671875
1 0.46640625 0.509375 0.0390625 0.05625
1 0.43984375 0.5 0.0296875 0.0546875
1 0.39765625 0.5609375 0.0625 0.1234375
1 0.43203125 0.6578125 0.0296875 0.021875
1 0.47265625 0.68203125 0.040625 0.0359375
1 0.5203125 0.68359375 0.0296875 0.0390625
1 0.515625 0.6015625 0.021875 0.01875