1 0.36640625 0.60234375 0.0484375 0.046875
1 0.3734375 0.50703125 0.0515625 0.103125
1 0.428125 0.5484375 0.0421875 0.0328125
1 0.4265625 0.49453125 0.0515625 0.0703125
1 0.4546875 0.58203125 0.0125 0.0421875
1 0.47890625 0.55078125 0.0140625 0.015625
1 0.471875 0.525 0.03125 0.0203125
1 0.465625 0.484375 0.01875 0.0375
1 0.48828125 0.578125 0.0203125 0.0375
1 0.49765625 0.503125 0.01875 0.0734375
1 0.51953125 0.56640625 0.025 0.0609375
1 0.5234375 0.49609375 0.0328125 0.0515625
1 0.55 0.49609375 0.021875 0.0546875
1 0.57734375 0.5578125 0.034375 0.1171875
1 0.51171875 0.64765625 0.0296875 0.0296875
1 0.465625 0.6578125 0.028125 0.0078125
1 0.42890625 0.6453125 0.0265625 0.034375