1 0.3984375 0.621875 0.0484375 0.053125
1 0.384375 0.528125 0.065625 0.0984375
1 0.4453125 0.559375 0.046875 0.0375
1 0.43046875 0.5015625 0.0609375 0.0796875
1 0.49453125 0.546875 0.021875 0.021875
1 0.4859375 0.525 0.0390625 0.03125
1 0.4671875 0.48359375 0.0203125 0.0453125
1 0.48203125 0.5828125 0.025 0.053125
1 0.515625 0.57421875 0.028125 0.05
1 0.50703125 0.49375 0.0265625 0.0640625
1 0.540625 0.55546875 0.03125 0.0578125
1 0.528125 0.48671875 0.034375 0.0546875
1 0.55078125 0.47265625 0.025 0.05
1 0.590625 0.5328125 0.059375 0.128125
1 0.553125 0.63984375 0.04375 0.0578125
1 0.5125 0.65390625 0.0453125 0.0484375
1 0.4703125 0.66015625 0.0375 0.0609375