1 0.3859375 0.3796875 0.046875 0.04375
1 0.38515625 0.4765625 0.0546875 0.1046875
1 0.44453125 0.43828125 0.05 0.0421875
1 0.4375 0.4953125 0.0578125 0.084375
1 0.478125 0.409375 0.021875 0.04375
1 0.496875 0.44375 0.01875 0.0125
1 0.48671875 0.46875 0.0328125 0.0234375
1 0.475 0.50703125 0.0234375 0.046875
1 0.5140625 0.41171875 0.021875 0.0375
1 0.5140625 0.490625 0.0234375 0.084375
1 0.5421875 0.42890625 0.028125 0.0671875
1 0.5375 0.50859375 0.0296875 0.0484375
1 0.5625 0.51015625 0.01875 0.0546875
1 0.596875 0.45546875 0.0453125 0.1359375
1 0.54453125 0.34296875 0.04375 0.05625
1 0.50234375 0.34296875 0.040625 0.0421875
1 0.45625 0.34453125 0.0171875 0.0296875