1 0.36640625 0.63125 0.05625 0.0625
1 0.353125 0.53125 0.0703125 0.1171875
1 0.41640625 0.56171875 0.0484375 0.0390625
1 0.403125 0.50390625 0.0609375 0.0828125
1 0.46953125 0.5515625 0.0234375 0.01875
1 0.46171875 0.5234375 0.046875 0.025
1 0.44140625 0.48671875 0.0234375 0.046875
1 0.475 0.48046875 0.021875 0.0484375
1 0.4546875 0.5875 0.028125 0.05
1 0.490625 0.57734375 0.0234375 0.0484375
1 0.51796875 0.55703125 0.0390625 0.071875
1 0.503125 0.4796875 0.0375 0.0546875
1 0.52890625 0.47421875 0.0234375 0.0515625
1 0.5703125 0.53359375 0.05625 0.125
1 0.53046875 0.6453125 0.04375 0.0578125
1 0.4859375 0.66171875 0.046875 0.0546875
1 0.5671875 0.45703125 0.0140625 0.015625
1 0.4421875 0.65390625 0.0265625 0.025