1 0.36953125 0.3984375 0.0578125 0.0515625
1 0.37265625 0.45 0.0515625 0.03125
1 0.3734375 0.50703125 0.05625 0.075
1 0.42734375 0.459375 0.053125 0.0484375
1 0.428125 0.515625 0.0546875 0.05
1 0.48203125 0.4765625 0.0515625 0.0203125
1 0.46796875 0.515625 0.0203125 0.0390625
1 0.50234375 0.51640625 0.01875 0.046875
1 0.4875 0.42421875 0.0296875 0.0578125
1 0.45859375 0.41640625 0.0171875 0.046875
1 0.52421875 0.428125 0.028125 0.0625
1 0.52421875 0.50625 0.0296875 0.0484375
1 0.55078125 0.50859375 0.01875 0.04375
1 0.578125 0.44453125 0.040625 0.1265625
1 0.6078125 0.44140625 0.0125 0.1546875
1 0.51796875 0.359375 0.0328125 0.0125
1 0.5171875 0.33984375 0.0328125 0.0125