1 0.6234375 0.60546875 0.04375 0.046875
1 0.615625 0.50859375 0.0453125 0.1
1 0.5609375 0.5515625 0.04375 0.03125
1 0.56484375 0.49296875 0.05 0.071875
1 0.51015625 0.54921875 0.01875 0.021875
1 0.51640625 0.521875 0.03125 0.021875
1 0.52421875 0.48125 0.01875 0.034375
1 0.5296875 0.578125 0.015625 0.04375
1 0.49375 0.578125 0.015625 0.0453125
1 0.48828125 0.49921875 0.015625 0.071875
1 0.46640625 0.56328125 0.025 0.0625
1 0.46484375 0.490625 0.025 0.040625
1 0.4390625 0.4890625 0.01875 0.046875
1 0.41015625 0.55078125 0.034375 0.11875
1 0.4703125 0.6453125 0.03125 0.028125
1 0.51015625 0.6484375 0.03125 0.034375
1 0.55234375 0.64453125 0.0234375 0.0203125
1 0.471875 0.6734375 0.01875 0.009375
1 0.39921875 0.48203125 0.01875 0.0125