1 0.3734375 0.39296875 0.0421875 0.04609375
1 0.38046875 0.48515625 0.04609375 0.10390625
1 0.43515625 0.4484375 0.03984375 0.025
1 0.43125 0.503125 0.04921875 0.0703125
1 0.48515625 0.446875 0.015625 0.009375
1 0.47578125 0.4734375 0.03125 0.015625
1 0.46875 0.5125 0.0140625 0.04375
1 0.4984375 0.421875 0.01640625 0.04140625
1 0.465625 0.41796875 0.0171875 0.040625
1 0.503125 0.4953125 0.01796875 0.06640625
1 0.52578125 0.43359375 0.021875 0.06640625
1 0.52578125 0.50234375 0.02265625 0.053125
1 0.55390625 0.5015625 0.015625 0.06328125
1 0.58046875 0.44609375 0.02890625 0.1140625
1 0.52421875 0.34453125 0.03359375 0.04609375
1 0.48203125 0.34921875 0.04140625 0.03984375
1 0.43984375 0.353125 0.02578125 0.040625