1 0.65078125 0.58828125 0.04375 0.04375
1 0.6234375 0.49375 0.0640625 0.1125
1 0.5734375 0.54453125 0.046875 0.0328125
1 0.5671875 0.4890625 0.0625 0.084375
1 0.51875 0.525 0.0546875 0.0296875
1 0.5203125 0.55625 0.0203125 0.0203125
1 0.525 0.48203125 0.025 0.04375
1 0.4890625 0.49296875 0.0203125 0.0265625
1 0.47890625 0.57578125 0.0328125 0.071875
1 0.4640625 0.5 0.0328125 0.0484375
1 0.4390625 0.50390625 0.025 0.05625
1 0.51484375 0.58984375 0.0234375 0.040625
1 0.54375 0.56953125 0.021875 0.0171875
1 0.41796875 0.5703125 0.0578125 0.1359375
1 0.496875 0.66484375 0.0390625 0.0359375
1 0.54296875 0.66796875 0.0390625 0.0203125