1 0.37578125 0.3765625 0.04921875 0.0484375
1 0.37890625 0.46171875 0.04765625 0.0984375
1 0.4203125 0.37421875 0.0234375 0.01484375
1 0.42890625 0.46875 0.04921875 0.1109375
1 0.484375 0.478125 0.0515625 0.07109375
1 0.46640625 0.396875 0.02421875 0.0390625
1 0.50078125 0.40546875 0.02265625 0.04140625
1 0.528125 0.4140625 0.01953125 0.05859375
1 0.528125 0.48671875 0.025 0.04296875
1 0.5546875 0.4875 0.02109375 0.0546875
1 0.58203125 0.43359375 0.0390625 0.13125
1 0.52734375 0.34453125 0.03203125 0.01875