1 0.62734375 0.40234375 0.05 0.053125
1 0.6109375 0.496875 0.0625 0.1125
1 0.55859375 0.446875 0.04375 0.04375
1 0.5546875 0.50546875 0.0578125 0.0828125
1 0.5296875 0.4109375 0.0234375 0.0546875
1 0.50546875 0.44375 0.0203125 0.0234375
1 0.509375 0.4703125 0.034375 0.0265625
1 0.5125 0.515625 0.0203125 0.046875
1 0.49453125 0.41015625 0.025 0.0546875
1 0.48046875 0.49296875 0.025 0.0703125
1 0.46328125 0.42109375 0.0328125 0.075
1 0.43984375 0.50078125 0.0546875 0.053125
1 0.40390625 0.4328125 0.0484375 0.128125
1 0.4796875 0.33203125 0.04375 0.0546875
1 0.5265625 0.33125 0.04375 0.0359375
1 0.56640625 0.34140625 0.028125 0.05625