1 0.64375 0.603125 0.0453125 0.0515625
1 0.62265625 0.50859375 0.0609375 0.103125
1 0.57109375 0.5546875 0.05 0.0359375
1 0.56875 0.49765625 0.0609375 0.0765625
1 0.5171875 0.55703125 0.01875 0.0203125
1 0.5140625 0.52890625 0.0484375 0.03125
1 0.52578125 0.4859375 0.0234375 0.046875
1 0.490625 0.49140625 0.0171875 0.0421875
1 0.50625 0.5921875 0.0234375 0.04375
1 0.54140625 0.58828125 0.01875 0.046875
1 0.47421875 0.578125 0.0296875 0.065625
1 0.46328125 0.50078125 0.028125 0.0546875
1 0.4359375 0.4984375 0.0203125 0.046875
1 0.4125 0.5734375 0.04375 0.121875
1 0.484375 0.65390625 0.03125 0.0203125