1 0.621875 0.62890625 0.05 0.0515625
1 0.628125 0.5359375 0.0640625 0.1078125
1 0.56953125 0.5640625 0.0421875 0.0328125
1 0.57890625 0.5125 0.0578125 0.075
1 0.51875 0.55859375 0.021875 0.0109375
1 0.52890625 0.53125 0.0359375 0.0234375
1 0.54375 0.4953125 0.021875 0.0359375
1 0.50625 0.5078125 0.025 0.071875
1 0.50078125 0.584375 0.0234375 0.046875
1 0.53359375 0.59296875 0.025 0.040625
1 0.4734375 0.5671875 0.0328125 0.06875
1 0.4828125 0.49375 0.034375 0.0546875
1 0.46015625 0.4890625 0.021875 0.0453125
1 0.42109375 0.54453125 0.05 0.1296875
1 0.50390625 0.6578125 0.0453125 0.046875
1 0.46171875 0.65546875 0.0390625 0.0625
1 0.546875 0.66484375 0.0296875 0.04375