1 0.3703125 0.39375 0.0390625 0.0359375
1 0.3828125 0.48359375 0.04765625 0.09921875
1 0.43515625 0.4484375 0.03515625 0.02890625
1 0.43046875 0.50234375 0.046875 0.07109375
1 0.48359375 0.45 0.01953125 0.01484375
1 0.47578125 0.471875 0.03046875 0.0203125
1 0.46953125 0.5140625 0.0171875 0.03671875
1 0.5046875 0.5015625 0.01328125 0.07421875
1 0.5265625 0.4359375 0.02421875 0.065625
1 0.5265625 0.50703125 0.02578125 0.05546875
1 0.553125 0.509375 0.01640625 0.046875
1 0.5796875 0.4453125 0.02890625 0.1109375
1 0.49921875 0.42578125 0.015625 0.046875
1 0.46640625 0.415625 0.021875 0.03671875
1 0.43828125 0.340625 0.02265625 0.034375
1 0.48046875 0.3453125 0.0375 0.02578125
1 0.5234375 0.35078125 0.03671875 0.04453125