1 0.3734375 0.375 0.03984375 0.04609375
1 0.3796875 0.471875 0.0484375 0.1046875
1 0.4328125 0.43359375 0.04609375 0.03046875
1 0.4328125 0.48515625 0.05234375 0.06328125
1 0.48203125 0.459375 0.04453125 0.01953125
1 0.46875 0.49609375 0.01796875 0.0390625
1 0.48671875 0.4953125 0.01328125 0.0109375
1 0.50390625 0.49453125 0.02109375 0.0359375
1 0.49765625 0.4078125 0.01796875 0.03828125
1 0.5265625 0.41875 0.02265625 0.0609375
1 0.5265625 0.4921875 0.0265625 0.03828125
1 0.55234375 0.49140625 0.01796875 0.0453125
1 0.5796875 0.42890625 0.03671875 0.11328125
1 0.590625 0.4953125 0.01015625 0.00703125
1 0.61171875 0.42265625 0.00703125 0.13984375
1 0.52109375 0.3484375 0.03203125 0.0109375
1 0.46484375 0.39375 0.01328125 0.02421875
1 0.39921875 0.40078125 0.0125 0.03203125