1 0.3296875 0.3859375 0.0515625 0.0515625
1 0.353125 0.47578125 0.0703125 0.11875
1 0.40234375 0.4265625 0.0453125 0.0390625
1 0.40859375 0.4828125 0.0578125 0.0703125
1 0.45234375 0.42421875 0.0234375 0.01875
1 0.45859375 0.44921875 0.04375 0.03125
1 0.45 0.49375 0.025 0.040625
1 0.4859375 0.48515625 0.025 0.04375
1 0.46328125 0.3921875 0.021875 0.0390625
1 0.49609375 0.40078125 0.0359375 0.0734375
1 0.521875 0.4765625 0.053125 0.059375
1 0.55390625 0.40390625 0.059375 0.128125
1 0.48046875 0.32734375 0.0296875 0.015625
1 0.4296875 0.3921875 0.021875 0.0453125