1 0.371875 0.38828125 0.0390625 0.04296875
1 0.38125 0.478125 0.04453125 0.09921875
1 0.434375 0.440625 0.04140625 0.0265625
1 0.43203125 0.49375 0.04375 0.06015625
1 0.47734375 0.46484375 0.03671875 0.01640625
1 0.46796875 0.50703125 0.015625 0.046875
1 0.496875 0.41953125 0.01640625 0.06484375
1 0.50390625 0.49140625 0.01953125 0.05703125
1 0.52578125 0.428125 0.01953125 0.05078125
1 0.5375 0.49921875 0.04609375 0.03984375
1 0.578125 0.44140625 0.0375 0.11640625
1 0.52109375 0.35703125 0.02734375 0.01171875
1 0.46484375 0.41328125 0.01640625 0.04375