1 0.4 0.625 0.0515625 0.0515625
1 0.39140625 0.534375 0.0671875 0.1203125
1 0.4484375 0.5546875 0.0484375 0.0375
1 0.43828125 0.50546875 0.059375 0.075
1 0.49921875 0.54765625 0.025 0.0203125
1 0.4890625 0.5234375 0.034375 0.021875
1 0.471875 0.48359375 0.0234375 0.0484375
1 0.51015625 0.49375 0.028125 0.075
1 0.51796875 0.56875 0.0234375 0.0390625
1 0.48671875 0.57734375 0.021875 0.0375
1 0.546875 0.5515625 0.0375 0.065625
1 0.5328125 0.47734375 0.0375 0.05
1 0.55859375 0.46953125 0.028125 0.0484375
1 0.59765625 0.5234375 0.0609375 0.1375
1 0.56171875 0.640625 0.0453125 0.0640625
1 0.51796875 0.64921875 0.0515625 0.0578125
1 0.47578125 0.65546875 0.034375 0.05625