1 0.6296875 0.621875 0.04375 0.04375
1 0.63359375 0.51953125 0.0578125 0.1109375
1 0.57109375 0.55625 0.0421875 0.0375
1 0.58046875 0.496875 0.0578125 0.0859375
1 0.51796875 0.55078125 0.015625 0.0140625
1 0.52734375 0.52421875 0.03125 0.021875
1 0.54140625 0.48125 0.01875 0.053125
1 0.53515625 0.58515625 0.021875 0.0453125
1 0.5 0.57578125 0.025 0.0453125
1 0.50390625 0.49375 0.025 0.0765625
1 0.471875 0.5609375 0.03125 0.0671875
1 0.47734375 0.4875 0.0328125 0.0578125
1 0.4515625 0.48125 0.0234375 0.0453125
1 0.41484375 0.54375 0.046875 0.121875
1 0.465625 0.6546875 0.0359375 0.059375
1 0.51171875 0.6578125 0.046875 0.0453125
1 0.55546875 0.66328125 0.0328125 0.0546875