1 0.36484375 0.6125 0.0390625 0.0453125
1 0.37578125 0.5203125 0.05 0.09375
1 0.43046875 0.559375 0.0453125 0.028125
1 0.4265625 0.5046875 0.05 0.06875
1 0.48203125 0.55625 0.0171875 0.01875
1 0.48203125 0.5296875 0.04375 0.025
1 0.46640625 0.4890625 0.01875 0.0421875
1 0.50078125 0.49140625 0.0125 0.0390625
1 0.4953125 0.58828125 0.01875 0.040625
1 0.46171875 0.5890625 0.0125 0.04375
1 0.52421875 0.571875 0.021875 0.0609375
1 0.52734375 0.496875 0.021875 0.05
1 0.55390625 0.49140625 0.015625 0.04375
1 0.5828125 0.56171875 0.03125 0.1140625
1 0.5234375 0.6453125 0.028125 0.015625