1 0.57109375 0.65625 0.053125 0.05
1 0.58671875 0.56171875 0.075 0.121875
1 0.521875 0.58671875 0.0484375 0.040625
1 0.54140625 0.52890625 0.06875 0.084375
1 0.471875 0.571875 0.0203125 0.025
1 0.4875 0.54453125 0.040625 0.0296875
1 0.503125 0.50859375 0.03125 0.053125
1 0.4796875 0.6046875 0.0265625 0.0453125
1 0.44921875 0.59453125 0.0328125 0.0546875
1 0.46640625 0.5109375 0.034375 0.075
1 0.42109375 0.57421875 0.0453125 0.06875
1 0.4421875 0.4984375 0.0390625 0.0546875
1 0.41796875 0.49296875 0.0375 0.0625
1 0.37109375 0.54609375 0.06875 0.13125
1 0.4875 0.690625 0.0296875 0.0375
1 0.45 0.675 0.040625 0.0359375
1 0.40390625 0.65546875 0.0421875 0.0484375