1 0.3734375 0.3953125 0.03984375 0.04453125
1 0.37890625 0.49296875 0.046875 0.1
1 0.434375 0.45 0.03828125 0.03515625
1 0.43125 0.50703125 0.04453125 0.071875
1 0.48125 0.45546875 0.01953125 0.015625
1 0.475 0.47890625 0.03515625 0.01640625
1 0.46875 0.51953125 0.01484375 0.03984375
1 0.46796875 0.42109375 0.01484375 0.0390625
1 0.49765625 0.42734375 0.01484375 0.03828125
1 0.5046875 0.50390625 0.01484375 0.07578125
1 0.5265625 0.4390625 0.01796875 0.06328125
1 0.52734375 0.50859375 0.0265625 0.046875
1 0.553125 0.5109375 0.0171875 0.040625
1 0.58125 0.4484375 0.02734375 0.11328125
1 0.52578125 0.35703125 0.02890625 0.03046875
1 0.48203125 0.34375 0.03671875 0.01484375
1 0.43984375 0.35 0.02265625 0.0390625