1 0.39296875 0.33828125 0.05 0.053125
1 0.38203125 0.43203125 0.06875 0.1109375
1 0.44453125 0.40546875 0.0484375 0.0375
1 0.42890625 0.459375 0.0578125 0.0703125
1 0.4828125 0.440625 0.040625 0.025
1 0.4625 0.48125 0.0265625 0.0515625
1 0.5125 0.39921875 0.03125 0.06875
1 0.50390625 0.47421875 0.0328125 0.0625
1 0.540625 0.41484375 0.03125 0.05625
1 0.534375 0.48984375 0.05625 0.0515625
1 0.58984375 0.440625 0.065625 0.1265625
1 0.5515625 0.3421875 0.03125 0.01875
1 0.48203125 0.3859375 0.0265625 0.0484375