1 0.6484375 0.60390625 0.05 0.0546875
1 0.634375 0.50546875 0.0578125 0.1125
1 0.5828125 0.55546875 0.0421875 0.034375
1 0.58046875 0.49453125 0.05625 0.0890625
1 0.53203125 0.55859375 0.025 0.0234375
1 0.5375 0.53203125 0.03125 0.025
1 0.540625 0.48984375 0.0203125 0.0421875
1 0.55234375 0.58671875 0.0203125 0.046875
1 0.51953125 0.5875 0.0203125 0.034375
1 0.5078125 0.50625 0.0234375 0.078125
1 0.4859375 0.57578125 0.0328125 0.078125
1 0.48125 0.49921875 0.03125 0.0484375
1 0.45625 0.5 0.0171875 0.040625
1 0.4328125 0.56953125 0.0421875 0.125
1 0.49921875 0.6578125 0.0375 0.046875
1 0.540625 0.6609375 0.04375 0.04375
1 0.584375 0.6546875 0.028125 0.0390625