1 0.61796875 0.621875 0.0546875 0.05625
1 0.62578125 0.52734375 0.0609375 0.109375
1 0.56484375 0.5578125 0.046875 0.0328125
1 0.57578125 0.50078125 0.0578125 0.0765625
1 0.51484375 0.5484375 0.021875 0.015625
1 0.5234375 0.52421875 0.0390625 0.0234375
1 0.5390625 0.48515625 0.0203125 0.0390625
1 0.53125 0.58125 0.01875 0.040625
1 0.496875 0.57421875 0.0203125 0.040625
1 0.5015625 0.4953125 0.021875 0.0703125
1 0.46875 0.55703125 0.0328125 0.071875
1 0.46640625 0.484375 0.053125 0.0546875
1 0.415625 0.53671875 0.053125 0.128125
1 0.5859375 0.69140625 0.025 0.01875
1 0.54609375 0.659375 0.03125 0.0578125
1 0.50390625 0.65703125 0.0453125 0.0359375
1 0.459375 0.65234375 0.0390625 0.065625