1 0.37421875 0.38984375 0.04609375 0.04453125
1 0.38203125 0.48359375 0.04140625 0.1
1 0.43515625 0.446875 0.03828125 0.025
1 0.43203125 0.50234375 0.04609375 0.07109375
1 0.48359375 0.4484375 0.01484375 0.01328125
1 0.47734375 0.471875 0.02890625 0.01640625
1 0.46953125 0.51015625 0.01484375 0.0390625
1 0.496875 0.42109375 0.01328125 0.0359375
1 0.5046875 0.5 0.0171875 0.06484375
1 0.46796875 0.41328125 0.015625 0.04296875
1 0.525 0.434375 0.021875 0.05703125
1 0.528125 0.50546875 0.02734375 0.04921875
1 0.55234375 0.503125 0.0171875 0.03515625
1 0.57890625 0.44453125 0.03515625 0.10625
1 0.58984375 0.52109375 0.0125 0.0234375
1 0.5234375 0.3484375 0.02578125 0.03828125
1 0.478125 0.3453125 0.03671875 0.03515625
1 0.44140625 0.3484375 0.02578125 0.025