1 0.37578125 0.3984375 0.03984375 0.0453125
1 0.3796875 0.4921875 0.04921875 0.08984375
1 0.4328125 0.45 0.04140625 0.0296875
1 0.4296875 0.50859375 0.046875 0.07109375
1 0.48359375 0.453125 0.01796875 0.01875
1 0.47890625 0.47578125 0.03359375 0.025
1 0.46875 0.51953125 0.0125 0.04296875
1 0.4640625 0.41953125 0.015625 0.05078125
1 0.4984375 0.421875 0.0203125 0.04609375
1 0.50546875 0.5015625 0.01484375 0.0609375
1 0.52578125 0.43515625 0.02109375 0.05390625
1 0.528125 0.50546875 0.02578125 0.04921875
1 0.5515625 0.5140625 0.01640625 0.0484375
1 0.5796875 0.4484375 0.03515625 0.1234375
1 0.5234375 0.35078125 0.03359375 0.0515625
1 0.48046875 0.34609375 0.03671875 0.04140625
1 0.43828125 0.346875 0.02578125 0.05546875