1 0.375 0.39609375 0.046875 0.0484375
1 0.38046875 0.48828125 0.04609375 0.10078125
1 0.434375 0.45078125 0.04140625 0.0265625
1 0.43203125 0.50625 0.046875 0.06875
1 0.484375 0.453125 0.01875 0.01328125
1 0.47890625 0.4765625 0.03515625 0.01875
1 0.46875 0.51640625 0.01484375 0.03515625
1 0.4640625 0.4234375 0.01328125 0.03828125
1 0.49765625 0.42578125 0.01484375 0.03828125
1 0.50390625 0.5015625 0.01171875 0.06796875
1 0.5265625 0.43828125 0.02265625 0.06640625
1 0.5390625 0.5078125 0.0453125 0.046875
1 0.58046875 0.45 0.0359375 0.1203125
1 0.396875 0.32578125 0.02265625 0.015625
1 0.43828125 0.35078125 0.02265625 0.053125
1 0.4796875 0.346875 0.03984375 0.0296875
1 0.5234375 0.34609375 0.0296875 0.06015625