1 0.603125 0.3875 0.0546875 0.0546875
1 0.61796875 0.48671875 0.0703125 0.1125
1 0.55390625 0.4578125 0.046875 0.040625
1 0.57109375 0.5203125 0.0625 0.0859375
1 0.51328125 0.4328125 0.025 0.0515625
1 0.48125 0.44921875 0.028125 0.05
1 0.503125 0.47421875 0.0203125 0.0234375
1 0.50859375 0.5015625 0.053125 0.03125
1 0.53359375 0.53515625 0.0265625 0.040625
1 0.496875 0.54609375 0.0234375 0.0453125
1 0.45234375 0.4671875 0.0421875 0.075
1 0.45859375 0.54453125 0.0609375 0.0625
1 0.40234375 0.49375 0.0625 0.1265625
1 0.4359375 0.37265625 0.04375 0.059375
1 0.4828125 0.36171875 0.053125 0.04375
1 0.5265625 0.36171875 0.0359375 0.0453125