1 0.665625 0.59921875 0.065625 0.0609375
1 0.6546875 0.546875 0.0578125 0.0390625
1 0.64453125 0.4890625 0.06875 0.084375
1 0.59765625 0.54609375 0.059375 0.05625
1 0.5875 0.4890625 0.0625 0.059375
1 0.53984375 0.5375 0.0546875 0.028125
1 0.54765625 0.4953125 0.0265625 0.04375
1 0.5125 0.50078125 0.0265625 0.05
1 0.5421875 0.5921875 0.0390625 0.0625
1 0.57265625 0.5953125 0.025 0.0484375
1 0.5046875 0.59296875 0.0390625 0.0671875
1 0.49140625 0.5140625 0.0375 0.053125
1 0.46328125 0.515625 0.0265625 0.0484375
1 0.44765625 0.58515625 0.0609375 0.1328125
1 0.41640625 0.59375 0.0375 0.15625
1 0.521875 0.66171875 0.034375 0.0171875
1 0.52578125 0.68203125 0.0359375 0.0171875