1 0.6265625 0.61640625 0.0421875 0.0484375
1 0.628125 0.52109375 0.0546875 0.1078125
1 0.571875 0.55703125 0.040625 0.0375
1 0.57890625 0.49765625 0.0515625 0.078125
1 0.53359375 0.58359375 0.0234375 0.040625
1 0.51875 0.54765625 0.0203125 0.0140625
1 0.52890625 0.525 0.034375 0.0203125
1 0.5421875 0.48671875 0.0203125 0.040625
1 0.503125 0.57890625 0.0203125 0.0484375
1 0.50703125 0.49765625 0.01875 0.0703125
1 0.47421875 0.5625 0.03125 0.0671875
1 0.4796875 0.49140625 0.0328125 0.05625
1 0.45390625 0.4796875 0.0203125 0.05
1 0.421875 0.5421875 0.046875 0.13125
1 0.47109375 0.640625 0.0359375 0.0375
1 0.51484375 0.65 0.0421875 0.04375
1 0.55546875 0.65078125 0.028125 0.028125