1 0.61015625 0.37734375 0.0453125 0.05
1 0.61796875 0.47265625 0.0609375 0.096875
1 0.55859375 0.43671875 0.0453125 0.0359375
1 0.56953125 0.4953125 0.05625 0.078125
1 0.5078125 0.4453125 0.0203125 0.0203125
1 0.51484375 0.46796875 0.0375 0.0296875
1 0.53046875 0.5109375 0.0171875 0.0453125
1 0.5234375 0.409375 0.021875 0.053125
1 0.48828125 0.41640625 0.0265625 0.0484375
1 0.49140625 0.49765625 0.0234375 0.0640625
1 0.4625 0.4328125 0.028125 0.05625
1 0.46875 0.5046875 0.03125 0.053125
1 0.44609375 0.51640625 0.021875 0.0515625
1 0.409375 0.45390625 0.0515625 0.1296875
1 0.4546875 0.34765625 0.040625 0.05625
1 0.49765625 0.3375 0.0421875 0.046875
1 0.53984375 0.3328125 0.0328125 0.059375