1 0.35703125 0.40390625 0.046875 0.046875
1 0.36640625 0.50234375 0.05625 0.103125
1 0.4203125 0.459375 0.046875 0.040625
1 0.4203125 0.51484375 0.05 0.0703125
1 0.453125 0.425 0.01875 0.0421875
1 0.471875 0.45625 0.01875 0.015625
1 0.4671875 0.484375 0.03125 0.025
1 0.46171875 0.525 0.01875 0.0484375
1 0.48515625 0.42578125 0.0234375 0.0375
1 0.4953125 0.5078125 0.01875 0.0734375
1 0.515625 0.440625 0.028125 0.0671875
1 0.5234375 0.515625 0.0265625 0.0453125
1 0.54921875 0.51484375 0.0234375 0.0546875
1 0.5734375 0.4421875 0.040625 0.1203125
1 0.5078125 0.35625 0.028125 0.028125
1 0.46171875 0.34609375 0.0328125 0.01875
1 0.50390625 0.32890625 0.021875 0.0109375