1 0.37265625 0.38203125 0.04375 0.04375
1 0.38125 0.434375 0.04765625 0.0359375
1 0.38125 0.49453125 0.04609375 0.07421875
1 0.434375 0.4359375 0.03828125 0.03125
1 0.43125 0.4890625 0.04765625 0.05546875
1 0.48515625 0.490625 0.05 0.0640625
1 0.484375 0.43828125 0.01640625 0.0109375
1 0.49765625 0.4109375 0.01875 0.03828125
1 0.4640625 0.4234375 0.015625 0.01328125
1 0.5265625 0.428125 0.02421875 0.05625
1 0.5265625 0.496875 0.02578125 0.0453125
1 0.55234375 0.49609375 0.01796875 0.04140625
1 0.57890625 0.43359375 0.034375 0.1140625
1 0.61015625 0.40703125 0.00859375 0.09140625
1 0.52109375 0.3546875 0.03125 0.01484375
1 0.465625 0.39765625 0.0125 0.025
1 0.48046875 0.3875 0.009375 0.01796875