1 0.63125 0.396875 0.053125 0.0546875
1 0.6078125 0.4921875 0.071875 0.1171875
1 0.5609375 0.43984375 0.0515625 0.04375
1 0.55078125 0.49609375 0.0609375 0.078125
1 0.509375 0.4265625 0.01875 0.0203125
1 0.50234375 0.4578125 0.046875 0.028125
1 0.51015625 0.49921875 0.021875 0.0421875
1 0.4765625 0.49140625 0.021875 0.0421875
1 0.5 0.3984375 0.025 0.0453125
1 0.53359375 0.4015625 0.0265625 0.0484375
1 0.4671875 0.40625 0.0328125 0.0640625
1 0.4515625 0.48125 0.0359375 0.0515625
1 0.425 0.475 0.0265625 0.05
1 0.4109375 0.40546875 0.0578125 0.1328125
1 0.48984375 0.31328125 0.0421875 0.0578125
1 0.53046875 0.32890625 0.046875 0.05
1 0.5734375 0.34453125 0.028125 0.034375