1 0.38671875 0.378125 0.0484375 0.046875
1 0.396875 0.43359375 0.0515625 0.0390625
1 0.3984375 0.49765625 0.05 0.0796875
1 0.45390625 0.434375 0.0421875 0.034375
1 0.4515625 0.490625 0.0515625 0.0609375
1 0.50859375 0.49140625 0.0546875 0.06875
1 0.50703125 0.4359375 0.0171875 0.0125
1 0.5203125 0.40625 0.0203125 0.040625
1 0.484375 0.4203125 0.0171875 0.0140625
1 0.5515625 0.425 0.0265625 0.0609375
1 0.553125 0.49765625 0.0296875 0.0484375
1 0.58046875 0.49609375 0.01875 0.0453125
1 0.60703125 0.4296875 0.0390625 0.121875
1 0.640625 0.4 0.0109375 0.0984375
1 0.54453125 0.34609375 0.034375 0.015625
1 0.4859375 0.39296875 0.0140625 0.0265625
1 0.5015625 0.38203125 0.0109375 0.01875