1 0.3921875 0.38046875 0.046875 0.046875
1 0.403125 0.47890625 0.0515625 0.109375
1 0.4578125 0.43125 0.040625 0.0375
1 0.45546875 0.490625 0.05 0.0765625
1 0.48984375 0.39765625 0.0171875 0.05
1 0.51015625 0.43203125 0.0203125 0.0171875
1 0.50390625 0.45859375 0.0359375 0.0234375
1 0.49609375 0.50078125 0.015625 0.0453125
1 0.5234375 0.40390625 0.0140625 0.04375
1 0.53359375 0.48359375 0.01875 0.0765625
1 0.5546875 0.409375 0.0296875 0.0625
1 0.56953125 0.4875 0.0546875 0.059375
1 0.6125 0.428125 0.04375 0.1265625
1 0.5484375 0.3234375 0.0359375 0.0578125
1 0.5015625 0.328125 0.046875 0.05
1 0.45859375 0.3265625 0.0296875 0.053125