1 0.3765625 0.396875 0.04453125 0.0453125
1 0.38046875 0.490625 0.04609375 0.09921875
1 0.43359375 0.4515625 0.04140625 0.03671875
1 0.43125 0.50859375 0.04765625 0.0640625
1 0.465625 0.41875 0.01875 0.04453125
1 0.4828125 0.45234375 0.01328125 0.015625
1 0.48203125 0.47734375 0.04296875 0.01953125
1 0.46875 0.515625 0.01640625 0.03359375
1 0.49765625 0.42578125 0.01640625 0.0390625
1 0.50390625 0.509375 0.0140625 0.03125
1 0.52734375 0.4328125 0.02265625 0.05859375
1 0.52734375 0.5078125 0.0265625 0.04140625
1 0.55234375 0.51015625 0.01640625 0.04609375
1 0.58203125 0.44921875 0.03203125 0.121875
1 0.525 0.346875 0.03671875 0.05546875
1 0.48125 0.346875 0.04140625 0.05
1 0.43984375 0.3515625 0.02265625 0.04140625