1 0.6171875 0.6421875 0.04375 0.0421875
1 0.61484375 0.546875 0.0609375 0.1078125
1 0.55546875 0.57734375 0.040625 0.034375
1 0.56640625 0.521875 0.05625 0.0796875
1 0.50625 0.5703125 0.021875 0.0171875
1 0.51640625 0.5484375 0.034375 0.025
1 0.5265625 0.50625 0.021875 0.040625
1 0.4890625 0.51484375 0.021875 0.078125
1 0.45859375 0.58125 0.0328125 0.0703125
1 0.4671875 0.50625 0.0328125 0.0609375
1 0.4390625 0.50078125 0.021875 0.05
1 0.4046875 0.565625 0.0421875 0.11875
1 0.4859375 0.59453125 0.021875 0.05
1 0.5203125 0.6078125 0.0265625 0.040625
1 0.54140625 0.690625 0.028125 0.0375
1 0.496875 0.68046875 0.0421875 0.03125
1 0.453125 0.66953125 0.04375 0.05