1 0.62109375 0.3875 0.0453125 0.0453125
1 0.6171875 0.4828125 0.0515625 0.109375
1 0.5609375 0.44609375 0.0421875 0.034375
1 0.565625 0.50546875 0.0484375 0.075
1 0.5265625 0.41484375 0.0171875 0.04375
1 0.51171875 0.446875 0.015625 0.01875
1 0.52109375 0.4734375 0.0328125 0.025
1 0.5296875 0.5140625 0.015625 0.040625
1 0.49375 0.421875 0.01875 0.046875
1 0.49375 0.5015625 0.021875 0.071875
1 0.465625 0.434375 0.0265625 0.0609375
1 0.46796875 0.51171875 0.03125 0.05
1 0.44453125 0.51171875 0.0203125 0.046875
1 0.4125 0.4484375 0.0421875 0.121875
1 0.46796875 0.34609375 0.0359375 0.0515625
1 0.5109375 0.34609375 0.0375 0.0421875
1 0.55703125 0.33828125 0.03125 0.05