1 0.36484375 0.5953125 0.0515625 0.04375
1 0.38125 0.50078125 0.059375 0.1078125
1 0.43046875 0.5453125 0.04375 0.034375
1 0.43359375 0.4890625 0.053125 0.075
1 0.4828125 0.54921875 0.01875 0.01875
1 0.48046875 0.52265625 0.0390625 0.028125
1 0.475 0.48125 0.0234375 0.0484375
1 0.49296875 0.58203125 0.021875 0.04375
1 0.46171875 0.58203125 0.0234375 0.046875
1 0.5078125 0.5 0.021875 0.065625
1 0.525 0.56875 0.0296875 0.059375
1 0.534375 0.4953125 0.0328125 0.0484375
1 0.56171875 0.4984375 0.0234375 0.0484375
1 0.5828125 0.565625 0.0546875 0.1234375
1 0.51484375 0.64921875 0.034375 0.0359375
1 0.465625 0.653125 0.0328125 0.028125