1 0.37578125 0.39140625 0.04296875 0.0515625
1 0.38125 0.4859375 0.046875 0.103125
1 0.434375 0.44609375 0.04140625 0.0296875
1 0.43125 0.5015625 0.04453125 0.0703125
1 0.48359375 0.446875 0.01875 0.0140625
1 0.48203125 0.4734375 0.040625 0.015625
1 0.4703125 0.5109375 0.0140625 0.04140625
1 0.5015625 0.51015625 0.01328125 0.04296875
1 0.46484375 0.41640625 0.01796875 0.04375
1 0.4984375 0.41875 0.01328125 0.04296875
1 0.528125 0.43203125 0.025 0.06328125
1 0.52734375 0.50625 0.02578125 0.046875
1 0.55234375 0.50625 0.0140625 0.04609375
1 0.5796875 0.44453125 0.03125 0.11171875
1 0.5234375 0.34921875 0.0328125 0.04921875
1 0.4796875 0.34296875 0.03515625 0.04453125
1 0.590625 0.515625 0.01171875 0.01171875
1 0.44140625 0.3578125 0.02109375 0.01953125