1 0.63515625 0.6421875 0.05 0.0546875
1 0.62421875 0.540625 0.0671875 0.1203125
1 0.56875 0.546875 0.053125 0.115625
1 0.51328125 0.53515625 0.0609375 0.0828125
1 0.52109375 0.59921875 0.05625 0.0390625
1 0.5046875 0.63046875 0.0234375 0.025
1 0.47109375 0.57578125 0.0359375 0.125
1 0.44140625 0.52890625 0.025 0.0453125
1 0.41640625 0.59375 0.0546875 0.1421875
1 0.38515625 0.59609375 0.0234375 0.178125
1 0.48359375 0.68828125 0.0421875 0.034375
1 0.5328125 0.7 0.0390625 0.015625
1 0.59140625 0.63984375 0.0203125 0.015625