1 0.396875 0.6390625 0.0515625 0.0546875
1 0.3890625 0.5421875 0.065625 0.1109375
1 0.44921875 0.5734375 0.0484375 0.0375
1 0.43984375 0.5203125 0.0546875 0.075
1 0.49140625 0.53984375 0.0390625 0.0265625
1 0.47578125 0.49921875 0.025 0.0484375
1 0.50078125 0.56875 0.0171875 0.0140625
1 0.51953125 0.59296875 0.021875 0.0390625
1 0.5140625 0.509375 0.0234375 0.0765625
1 0.54765625 0.575 0.0359375 0.0671875
1 0.5375 0.49765625 0.03125 0.05
1 0.56328125 0.49609375 0.0203125 0.0546875
1 0.6 0.55625 0.0484375 0.1296875
1 0.55390625 0.64921875 0.0359375 0.025
1 0.4859375 0.60390625 0.025 0.046875