1 0.3765625 0.39140625 0.04609375 0.04375
1 0.3796875 0.4859375 0.04609375 0.1
1 0.43515625 0.44765625 0.03984375 0.03046875
1 0.43046875 0.50078125 0.04765625 0.065625
1 0.46328125 0.415625 0.01015625 0.040625
1 0.484375 0.4484375 0.01328125 0.01484375
1 0.4765625 0.4734375 0.0296875 0.01875
1 0.46875 0.51328125 0.01640625 0.03515625
1 0.4953125 0.421875 0.01796875 0.0359375
1 0.50078125 0.49609375 0.015625 0.071875
1 0.525 0.434375 0.02265625 0.05859375
1 0.5265625 0.50390625 0.02890625 0.04921875
1 0.55234375 0.50546875 0.01953125 0.053125
1 0.58203125 0.44609375 0.02890625 0.11484375
1 0.52265625 0.3546875 0.02890625 0.028125
1 0.478125 0.3421875 0.02734375 0.00625
1 0.440625 0.353125 0.02421875 0.03359375