1 0.3359375 0.41796875 0.053125 0.0625
1 0.35859375 0.51875 0.0625 0.1109375
1 0.40703125 0.46484375 0.0421875 0.0375
1 0.415625 0.525 0.0609375 0.0859375
1 0.4359375 0.43359375 0.0171875 0.040625
1 0.46171875 0.45703125 0.0203125 0.021875
1 0.47109375 0.4234375 0.01875 0.0421875
1 0.46484375 0.484375 0.0515625 0.0265625
1 0.45546875 0.52890625 0.0234375 0.040625
1 0.49140625 0.52578125 0.0234375 0.05
1 0.503125 0.43203125 0.0296875 0.0703125
1 0.52734375 0.509375 0.05625 0.0578125
1 0.56171875 0.4390625 0.0546875 0.1296875
1 0.48671875 0.3375 0.040625 0.0609375
1 0.440625 0.3515625 0.040625 0.0421875
1 0.39765625 0.35703125 0.034375 0.05625