1 0.3453125 0.59140625 0.0546875 0.0578125
1 0.3796875 0.49921875 0.0765625 0.1203125
1 0.421875 0.5515625 0.046875 0.0453125
1 0.43671875 0.49140625 0.0625 0.084375
1 0.446875 0.58828125 0.0296875 0.046875
1 0.475 0.56015625 0.0203125 0.015625
1 0.4734375 0.53046875 0.0359375 0.021875
1 0.4765625 0.490625 0.028125 0.0453125
1 0.48125 0.59296875 0.028125 0.0484375
1 0.50625 0.51796875 0.0328125 0.0765625
1 0.51171875 0.58984375 0.0375 0.0609375
1 0.53515625 0.51953125 0.040625 0.059375
1 0.55859375 0.521875 0.0296875 0.0484375
1 0.56953125 0.5875 0.06875 0.1296875
1 0.39765625 0.653125 0.0390625 0.0578125
1 0.4421875 0.6625 0.05 0.0515625
1 0.48515625 0.67578125 0.0453125 0.0609375