1 0.35390625 0.41640625 0.046875 0.0453125
1 0.37421875 0.5078125 0.0640625 0.1046875
1 0.42265625 0.4578125 0.04375 0.0390625
1 0.428125 0.51171875 0.053125 0.0671875
1 0.44609375 0.4296875 0.0203125 0.04375
1 0.471875 0.45078125 0.0140625 0.0203125
1 0.4671875 0.47734375 0.0328125 0.0234375
1 0.46875 0.51953125 0.0265625 0.0453125
1 0.4796875 0.421875 0.0234375 0.046875
1 0.49453125 0.490625 0.021875 0.0484375
1 0.5109375 0.43125 0.0328125 0.0625
1 0.525 0.50234375 0.03125 0.0453125
1 0.54921875 0.50234375 0.0203125 0.0390625
1 0.56640625 0.43125 0.0515625 0.1234375
1 0.49375 0.353125 0.0375 0.0328125
1 0.44375 0.3515625 0.0265625 0.0265625
1 0.4109375 0.36015625 0.025 0.03125