1 0.63203125 0.36796875 0.04375 0.05
1 0.634375 0.46640625 0.05625 0.1109375
1 0.57578125 0.42890625 0.0421875 0.0375
1 0.5828125 0.490625 0.053125 0.08125
1 0.53671875 0.4015625 0.0234375 0.0421875
1 0.52109375 0.43828125 0.021875 0.0140625
1 0.53203125 0.46171875 0.0359375 0.021875
1 0.54453125 0.50234375 0.021875 0.0421875
1 0.50546875 0.40625 0.0203125 0.05
1 0.50859375 0.490625 0.0203125 0.071875
1 0.47421875 0.42265625 0.03125 0.0703125
1 0.48125 0.496875 0.034375 0.059375
1 0.4546875 0.50859375 0.0203125 0.0515625
1 0.4203125 0.44453125 0.0484375 0.1359375
1 0.471875 0.3421875 0.0375 0.0390625
1 0.5171875 0.3328125 0.04375 0.0453125
1 0.559375 0.3328125 0.0296875 0.028125