1 0.38046875 0.3984375 0.04375 0.0421875
1 0.38984375 0.49453125 0.05625 0.109375
1 0.4453125 0.459375 0.040625 0.025
1 0.44375 0.515625 0.053125 0.0765625
1 0.4984375 0.45546875 0.0140625 0.0203125
1 0.48984375 0.48203125 0.03125 0.01875
1 0.4828125 0.521875 0.0203125 0.0390625
1 0.47734375 0.42421875 0.0171875 0.046875
1 0.5125 0.42734375 0.0203125 0.04375
1 0.51875 0.5078125 0.021875 0.075
1 0.54375 0.4375 0.028125 0.06875
1 0.5578125 0.51484375 0.05 0.0578125
1 0.60078125 0.45234375 0.0375 0.1296875
1 0.53828125 0.35546875 0.0359375 0.0328125
1 0.49453125 0.34453125 0.040625 0.0296875
1 0.45 0.353125 0.0234375 0.028125