1 0.63125 0.37421875 0.0515625 0.0515625
1 0.63359375 0.4703125 0.059375 0.109375
1 0.575 0.43359375 0.0421875 0.0421875
1 0.58359375 0.49609375 0.053125 0.0859375
1 0.53984375 0.40625 0.01875 0.046875
1 0.52265625 0.43828125 0.01875 0.0203125
1 0.525 0.4671875 0.0484375 0.0265625
1 0.5453125 0.50546875 0.0203125 0.0390625
1 0.50859375 0.5078125 0.0171875 0.0453125
1 0.50625 0.40859375 0.01875 0.046875
1 0.47734375 0.428125 0.03125 0.0609375
1 0.4828125 0.4984375 0.0328125 0.0578125
1 0.45859375 0.50703125 0.01875 0.0453125
1 0.425 0.446875 0.05 0.1265625
1 0.47265625 0.33828125 0.040625 0.0640625
1 0.515625 0.3359375 0.0390625 0.0453125
1 0.56171875 0.33125 0.028125 0.05625