1 0.34375 0.63359375 0.0453125 0.0484375
1 0.35234375 0.5359375 0.05 0.1109375
1 0.409375 0.575 0.0421875 0.0265625
1 0.40625 0.51796875 0.053125 0.075
1 0.46171875 0.57734375 0.0171875 0.009375
1 0.453125 0.54921875 0.0328125 0.0171875
1 0.44609375 0.50859375 0.015625 0.046875
1 0.4765625 0.60390625 0.0171875 0.04375
1 0.44140625 0.60859375 0.01875 0.04375
1 0.48125 0.52734375 0.0203125 0.0703125
1 0.5046875 0.59296875 0.025 0.0703125
1 0.50625 0.5203125 0.025 0.05625
1 0.5359375 0.52109375 0.0171875 0.0671875
1 0.5625 0.58046875 0.0328125 0.1203125
1 0.5015625 0.68671875 0.0359375 0.0484375
1 0.45703125 0.68046875 0.04375 0.0421875
1 0.4125 0.6765625 0.0265625 0.04375