1 0.35625 0.36171875 0.04375 0.046875
1 0.36484375 0.459375 0.05 0.1078125
1 0.4234375 0.41875 0.0453125 0.0296875
1 0.41953125 0.4765625 0.0484375 0.065625
1 0.46875 0.44609375 0.040625 0.01875
1 0.4578125 0.49140625 0.01875 0.0515625
1 0.490625 0.39765625 0.01875 0.0703125
1 0.49765625 0.47578125 0.021875 0.0625
1 0.52265625 0.4078125 0.021875 0.0546875
1 0.5328125 0.48515625 0.05 0.04375
1 0.57890625 0.4234375 0.0421875 0.1265625
1 0.51875 0.33046875 0.0296875 0.0140625
1 0.45625 0.390625 0.01875 0.046875