1 0.375 0.3984375 0.04140625 0.0453125
1 0.3796875 0.4890625 0.04765625 0.10078125
1 0.434375 0.4484375 0.03671875 0.03671875
1 0.43203125 0.503125 0.04609375 0.0734375
1 0.465625 0.41796875 0.01640625 0.04921875
1 0.48515625 0.4515625 0.01640625 0.0203125
1 0.478125 0.47578125 0.0296875 0.021875
1 0.46953125 0.51796875 0.01328125 0.04375
1 0.4984375 0.42109375 0.0171875 0.05
1 0.50234375 0.50078125 0.015625 0.065625
1 0.5265625 0.434375 0.021875 0.06953125
1 0.5390625 0.51171875 0.046875 0.04453125
1 0.58125 0.453125 0.03046875 0.11875
1 0.521875 0.35 0.03515625 0.0484375
1 0.478125 0.34375 0.03828125 0.02890625
1 0.4390625 0.3484375 0.0203125 0.0515625