1 0.37578125 0.4109375 0.03984375 0.053125
1 0.3828125 0.5015625 0.04296875 0.09453125
1 0.4328125 0.4609375 0.03828125 0.028125
1 0.43125 0.5203125 0.04765625 0.06484375
1 0.46796875 0.43125 0.01484375 0.03984375
1 0.4984375 0.4359375 0.01875 0.03984375
1 0.484375 0.465625 0.0171875 0.01484375
1 0.4828125 0.4890625 0.04140625 0.021875
1 0.46953125 0.52578125 0.01640625 0.040625
1 0.5 0.5265625 0.015625 0.03984375
1 0.52734375 0.446875 0.0234375 0.07109375
1 0.53828125 0.521875 0.05 0.04453125
1 0.58046875 0.4625 0.0296875 0.11796875
1 0.52421875 0.3609375 0.0375 0.059375
1 0.48125 0.36171875 0.034375 0.04453125
1 0.4421875 0.35859375 0.02421875 0.05078125
1 0.396875 0.33828125 0.02734375 0.01328125