1 0.640625 0.41328125 0.05 0.05625
1 0.61171875 0.50625 0.071875 0.11875
1 0.56796875 0.45234375 0.04375 0.0359375
1 0.55703125 0.51015625 0.065625 0.0875
1 0.54296875 0.41640625 0.025 0.0453125
1 0.51640625 0.44375 0.01875 0.0140625
1 0.51796875 0.4671875 0.0375 0.025
1 0.51875 0.51015625 0.0234375 0.040625
1 0.5109375 0.4140625 0.0234375 0.046875
1 0.48671875 0.48828125 0.028125 0.0671875
1 0.478125 0.41953125 0.034375 0.0671875
1 0.4609375 0.48828125 0.0390625 0.0546875
1 0.4359375 0.48203125 0.0265625 0.053125
1 0.421875 0.42265625 0.065625 0.1359375
1 0.50390625 0.33203125 0.0453125 0.05625
1 0.54609375 0.33828125 0.0421875 0.03125
1 0.584375 0.35625 0.034375 0.0453125