1 0.6171875 0.6171875 0.0453125 0.0453125
1 0.61015625 0.56328125 0.05 0.0390625
1 0.61171875 0.50234375 0.05 0.078125
1 0.55546875 0.56015625 0.040625 0.0328125
1 0.5609375 0.50625 0.05 0.059375
1 0.50625 0.50234375 0.053125 0.0671875
1 0.50546875 0.55546875 0.0171875 0.0125
1 0.490625 0.58359375 0.0203125 0.0390625
1 0.525 0.571875 0.015625 0.0140625
1 0.46171875 0.5640625 0.0265625 0.059375
1 0.4640625 0.49453125 0.028125 0.046875
1 0.4375 0.49453125 0.01875 0.0421875
1 0.4078125 0.55703125 0.0390625 0.1171875
1 0.375 0.5828125 0.0125 0.09375
1 0.46484375 0.63984375 0.0328125 0.015625
1 0.52265625 0.59765625 0.0140625 0.0265625
1 0.50703125 0.60703125 0.009375 0.01875