1 0.64765625 0.3625 0.053125 0.05625
1 0.66015625 0.4671875 0.071875 0.11875
1 0.59375 0.43984375 0.0453125 0.0375
1 0.60859375 0.49609375 0.059375 0.0765625
1 0.55546875 0.47734375 0.0359375 0.03125
1 0.575 0.51796875 0.0265625 0.0515625
1 0.5203125 0.428125 0.03125 0.0546875
1 0.53515625 0.50859375 0.0265625 0.0703125
1 0.49453125 0.44375 0.0359375 0.06875
1 0.5109375 0.521875 0.0390625 0.0578125
1 0.48359375 0.53046875 0.0296875 0.05625
1 0.44140625 0.46796875 0.0609375 0.1265625
1 0.478125 0.36875 0.03125 0.021875
1 0.51953125 0.34453125 0.040625 0.0359375
1 0.56796875 0.34375 0.0296875 0.0390625
1 0.56171875 0.42734375 0.021875 0.0171875