1 0.37421875 0.38046875 0.03984375 0.0390625
1 0.38125 0.43125 0.0453125 0.01328125
1 0.38203125 0.48984375 0.04765625 0.07578125
1 0.4359375 0.4390625 0.04375 0.028125
1 0.43046875 0.484375 0.04609375 0.05859375
1 0.48359375 0.4640625 0.04609375 0.02578125
1 0.47109375 0.503125 0.01796875 0.040625
1 0.50234375 0.496875 0.01796875 0.0265625
1 0.49765625 0.41015625 0.01953125 0.040625
1 0.46796875 0.40546875 0.01796875 0.03984375
1 0.52734375 0.421875 0.02265625 0.0640625
1 0.53671875 0.49296875 0.04765625 0.05078125
1 0.5796875 0.43359375 0.03515625 0.11328125
1 0.61015625 0.42421875 0.009375 0.13203125
1 0.52421875 0.3515625 0.03671875 0.009375
1 0.39921875 0.40390625 0.01875 0.03671875