1 0.371875 0.39140625 0.03984375 0.03828125
1 0.3828125 0.48125 0.0453125 0.09609375
1 0.43359375 0.4453125 0.04140625 0.03125
1 0.43125 0.4984375 0.04296875 0.05390625
1 0.484375 0.44609375 0.01953125 0.009375
1 0.478125 0.471875 0.0296875 0.0109375
1 0.46796875 0.50625 0.0125 0.040625
1 0.50390625 0.49609375 0.01640625 0.075
1 0.52578125 0.4328125 0.02421875 0.0640625
1 0.528125 0.50390625 0.02734375 0.0453125
1 0.553125 0.50390625 0.01328125 0.04609375
1 0.57890625 0.44296875 0.03359375 0.11953125
1 0.496875 0.41953125 0.02109375 0.03515625
1 0.465625 0.41328125 0.015625 0.0359375
1 0.521875 0.35859375 0.0328125 0.01171875
1 0.48203125 0.33828125 0.03203125 0.01328125