1 0.61328125 0.3796875 0.0390625 0.0453125
1 0.61484375 0.46953125 0.05625 0.1
1 0.55703125 0.4390625 0.040625 0.03125
1 0.565625 0.4890625 0.0546875 0.071875
1 0.51796875 0.46875 0.03125 0.021875
1 0.528125 0.50859375 0.021875 0.0390625
1 0.50703125 0.4421875 0.015625 0.015625
1 0.4953125 0.50078125 0.0140625 0.084375
1 0.490625 0.4140625 0.0203125 0.0375
1 0.46328125 0.43046875 0.028125 0.06875
1 0.46875 0.50859375 0.0296875 0.0453125
1 0.44453125 0.50859375 0.01875 0.04375
1 0.41171875 0.45078125 0.040625 0.125
1 0.4578125 0.3625 0.0328125 0.0171875
1 0.50390625 0.34375 0.0375 0.0328125
1 0.54375 0.340625 0.021875 0.015625
1 0.5265625 0.42734375 0.015625 0.0140625