1 0.36875 0.6 0.0453125 0.0421875
1 0.3859375 0.50859375 0.0546875 0.1125
1 0.4359375 0.553125 0.0421875 0.0328125
1 0.4375 0.4953125 0.0546875 0.075
1 0.48671875 0.55625 0.015625 0.021875
1 0.48125 0.5265625 0.0359375 0.0234375
1 0.478125 0.4890625 0.021875 0.05
1 0.46796875 0.5828125 0.01875 0.0421875
1 0.49921875 0.584375 0.0234375 0.05
1 0.5109375 0.50390625 0.021875 0.071875
1 0.53125 0.575 0.034375 0.0625
1 0.53671875 0.5 0.03125 0.0484375
1 0.5609375 0.50390625 0.0265625 0.059375
1 0.58515625 0.56640625 0.0453125 0.1234375
1 0.4328125 0.6578125 0.025 0.0328125
1 0.471875 0.65625 0.034375 0.0296875
1 0.51953125 0.653125 0.034375 0.0421875