1 0.6453125 0.36953125 0.0453125 0.04375
1 0.6390625 0.4625 0.0515625 0.1125
1 0.58203125 0.42265625 0.040625 0.03125
1 0.58515625 0.47890625 0.046875 0.0625
1 0.53203125 0.42890625 0.021875 0.015625
1 0.53046875 0.4546875 0.040625 0.025
1 0.546875 0.496875 0.01875 0.0375
1 0.509375 0.49453125 0.01875 0.040625
1 0.515625 0.39921875 0.015625 0.0375
1 0.484375 0.41328125 0.025 0.06875
1 0.47265625 0.49140625 0.0453125 0.0515625
1 0.42890625 0.4265625 0.0375 0.121875
1 0.4875 0.33828125 0.028125 0.0109375
1 0.54921875 0.39296875 0.015625 0.04375