1 0.3625 0.5859375 0.0484375 0.05
1 0.37578125 0.4921875 0.05625 0.1046875
1 0.42578125 0.5359375 0.0453125 0.0421875
1 0.42890625 0.47890625 0.0546875 0.0703125
1 0.45390625 0.57265625 0.0234375 0.046875
1 0.475 0.54140625 0.015625 0.0171875
1 0.47734375 0.515625 0.0453125 0.0234375
1 0.4671875 0.47578125 0.0203125 0.034375
1 0.4875 0.56953125 0.0203125 0.040625
1 0.50234375 0.4859375 0.0171875 0.0328125
1 0.5171875 0.565625 0.028125 0.0609375
1 0.52578125 0.48984375 0.03125 0.0453125
1 0.5515625 0.490625 0.021875 0.0484375
1 0.57421875 0.5546875 0.0453125 0.1265625
1 0.50625 0.6515625 0.0421875 0.059375
1 0.4625 0.646875 0.046875 0.0546875
1 0.42109375 0.6375 0.0265625 0.04375