1 0.4125 0.6359375 0.0484375 0.053125
1 0.39375 0.54375 0.06875 0.11875
1 0.45390625 0.56484375 0.046875 0.0421875
1 0.4375 0.50859375 0.065625 0.0796875
1 0.49453125 0.5890625 0.0296875 0.05
1 0.503125 0.5484375 0.01875 0.01875
1 0.4890625 0.52734375 0.0328125 0.0265625
1 0.4703125 0.49140625 0.025 0.0390625
1 0.525 0.57578125 0.028125 0.05
1 0.509375 0.5 0.034375 0.0703125
1 0.55078125 0.56015625 0.0328125 0.0578125
1 0.53203125 0.48828125 0.04375 0.065625
1 0.55625 0.47734375 0.028125 0.05
1 0.59921875 0.53203125 0.059375 0.11875
1 0.5671875 0.64296875 0.040625 0.0578125
1 0.52578125 0.6515625 0.0453125 0.0359375
1 0.48515625 0.6625 0.0375 0.0515625