1 0.378125 0.39453125 0.04921875 0.046875
1 0.38046875 0.48515625 0.04765625 0.0984375
1 0.43359375 0.44921875 0.04375 0.034375
1 0.43203125 0.5015625 0.04296875 0.06484375
1 0.465625 0.41796875 0.01640625 0.03828125
1 0.4859375 0.446875 0.0171875 0.015625
1 0.48203125 0.47421875 0.04375 0.02109375
1 0.4703125 0.515625 0.0171875 0.040625
1 0.5046875 0.51171875 0.01640625 0.0390625
1 0.4984375 0.41953125 0.01953125 0.03984375
1 0.52734375 0.43203125 0.025 0.05859375
1 0.528125 0.50703125 0.0234375 0.04921875
1 0.5515625 0.50625 0.01484375 0.04609375
1 0.58125 0.45 0.03515625 0.13359375
1 0.52265625 0.35078125 0.03046875 0.04609375
1 0.48203125 0.3515625 0.034375 0.04140625
1 0.44375 0.35546875 0.01953125 0.02578125