1 0.375 0.396875 0.0375 0.04375
1 0.38046875 0.4890625 0.04453125 0.10078125
1 0.4328125 0.44921875 0.0375 0.03203125
1 0.43125 0.5078125 0.04453125 0.0734375
1 0.4671875 0.42109375 0.01953125 0.03828125
1 0.48515625 0.45390625 0.01953125 0.01171875
1 0.4765625 0.47734375 0.0328125 0.01796875
1 0.46796875 0.515625 0.01640625 0.0390625
1 0.49765625 0.42265625 0.01484375 0.0453125
1 0.50078125 0.5015625 0.01328125 0.06640625
1 0.52734375 0.4359375 0.02421875 0.0640625
1 0.52734375 0.50625 0.028125 0.053125
1 0.553125 0.51484375 0.01484375 0.0484375
1 0.5796875 0.4515625 0.034375 0.125
1 0.5234375 0.359375 0.03203125 0.034375
1 0.4796875 0.3546875 0.03828125 0.0390625
1 0.440625 0.3578125 0.02578125 0.025