1 0.3734375 0.4046875 0.0515625 0.053125
1 0.390625 0.503125 0.0640625 0.1125
1 0.44296875 0.45625 0.05 0.0375
1 0.44609375 0.5125 0.0546875 0.075
1 0.49296875 0.4796875 0.0390625 0.025
1 0.48671875 0.52421875 0.0234375 0.05
1 0.4953125 0.4484375 0.01875 0.0140625
1 0.50703125 0.4203125 0.0203125 0.0390625
1 0.52265625 0.50546875 0.0203125 0.078125
1 0.53984375 0.43046875 0.034375 0.06875
1 0.54921875 0.5109375 0.03125 0.0515625
1 0.575 0.50625 0.01875 0.05625
1 0.596875 0.4375 0.0453125 0.1328125
1 0.528125 0.35546875 0.0359375 0.025
1 0.471875 0.41796875 0.025 0.0484375