1 0.63515625 0.609375 0.046875 0.0421875
1 0.62265625 0.51875 0.0515625 0.1078125
1 0.571875 0.55625 0.040625 0.0234375
1 0.56953125 0.49921875 0.0515625 0.065625
1 0.5203125 0.5578125 0.01875 0.01875
1 0.51953125 0.53359375 0.0453125 0.01875
1 0.534375 0.496875 0.0203125 0.034375
1 0.54140625 0.5890625 0.01875 0.04375
1 0.50703125 0.58515625 0.01875 0.0390625
1 0.496875 0.49453125 0.0171875 0.0359375
1 0.4796875 0.57734375 0.028125 0.0609375
1 0.47109375 0.50234375 0.03125 0.0453125
1 0.44765625 0.49921875 0.0171875 0.040625
1 0.4234375 0.56484375 0.0375 0.1171875
1 0.484375 0.65546875 0.0328125 0.0328125
1 0.5328125 0.6625 0.0359375 0.0109375