1 0.353125 0.61875 0.0515625 0.0578125
1 0.36640625 0.528125 0.059375 0.1203125
1 0.4203125 0.571875 0.0515625 0.0375
1 0.42421875 0.509375 0.0546875 0.0796875
1 0.4515625 0.60234375 0.01875 0.04375
1 0.47421875 0.57265625 0.021875 0.015625
1 0.46953125 0.54765625 0.0390625 0.021875
1 0.4640625 0.5015625 0.0203125 0.046875
1 0.48671875 0.60546875 0.0203125 0.0453125
1 0.5 0.52109375 0.0234375 0.075
1 0.51875 0.590625 0.0296875 0.0609375
1 0.525 0.51484375 0.03125 0.0515625
1 0.55234375 0.51640625 0.01875 0.053125
1 0.5765625 0.58671875 0.0546875 0.1234375
1 0.50625 0.68359375 0.0390625 0.0546875
1 0.459375 0.68203125 0.040625 0.025
1 0.4203125 0.66953125 0.0296875 0.03125