1 0.6421875 0.3984375 0.046875 0.0484375
1 0.62890625 0.49453125 0.05625 0.1125
1 0.57578125 0.45234375 0.04375 0.0359375
1 0.5734375 0.5125 0.0515625 0.078125
1 0.54453125 0.41640625 0.01875 0.0453125
1 0.525 0.44765625 0.0171875 0.0203125
1 0.53125 0.475 0.034375 0.0265625
1 0.53671875 0.51640625 0.0171875 0.0421875
1 0.51015625 0.4203125 0.0203125 0.05
1 0.5015625 0.50078125 0.025 0.075
1 0.48046875 0.43046875 0.0296875 0.0640625
1 0.47421875 0.50859375 0.0328125 0.0515625
1 0.45078125 0.50625 0.021875 0.0484375
1 0.425 0.4375 0.046875 0.1265625
1 0.49140625 0.340625 0.0390625 0.053125
1 0.53515625 0.3453125 0.040625 0.0453125
1 0.58203125 0.3421875 0.0328125 0.0515625