1 0.3765625 0.39375 0.03828125 0.04375
1 0.38203125 0.48671875 0.040625 0.11015625
1 0.43359375 0.45078125 0.03984375 0.03359375
1 0.43203125 0.50859375 0.04765625 0.06953125
1 0.46640625 0.41796875 0.0171875 0.046875
1 0.484375 0.45390625 0.015625 0.01484375
1 0.4765625 0.478125 0.02734375 0.01953125
1 0.4671875 0.51640625 0.01640625 0.03515625
1 0.4984375 0.42265625 0.01640625 0.046875
1 0.503125 0.4984375 0.01640625 0.06796875
1 0.5265625 0.43125 0.01875 0.0546875
1 0.52734375 0.50390625 0.02890625 0.06015625
1 0.55234375 0.5078125 0.015625 0.046875
1 0.5796875 0.44609375 0.03046875 0.11171875
1 0.521875 0.34765625 0.02734375 0.05078125
1 0.4796875 0.35 0.03828125 0.02578125
1 0.43828125 0.35078125 0.025 0.0453125