1 0.37421875 0.38671875 0.04296875 0.04609375
1 0.38046875 0.48046875 0.05 0.10078125
1 0.43359375 0.4421875 0.04296875 0.03046875
1 0.43125 0.49453125 0.04375 0.06640625
1 0.478125 0.46875 0.03515625 0.0203125
1 0.46796875 0.509375 0.01796875 0.04453125
1 0.48359375 0.43984375 0.01640625 0.0109375
1 0.49765625 0.41484375 0.01640625 0.03515625
1 0.503125 0.4953125 0.01171875 0.071875
1 0.5265625 0.42734375 0.02578125 0.06171875
1 0.52734375 0.50234375 0.02421875 0.0453125
1 0.55234375 0.50078125 0.0125 0.0515625
1 0.5796875 0.4390625 0.02890625 0.121875
1 0.52265625 0.35625 0.03203125 0.01953125
1 0.4640625 0.40859375 0.01796875 0.04375