1 0.37421875 0.3984375 0.04296875 0.04375
1 0.38125 0.4921875 0.0453125 0.10078125
1 0.43515625 0.4484375 0.0375 0.034375
1 0.43046875 0.5046875 0.04453125 0.0703125
1 0.46640625 0.41875 0.0140625 0.04609375
1 0.484375 0.4515625 0.01875 0.015625
1 0.478125 0.47578125 0.0328125 0.02109375
1 0.46875 0.515625 0.0140625 0.04140625
1 0.49765625 0.425 0.0125 0.040625
1 0.5046875 0.50078125 0.01484375 0.07109375
1 0.5265625 0.43203125 0.02578125 0.05859375
1 0.5390625 0.50546875 0.04921875 0.05390625
1 0.58046875 0.45078125 0.03671875 0.11875
1 0.52421875 0.34921875 0.03203125 0.053125
1 0.4796875 0.353125 0.0421875 0.04609375
1 0.43984375 0.34921875 0.02578125 0.04921875