1 0.37265625 0.39375 0.040625 0.03671875
1 0.38203125 0.48359375 0.04453125 0.10546875
1 0.434375 0.44453125 0.0390625 0.02890625
1 0.43046875 0.5015625 0.04765625 0.06953125
1 0.48359375 0.44609375 0.01328125 0.0203125
1 0.47578125 0.47421875 0.03359375 0.01953125
1 0.46953125 0.5109375 0.01640625 0.046875
1 0.4671875 0.41875 0.01484375 0.03984375
1 0.49765625 0.41953125 0.01953125 0.046875
1 0.50234375 0.49921875 0.01484375 0.06875
1 0.528125 0.43125 0.028125 0.059375
1 0.52734375 0.50546875 0.0265625 0.0453125
1 0.55078125 0.50390625 0.02109375 0.05546875
1 0.5796875 0.44453125 0.034375 0.11796875
1 0.43984375 0.34296875 0.02109375 0.0296875
1 0.478125 0.3484375 0.03203125 0.02578125
1 0.52421875 0.3546875 0.03046875 0.0390625