1 0.63671875 0.60703125 0.053125 0.0515625
1 0.64921875 0.51796875 0.0671875 0.1125
1 0.58828125 0.5421875 0.0453125 0.040625
1 0.60078125 0.4859375 0.0625 0.0859375
1 0.53671875 0.534375 0.0234375 0.025
1 0.54765625 0.50703125 0.040625 0.0234375
1 0.56328125 0.4703125 0.021875 0.040625
1 0.5484375 0.57109375 0.028125 0.0515625
1 0.51640625 0.5578125 0.021875 0.0421875
1 0.52421875 0.47578125 0.0328125 0.0703125
1 0.4875 0.5375 0.0359375 0.065625
1 0.5015625 0.46328125 0.0375 0.0484375
1 0.47578125 0.46015625 0.025 0.05
1 0.43515625 0.51484375 0.0578125 0.128125
1 0.47265625 0.63515625 0.04375 0.0609375
1 0.5171875 0.63515625 0.0484375 0.0515625
1 0.55859375 0.6484375 0.034375 0.0515625