1 0.375 0.39296875 0.04609375 0.03828125
1 0.38125 0.48515625 0.04765625 0.1
1 0.43359375 0.44765625 0.03984375 0.02890625
1 0.43046875 0.5015625 0.04453125 0.06875
1 0.48359375 0.44921875 0.015625 0.01640625
1 0.47890625 0.47421875 0.0359375 0.0234375
1 0.46953125 0.5140625 0.01796875 0.04453125
1 0.496875 0.41875 0.0171875 0.03984375
1 0.46640625 0.415625 0.01953125 0.04375
1 0.503125 0.4984375 0.01484375 0.06171875
1 0.52578125 0.434375 0.02265625 0.05546875
1 0.528125 0.50625 0.028125 0.04453125
1 0.55390625 0.50625 0.01796875 0.0453125
1 0.58203125 0.44375 0.04140625 0.115625
1 0.525 0.35625 0.03046875 0.03203125
1 0.47734375 0.34765625 0.02890625 0.025