1 0.38984375 0.60390625 0.0453125 0.05
1 0.38515625 0.509375 0.05625 0.1125
1 0.44453125 0.5421875 0.040625 0.040625
1 0.43671875 0.48515625 0.05625 0.078125
1 0.4828125 0.57265625 0.021875 0.0484375
1 0.496875 0.5359375 0.0171875 0.0109375
1 0.4875 0.5109375 0.034375 0.025
1 0.475 0.471875 0.0203125 0.046875
1 0.5140625 0.565625 0.021875 0.0484375
1 0.5125 0.48046875 0.025 0.0796875
1 0.54296875 0.55 0.0328125 0.0703125
1 0.5375 0.47421875 0.0296875 0.0578125
1 0.5625 0.4703125 0.021875 0.0578125
1 0.5984375 0.53046875 0.04375 0.125
1 0.546875 0.63515625 0.0390625 0.0578125
1 0.50390625 0.6375 0.040625 0.040625
1 0.46171875 0.64453125 0.03125 0.05