1 0.39296875 0.68125 0.05625 0.0625
1 0.37578125 0.575 0.071875 0.11875
1 0.43125 0.5625 0.06875 0.115625
1 0.49375 0.596875 0.028125 0.0265625
1 0.4890625 0.56953125 0.0515625 0.0328125
1 0.4640625 0.53046875 0.028125 0.046875
1 0.4984375 0.51796875 0.03125 0.0578125
1 0.5359375 0.521875 0.0578125 0.0515625
1 0.54140625 0.60234375 0.040625 0.0765625
1 0.51171875 0.62265625 0.0296875 0.0421875
1 0.5984375 0.57890625 0.0609375 0.134375
1 0.55078125 0.68046875 0.04375 0.028125
1 0.4765625 0.62265625 0.0203125 0.0203125
1 0.50859375 0.7046875 0.0421875 0.0296875