1 0.36640625 0.38671875 0.0515625 0.05
1 0.38671875 0.48125 0.0640625 0.1171875
1 0.43671875 0.43671875 0.04375 0.0328125
1 0.44140625 0.49453125 0.0578125 0.071875
1 0.4640625 0.4046875 0.0234375 0.04375
1 0.4890625 0.43359375 0.0203125 0.01875
1 0.4828125 0.45859375 0.0359375 0.0234375
1 0.48125 0.5015625 0.021875 0.0453125
1 0.5140625 0.47890625 0.025 0.078125
1 0.496875 0.3984375 0.021875 0.0390625
1 0.53046875 0.409375 0.03125 0.06875
1 0.540625 0.484375 0.034375 0.0578125
1 0.56484375 0.47890625 0.028125 0.0609375
1 0.5890625 0.42421875 0.05 0.1375
1 0.51640625 0.32890625 0.034375 0.0375
1 0.47421875 0.3296875 0.0453125 0.04375
1 0.43203125 0.334375 0.034375 0.0484375