1 0.396875 0.63125 0.046875 0.0484375
1 0.38671875 0.53984375 0.0625 0.10625
1 0.4453125 0.5640625 0.0453125 0.0375
1 0.43203125 0.5140625 0.05625 0.06875
1 0.49296875 0.55625 0.01875 0.0171875
1 0.47890625 0.528125 0.0359375 0.025
1 0.4640625 0.49375 0.021875 0.0421875
1 0.50234375 0.50390625 0.0296875 0.0671875
1 0.48125 0.5875 0.021875 0.0375
1 0.51171875 0.57890625 0.021875 0.0359375
1 0.5390625 0.5625 0.034375 0.059375
1 0.525 0.490625 0.034375 0.0484375
1 0.54765625 0.48359375 0.025 0.0421875
1 0.5890625 0.53828125 0.0546875 0.1125
1 0.55234375 0.6421875 0.034375 0.0390625
1 0.5109375 0.65703125 0.0390625 0.0234375
1 0.4703125 0.659375 0.028125 0.0375