1 0.37421875 0.396875 0.0453125 0.046875
1 0.3796875 0.48984375 0.04921875 0.1015625
1 0.43359375 0.45 0.03828125 0.03671875
1 0.43046875 0.51015625 0.0453125 0.0796875
1 0.465625 0.4203125 0.0140625 0.04453125
1 0.484375 0.45 0.015625 0.01875
1 0.48359375 0.478125 0.04453125 0.021875
1 0.46875 0.51640625 0.01640625 0.0359375
1 0.50390625 0.515625 0.01328125 0.04296875
1 0.4984375 0.41953125 0.01484375 0.04375
1 0.52734375 0.4359375 0.025 0.05703125
1 0.528125 0.50390625 0.02734375 0.0546875
1 0.55234375 0.51015625 0.0140625 0.04296875
1 0.5796875 0.45 0.03828125 0.1203125
1 0.52421875 0.34921875 0.034375 0.059375
1 0.4828125 0.35078125 0.03359375 0.04140625
1 0.4375 0.35 0.02265625 0.0515625