1 0.3234375 0.4109375 0.0484375 0.05
1 0.334375 0.51171875 0.053125 0.1109375
1 0.390625 0.46328125 0.0421875 0.0390625
1 0.38828125 0.52421875 0.05 0.078125
1 0.42421875 0.42890625 0.0171875 0.05
1 0.44453125 0.4640625 0.0203125 0.0171875
1 0.4390625 0.490625 0.0375 0.025
1 0.4296875 0.534375 0.0171875 0.0453125
1 0.4578125 0.43515625 0.0140625 0.0453125
1 0.46875 0.51640625 0.01875 0.078125
1 0.48984375 0.44140625 0.0296875 0.0640625
1 0.50546875 0.52109375 0.05625 0.0609375
1 0.5484375 0.46015625 0.04375 0.1296875
1 0.48359375 0.35234375 0.0359375 0.0578125
1 0.4359375 0.3578125 0.0484375 0.0515625
1 0.39140625 0.35546875 0.0296875 0.0546875