1 0.64296875 0.40234375 0.053125 0.046875
1 0.6234375 0.49375 0.0625 0.1046875
1 0.5765625 0.45078125 0.0484375 0.0359375
1 0.56875 0.50234375 0.0578125 0.075
1 0.521875 0.46953125 0.046875 0.0296875
1 0.5296875 0.51015625 0.01875 0.0375
1 0.515625 0.4140625 0.0203125 0.04375
1 0.52265625 0.4453125 0.01875 0.0109375
1 0.4859375 0.42109375 0.028125 0.059375
1 0.4703125 0.49609375 0.028125 0.0484375
1 0.49765625 0.50703125 0.021875 0.0421875
1 0.446875 0.4953125 0.0203125 0.04375
1 0.4296875 0.4265625 0.05 0.1203125
1 0.49921875 0.35390625 0.0359375 0.0234375
1 0.546875 0.41484375 0.0234375 0.0453125