1 0.35 0.578125 0.05 0.0546875
1 0.37890625 0.48203125 0.0703125 0.1109375
1 0.425 0.53828125 0.046875 0.0453125
1 0.434375 0.47890625 0.0609375 0.0828125
1 0.4734375 0.54375 0.0234375 0.0203125
1 0.471875 0.51796875 0.0390625 0.025
1 0.475 0.475 0.0234375 0.04375
1 0.4515625 0.57421875 0.0234375 0.0421875
1 0.48359375 0.57578125 0.0234375 0.040625
1 0.50703125 0.5 0.0328125 0.0796875
1 0.5140625 0.56953125 0.0328125 0.0671875
1 0.53203125 0.5 0.0375 0.053125
1 0.55859375 0.50390625 0.0265625 0.0453125
1 0.57109375 0.5734375 0.053125 0.1203125
1 0.4953125 0.653125 0.0359375 0.0375
1 0.44765625 0.65546875 0.040625 0.0234375
1 0.40703125 0.63984375 0.03125 0.04375