1 0.37265625 0.396875 0.034375 0.034375
1 0.38203125 0.48671875 0.0421875 0.096875
1 0.43515625 0.4484375 0.03984375 0.02421875
1 0.43203125 0.5 0.04609375 0.0703125
1 0.48203125 0.475 0.04765625 0.01875
1 0.48515625 0.446875 0.015625 0.015625
1 0.46953125 0.51328125 0.0171875 0.03671875
1 0.503125 0.50859375 0.01484375 0.0234375
1 0.52578125 0.4359375 0.01875 0.0640625
1 0.52734375 0.50703125 0.02421875 0.04140625
1 0.5515625 0.50703125 0.0140625 0.05
1 0.4953125 0.41640625 0.015625 0.03515625
1 0.465625 0.43125 0.01796875 0.01328125
1 0.58046875 0.45078125 0.03359375 0.12109375
1 0.52421875 0.35234375 0.03046875 0.02890625
1 0.4828125 0.3421875 0.03359375 0.0140625