1 0.3734375 0.4 0.04296875 0.04453125
1 0.38125 0.490625 0.04765625 0.09921875
1 0.43359375 0.4546875 0.03828125 0.02578125
1 0.4328125 0.50546875 0.0453125 0.06640625
1 0.48359375 0.45234375 0.01953125 0.00859375
1 0.47734375 0.4796875 0.0328125 0.01875
1 0.46875 0.51640625 0.01640625 0.03359375
1 0.503125 0.49921875 0.0140625 0.06875
1 0.496875 0.42421875 0.01640625 0.04375
1 0.4640625 0.42109375 0.01796875 0.03671875
1 0.52578125 0.43671875 0.02265625 0.06484375
1 0.528125 0.50859375 0.0265625 0.05
1 0.55078125 0.51015625 0.01484375 0.04296875
1 0.5796875 0.45078125 0.03046875 0.1234375
1 0.48203125 0.35390625 0.0390625 0.03984375
1 0.5234375 0.35078125 0.0296875 0.05625
1 0.43984375 0.35390625 0.02265625 0.03984375