1 0.37578125 0.39453125 0.040625 0.04375
1 0.38203125 0.4875 0.04609375 0.103125
1 0.43515625 0.446875 0.04140625 0.034375
1 0.4328125 0.503125 0.046875 0.071875
1 0.46796875 0.41796875 0.01875 0.0359375
1 0.48359375 0.446875 0.01640625 0.0140625
1 0.4765625 0.47109375 0.0296875 0.01640625
1 0.46796875 0.51328125 0.01875 0.04140625
1 0.4984375 0.41953125 0.015625 0.0359375
1 0.50234375 0.496875 0.01484375 0.06953125
1 0.5265625 0.434375 0.02265625 0.0609375
1 0.528125 0.50546875 0.02734375 0.05
1 0.55234375 0.5046875 0.01484375 0.0515625
1 0.57890625 0.45625 0.03671875 0.13515625
1 0.52265625 0.353125 0.03125 0.03671875
1 0.47734375 0.3484375 0.03671875 0.0265625
1 0.440625 0.3546875 0.02265625 0.03359375