1 0.6453125 0.57734375 0.046875 0.04375
1 0.61484375 0.490625 0.0671875 0.1078125
1 0.56953125 0.53671875 0.040625 0.0359375
1 0.56328125 0.4828125 0.0609375 0.0796875
1 0.521875 0.5453125 0.0234375 0.01875
1 0.525 0.521875 0.034375 0.0265625
1 0.521875 0.4796875 0.025 0.040625
1 0.48984375 0.4984375 0.028125 0.0765625
1 0.48203125 0.56875 0.0375 0.0703125
1 0.4671875 0.49765625 0.0375 0.0609375
1 0.440625 0.50078125 0.0265625 0.05
1 0.428125 0.56953125 0.053125 0.115625
1 0.51171875 0.57265625 0.025 0.05
1 0.54609375 0.57578125 0.0296875 0.040625
1 0.58984375 0.64375 0.0296875 0.0390625
1 0.546875 0.6484375 0.0421875 0.034375
1 0.503125 0.6515625 0.046875 0.0515625