1 0.37578125 0.39296875 0.04296875 0.04375
1 0.37890625 0.48671875 0.04765625 0.10390625
1 0.4328125 0.446875 0.0421875 0.03359375
1 0.43125 0.5015625 0.0453125 0.06640625
1 0.48359375 0.4453125 0.01484375 0.01640625
1 0.48359375 0.47578125 0.0421875 0.01796875
1 0.46875 0.51171875 0.01328125 0.0390625
1 0.5015625 0.51171875 0.01328125 0.0390625
1 0.49765625 0.42109375 0.01484375 0.04140625
1 0.465625 0.4171875 0.01640625 0.04375
1 0.5265625 0.43359375 0.01953125 0.05859375
1 0.5265625 0.50625 0.02578125 0.04453125
1 0.5515625 0.50625 0.0171875 0.04453125
1 0.57890625 0.44453125 0.03046875 0.121875
1 0.5234375 0.34375 0.03125 0.04921875
1 0.4828125 0.35078125 0.03671875 0.03984375
1 0.43984375 0.35625 0.02109375 0.0296875