1 0.38515625 0.62109375 0.0484375 0.046875
1 0.384375 0.528125 0.0609375 0.1125
1 0.440625 0.55859375 0.0421875 0.03125
1 0.4328125 0.503125 0.0546875 0.06875
1 0.4734375 0.5828125 0.021875 0.0421875
1 0.49140625 0.55078125 0.01875 0.01875
1 0.48046875 0.528125 0.034375 0.021875
1 0.46875 0.4875 0.0203125 0.04375
1 0.5046875 0.50234375 0.0234375 0.075
1 0.50625 0.58203125 0.0203125 0.0359375
1 0.5359375 0.5640625 0.0296875 0.065625
1 0.52890625 0.49140625 0.0328125 0.05625
1 0.553125 0.49140625 0.025 0.059375
1 0.58828125 0.53671875 0.046875 0.1328125
1 0.53984375 0.64375 0.0328125 0.0359375
1 0.49921875 0.65078125 0.04375 0.0421875
1 0.45859375 0.65703125 0.0328125 0.046875