1 0.37578125 0.3765625 0.04296875 0.0515625
1 0.38046875 0.478125 0.04765625 0.10390625
1 0.43203125 0.47890625 0.04609375 0.10078125
1 0.484375 0.43671875 0.02265625 0.0203125
1 0.484375 0.46171875 0.04453125 0.021875
1 0.46875 0.503125 0.01953125 0.04140625
1 0.50234375 0.50859375 0.01953125 0.0515625
1 0.5359375 0.49765625 0.04609375 0.03984375
1 0.5265625 0.4234375 0.0265625 0.06640625
1 0.49609375 0.409375 0.0203125 0.0359375
1 0.5828125 0.434375 0.03515625 0.1203125
1 0.521875 0.35078125 0.03671875 0.01953125
1 0.4640625 0.41640625 0.01640625 0.01640625
1 0.478125 0.3359375 0.03515625 0.02109375