1 0.39765625 0.63671875 0.0515625 0.0578125
1 0.378125 0.53828125 0.0765625 0.121875
1 0.44296875 0.56640625 0.04375 0.0375
1 0.4265625 0.50859375 0.06875 0.090625
1 0.48359375 0.58671875 0.0265625 0.046875
1 0.49453125 0.54921875 0.01875 0.015625
1 0.48203125 0.528125 0.0375 0.0265625
1 0.4609375 0.490625 0.025 0.0421875
1 0.5140625 0.57265625 0.0265625 0.0484375
1 0.5 0.4953125 0.0296875 0.06875
1 0.540625 0.553125 0.0375 0.06875
1 0.5234375 0.48203125 0.040625 0.0578125
1 0.54765625 0.4765625 0.0296875 0.0546875
1 0.58984375 0.52265625 0.0703125 0.1375
1 0.559375 0.64453125 0.046875 0.059375
1 0.51875 0.659375 0.04375 0.0328125
1 0.475 0.6609375 0.0375 0.046875