1 0.6390625 0.4015625 0.0453125 0.046875
1 0.62421875 0.49453125 0.0546875 0.1078125
1 0.57421875 0.4484375 0.04375 0.0375
1 0.571875 0.50546875 0.053125 0.0765625
1 0.54375 0.4171875 0.021875 0.0375
1 0.525 0.44453125 0.01875 0.015625
1 0.53125 0.46953125 0.03125 0.0203125
1 0.53515625 0.51328125 0.021875 0.04375
1 0.5125 0.41640625 0.01875 0.0375
1 0.50234375 0.49296875 0.021875 0.071875
1 0.48359375 0.428125 0.028125 0.0640625
1 0.47578125 0.49921875 0.03125 0.053125
1 0.45078125 0.496875 0.01875 0.053125
1 0.42890625 0.44609375 0.05 0.1390625
1 0.49453125 0.346875 0.034375 0.040625
1 0.53984375 0.34609375 0.0390625 0.0296875
1 0.57734375 0.35546875 0.0265625 0.0359375