1 0.37578125 0.39140625 0.04375 0.04296875
1 0.3796875 0.4859375 0.04921875 0.09609375
1 0.43359375 0.4484375 0.04375 0.03671875
1 0.43046875 0.5015625 0.04453125 0.065625
1 0.46640625 0.41640625 0.01640625 0.0390625
1 0.4828125 0.44765625 0.01796875 0.0140625
1 0.47734375 0.47421875 0.02890625 0.021875
1 0.46953125 0.5125 0.015625 0.0453125
1 0.496875 0.41875 0.0203125 0.034375
1 0.503125 0.4984375 0.01484375 0.0703125
1 0.52578125 0.434375 0.02421875 0.0640625
1 0.52890625 0.50703125 0.02265625 0.04296875
1 0.55390625 0.50703125 0.01953125 0.05078125
1 0.58125 0.4390625 0.0328125 0.11328125
1 0.52265625 0.35390625 0.0265625 0.02578125
1 0.47890625 0.3421875 0.03046875 0.015625
1 0.51953125 0.328125 0.02109375 0.009375