1 0.3734375 0.38828125 0.04453125 0.03984375
1 0.38046875 0.478125 0.04453125 0.1046875
1 0.4328125 0.44375 0.0390625 0.02109375
1 0.43203125 0.49921875 0.046875 0.06171875
1 0.48359375 0.44453125 0.01796875 0.01796875
1 0.4828125 0.46875 0.04453125 0.015625
1 0.46640625 0.5046875 0.01796875 0.03359375
1 0.4640625 0.41328125 0.0171875 0.04296875
1 0.49765625 0.41875 0.01640625 0.03828125
1 0.50390625 0.5078125 0.01484375 0.034375
1 0.52421875 0.42734375 0.02421875 0.05859375
1 0.52890625 0.50234375 0.02890625 0.04375
1 0.5515625 0.50703125 0.01484375 0.03984375
1 0.57890625 0.44296875 0.03203125 0.11484375
1 0.5234375 0.35078125 0.0296875 0.03125
1 0.4765625 0.34140625 0.03515625 0.00859375