1 0.63046875 0.61875 0.0515625 0.046875
1 0.63671875 0.52421875 0.0578125 0.1078125
1 0.5765625 0.55703125 0.0453125 0.0375
1 0.5859375 0.5015625 0.05625 0.0828125
1 0.525 0.55078125 0.021875 0.015625
1 0.53828125 0.52578125 0.0359375 0.025
1 0.55 0.4859375 0.0234375 0.0484375
1 0.5140625 0.4953125 0.0234375 0.075
1 0.50625 0.57734375 0.025 0.05
1 0.540625 0.58359375 0.0234375 0.040625
1 0.4828125 0.528125 0.0421875 0.13125
1 0.4625 0.478125 0.01875 0.0453125
1 0.4265625 0.53515625 0.0515625 0.1390625
1 0.47265625 0.6453125 0.034375 0.040625
1 0.51484375 0.65078125 0.0421875 0.0375
1 0.55625 0.6515625 0.028125 0.034375