1 0.37421875 0.39375 0.04453125 0.0453125
1 0.38046875 0.49140625 0.04375 0.1
1 0.434375 0.4515625 0.03828125 0.0390625
1 0.4328125 0.50859375 0.0453125 0.0609375
1 0.465625 0.41875 0.0171875 0.04375
1 0.4828125 0.453125 0.01640625 0.00703125
1 0.47734375 0.47890625 0.02890625 0.015625
1 0.46953125 0.515625 0.01640625 0.034375
1 0.4984375 0.428125 0.01796875 0.046875
1 0.50390625 0.50546875 0.01640625 0.075
1 0.5265625 0.43828125 0.02265625 0.06328125
1 0.5296875 0.51015625 0.02734375 0.0484375
1 0.553125 0.51328125 0.01796875 0.040625
1 0.58046875 0.44921875 0.0296875 0.11484375
1 0.52421875 0.346875 0.03046875 0.05546875
1 0.4828125 0.35625 0.04140625 0.04609375
1 0.44140625 0.34609375 0.02578125 0.0515625