1 0.39921875 0.64140625 0.0546875 0.0546875
1 0.38359375 0.5421875 0.0671875 0.109375
1 0.44609375 0.56953125 0.046875 0.046875
1 0.43125 0.5140625 0.059375 0.071875
1 0.48515625 0.59453125 0.0265625 0.046875
1 0.49375 0.5578125 0.01875 0.0109375
1 0.4828125 0.5328125 0.0328125 0.0234375
1 0.4671875 0.49921875 0.0234375 0.0375
1 0.515625 0.578125 0.028125 0.0515625
1 0.50234375 0.50078125 0.034375 0.078125
1 0.540625 0.5625 0.0375 0.0671875
1 0.52734375 0.48984375 0.0375 0.0546875
1 0.55 0.48203125 0.028125 0.0453125
1 0.5921875 0.5390625 0.05625 0.1203125
1 0.56015625 0.653125 0.0421875 0.0625
1 0.5171875 0.653125 0.0515625 0.0546875
1 0.47734375 0.67265625 0.0375 0.0578125