1 0.62578125 0.625 0.05 0.05625
1 0.6390625 0.53203125 0.0703125 0.1125
1 0.5765625 0.559375 0.0484375 0.04375
1 0.59140625 0.50234375 0.0640625 0.0828125
1 0.5375 0.5859375 0.025 0.040625
1 0.5265625 0.54921875 0.0234375 0.0203125
1 0.5375 0.5234375 0.034375 0.0265625
1 0.553125 0.484375 0.021875 0.040625
1 0.5046875 0.575 0.0234375 0.0421875
1 0.515625 0.49453125 0.0296875 0.0765625
1 0.4796875 0.5515625 0.0390625 0.0703125
1 0.490625 0.48046875 0.0359375 0.0578125
1 0.46875 0.47578125 0.0296875 0.0578125
1 0.42734375 0.53359375 0.0609375 0.1234375
1 0.4640625 0.6453125 0.04375 0.0609375
1 0.51015625 0.646875 0.05 0.04375
1 0.55 0.659375 0.0328125 0.0515625