1 0.3765625 0.4046875 0.04140625 0.04296875
1 0.3828125 0.49453125 0.04921875 0.1046875
1 0.43515625 0.45703125 0.03515625 0.034375
1 0.43203125 0.51171875 0.04453125 0.06484375
1 0.46484375 0.428125 0.01875 0.03515625
1 0.4859375 0.45546875 0.01796875 0.01171875
1 0.47734375 0.484375 0.03359375 0.01953125
1 0.4703125 0.52109375 0.01484375 0.03671875
1 0.4984375 0.428125 0.01640625 0.0390625
1 0.503125 0.496875 0.01640625 0.0515625
1 0.52734375 0.4421875 0.02421875 0.065625
1 0.53984375 0.51484375 0.0453125 0.05390625
1 0.5828125 0.4515625 0.03828125 0.115625
1 0.5234375 0.35390625 0.0328125 0.05546875
1 0.48203125 0.3546875 0.03828125 0.040625
1 0.43828125 0.3515625 0.02734375 0.053125
1 0.39453125 0.328125 0.01796875 0.015625