1 0.64453125 0.43515625 0.0484375 0.059375
1 0.62421875 0.52890625 0.0578125 0.103125
1 0.57890625 0.47890625 0.04375 0.034375
1 0.571875 0.53984375 0.059375 0.0734375
1 0.54765625 0.44296875 0.0203125 0.04375
1 0.51484375 0.44375 0.025 0.04375
1 0.525 0.4765625 0.0203125 0.01875
1 0.5234375 0.5 0.0453125 0.0296875
1 0.53203125 0.540625 0.0234375 0.04375
1 0.50078125 0.53671875 0.021875 0.04375
1 0.484375 0.45078125 0.034375 0.0765625
1 0.46171875 0.5265625 0.0578125 0.053125
1 0.4265625 0.45859375 0.046875 0.125
1 0.49921875 0.3625 0.046875 0.0671875
1 0.54375 0.3703125 0.0421875 0.05
1 0.58359375 0.371875 0.0328125 0.05625
1 0.63359375 0.3578125 0.0296875 0.0171875