1 0.61953125 0.59765625 0.0453125 0.0453125
1 0.61640625 0.5125 0.0484375 0.1
1 0.56328125 0.54609375 0.0515625 0.034375
1 0.56484375 0.48828125 0.0515625 0.0703125
1 0.50859375 0.54140625 0.01875 0.01875
1 0.51875 0.51796875 0.0296875 0.015625
1 0.52578125 0.47890625 0.0125 0.040625
1 0.4921875 0.56953125 0.015625 0.0375
1 0.49140625 0.49609375 0.021875 0.065625
1 0.4671875 0.55859375 0.0265625 0.065625
1 0.465625 0.484375 0.0265625 0.0625
1 0.44140625 0.4828125 0.0234375 0.05625
1 0.4125 0.5453125 0.0359375 0.1140625
1 0.4046875 0.4734375 0.0140625 0.0109375
1 0.46484375 0.6421875 0.03125 0.04375
1 0.50859375 0.65234375 0.0359375 0.0203125
1 0.54921875 0.64140625 0.0265625 0.0359375
1 0.52578125 0.57578125 0.0203125 0.0421875