1 0.3734375 0.390625 0.04453125 0.04296875
1 0.38125 0.48359375 0.04921875 0.10859375
1 0.434375 0.446875 0.03984375 0.0265625
1 0.43203125 0.503125 0.04765625 0.06328125
1 0.4640625 0.41953125 0.01796875 0.040625
1 0.484375 0.45 0.0171875 0.01640625
1 0.47578125 0.4734375 0.03203125 0.01875
1 0.46953125 0.5140625 0.015625 0.04140625
1 0.503125 0.49609375 0.01640625 0.07421875
1 0.496875 0.41796875 0.01640625 0.03515625
1 0.52734375 0.43203125 0.02265625 0.06328125
1 0.528125 0.5046875 0.02578125 0.05390625
1 0.55234375 0.5015625 0.01953125 0.05703125
1 0.58203125 0.453125 0.03359375 0.12890625
1 0.5234375 0.353125 0.0296875 0.03203125
1 0.4828125 0.34921875 0.03984375 0.03828125
1 0.44140625 0.3484375 0.02734375 0.04375