1 0.421875 0.60078125 0.0625 0.059375
1 0.40546875 0.5046875 0.0703125 0.1125
1 0.46953125 0.53125 0.053125 0.0453125
1 0.45625 0.47734375 0.0578125 0.0765625
1 0.509375 0.55859375 0.025 0.04375
1 0.52421875 0.52421875 0.021875 0.0203125
1 0.51484375 0.4953125 0.05 0.03125
1 0.49375 0.4546875 0.0265625 0.046875
1 0.53046875 0.4515625 0.025 0.04375
1 0.54296875 0.55 0.028125 0.0453125
1 0.57109375 0.53125 0.0375 0.0671875
1 0.55703125 0.45234375 0.034375 0.05625
1 0.58125 0.44765625 0.025 0.0515625
1 0.62421875 0.5015625 0.065625 0.146875
1 0.5828125 0.61796875 0.0421875 0.0546875
1 0.53984375 0.625 0.0453125 0.05
1 0.49921875 0.62890625 0.025 0.03125