1 0.37265625 0.37265625 0.0515625 0.0421875
1 0.37578125 0.4875 0.05 0.071875
1 0.4359375 0.43359375 0.04375 0.0375
1 0.4296875 0.49296875 0.0484375 0.075
1 0.4796875 0.46171875 0.0328125 0.0328125
1 0.46875 0.5078125 0.021875 0.05625
1 0.50546875 0.49296875 0.0171875 0.0765625
1 0.50546875 0.40546875 0.0171875 0.0453125
1 0.53515625 0.4203125 0.0265625 0.065625
1 0.534375 0.5015625 0.0296875 0.05625
1 0.55859375 0.5046875 0.0171875 0.0421875
1 0.5890625 0.4390625 0.0421875 0.1296875
1 0.534375 0.34609375 0.04375 0.01875
1 0.471875 0.4046875 0.01875 0.0421875