1 0.375 0.3890625 0.04609375 0.040625
1 0.38125 0.48046875 0.0484375 0.096875
1 0.4328125 0.44453125 0.04296875 0.0296875
1 0.4328125 0.49609375 0.04765625 0.06796875
1 0.4828125 0.4703125 0.04375 0.02421875
1 0.4703125 0.509375 0.0140625 0.03515625
1 0.496875 0.4171875 0.01484375 0.04140625
1 0.4859375 0.446875 0.0171875 0.009375
1 0.525 0.428125 0.01953125 0.05625
1 0.5296875 0.503125 0.02265625 0.04453125
1 0.5015625 0.509375 0.01640625 0.03984375
1 0.55234375 0.50625 0.0140625 0.04140625
1 0.578125 0.440625 0.0328125 0.11484375
1 0.5203125 0.3609375 0.03359375 0.01875
1 0.46640625 0.4140625 0.0171875 0.04296875