1 0.32578125 0.41328125 0.05 0.05
1 0.34609375 0.4625 0.05 0.025
1 0.3625 0.52109375 0.06875 0.090625
1 0.40390625 0.45546875 0.0515625 0.040625
1 0.4109375 0.50390625 0.0625 0.071875
1 0.459375 0.46796875 0.053125 0.0390625
1 0.45703125 0.5109375 0.0296875 0.046875
1 0.48671875 0.49609375 0.025 0.03125
1 0.4578125 0.409375 0.03125 0.046875
1 0.42734375 0.4125 0.028125 0.0453125
1 0.4921875 0.41328125 0.040625 0.0703125
1 0.5203125 0.4828125 0.0625 0.0640625
1 0.54765625 0.4109375 0.065625 0.1234375
1 0.5765625 0.39375 0.0453125 0.1375
1 0.46953125 0.34296875 0.0390625 0.01875
1 0.3578125 0.4296875 0.0296875 0.0421875