1 0.35859375 0.6171875 0.0484375 0.0484375
1 0.37109375 0.5234375 0.0578125 0.109375
1 0.42265625 0.5671875 0.0453125 0.028125
1 0.425 0.5171875 0.0546875 0.0765625
1 0.471875 0.5734375 0.0328125 0.0234375
1 0.48203125 0.52109375 0.0578125 0.06875
1 0.4859375 0.59921875 0.0203125 0.040625
1 0.51640625 0.5890625 0.03125 0.0734375
1 0.53828125 0.51484375 0.0546875 0.0578125
1 0.575 0.575 0.0484375 0.1375
1 0.60390625 0.5875 0.021875 0.15625
1 0.51171875 0.66015625 0.0375 0.0140625
1 0.50703125 0.68203125 0.0328125 0.0125
1 0.4640625 0.66796875 0.040625 0.0390625
1 0.42265625 0.6609375 0.025 0.0296875
1 0.4515625 0.60390625 0.01875 0.0484375