1 0.63828125 0.59609375 0.0515625 0.053125
1 0.61796875 0.54453125 0.0484375 0.0296875
1 0.60625 0.4890625 0.06875 0.0890625
1 0.56640625 0.54453125 0.059375 0.0625
1 0.5515625 0.49140625 0.0578125 0.0546875
1 0.51015625 0.5390625 0.053125 0.0359375
1 0.5125 0.496875 0.028125 0.04375
1 0.53984375 0.59453125 0.028125 0.0546875
1 0.509375 0.59609375 0.028125 0.0515625
1 0.4765625 0.5921875 0.0421875 0.06875
1 0.44609375 0.5234375 0.059375 0.059375
1 0.41484375 0.58828125 0.0671875 0.140625
1 0.49921875 0.66171875 0.028125 0.0171875
1 0.3921875 0.62421875 0.0328125 0.10625