1 0.375 0.39609375 0.04375 0.05
1 0.3796875 0.49296875 0.04765625 0.10546875
1 0.434375 0.44921875 0.0375 0.0296875
1 0.43125 0.50703125 0.04765625 0.08125
1 0.48359375 0.45078125 0.021875 0.02109375
1 0.47578125 0.47578125 0.028125 0.02109375
1 0.46953125 0.515625 0.01640625 0.03984375
1 0.465625 0.42109375 0.01640625 0.04453125
1 0.49765625 0.42265625 0.01796875 0.03203125
1 0.503125 0.503125 0.01640625 0.07421875
1 0.52890625 0.43671875 0.025 0.07421875
1 0.52734375 0.51171875 0.02578125 0.0453125
1 0.55234375 0.51328125 0.01328125 0.0390625
1 0.5796875 0.44765625 0.03046875 0.11953125
1 0.5234375 0.35703125 0.03203125 0.04296875
1 0.48359375 0.35 0.03828125 0.0390625
1 0.440625 0.353125 0.02421875 0.03515625