1 0.37578125 0.396875 0.040625 0.0390625
1 0.3796875 0.48984375 0.046875 0.09609375
1 0.4359375 0.45 0.03828125 0.03359375
1 0.43125 0.503125 0.0421875 0.06015625
1 0.46328125 0.42578125 0.01328125 0.040625
1 0.484375 0.4515625 0.01171875 0.01796875
1 0.47578125 0.47578125 0.03046875 0.01875
1 0.46953125 0.51796875 0.01796875 0.04296875
1 0.496875 0.42421875 0.01484375 0.04453125
1 0.49921875 0.49375 0.01328125 0.0453125
1 0.52578125 0.43828125 0.02265625 0.05859375
1 0.52734375 0.5109375 0.025 0.04140625
1 0.5515625 0.51484375 0.01328125 0.03671875
1 0.5796875 0.4484375 0.03046875 0.11875
1 0.52265625 0.36015625 0.03203125 0.028125
1 0.47421875 0.34921875 0.02265625 0.0234375
1 0.44140625 0.35234375 0.02109375 0.0265625