1 0.375 0.3953125 0.03984375 0.04453125
1 0.37890625 0.48671875 0.0453125 0.10546875
1 0.43359375 0.44921875 0.03671875 0.0359375
1 0.43046875 0.50625 0.04921875 0.07109375
1 0.4671875 0.41796875 0.01796875 0.04609375
1 0.484375 0.4515625 0.015625 0.009375
1 0.47734375 0.47578125 0.03203125 0.021875
1 0.46875 0.515625 0.01640625 0.04453125
1 0.4984375 0.421875 0.01796875 0.0453125
1 0.503125 0.5046875 0.0171875 0.07578125
1 0.52734375 0.43359375 0.02578125 0.065625
1 0.528125 0.5078125 0.0234375 0.0546875
1 0.553125 0.509375 0.015625 0.0546875
1 0.58203125 0.4484375 0.03203125 0.11875
1 0.52421875 0.3515625 0.03359375 0.053125
1 0.4828125 0.353125 0.0359375 0.0359375
1 0.440625 0.34921875 0.02578125 0.046875