1 0.3734375 0.3859375 0.04296875 0.04140625
1 0.3796875 0.47421875 0.04921875 0.10625
1 0.43359375 0.43671875 0.03828125 0.03046875
1 0.43125 0.490625 0.0453125 0.06015625
1 0.48203125 0.4421875 0.02109375 0.0140625
1 0.4828125 0.4671875 0.0390625 0.0234375
1 0.4671875 0.50703125 0.01796875 0.0359375
1 0.503125 0.50546875 0.0171875 0.03984375
1 0.49765625 0.4140625 0.01484375 0.0359375
1 0.5265625 0.428125 0.02421875 0.06640625
1 0.53828125 0.50234375 0.04296875 0.04921875
1 0.5796875 0.43984375 0.03671875 0.11640625
1 0.52421875 0.35625 0.02734375 0.01015625
1 0.46484375 0.4078125 0.0140625 0.04140625