1 0.37578125 0.40078125 0.04296875 0.04140625
1 0.38046875 0.48515625 0.04609375 0.1
1 0.4328125 0.4515625 0.03671875 0.03203125
1 0.43125 0.50625 0.04609375 0.0734375
1 0.48203125 0.45 0.01875 0.0203125
1 0.4765625 0.47734375 0.03515625 0.015625
1 0.46875 0.5140625 0.01484375 0.0359375
1 0.46484375 0.41796875 0.01796875 0.04609375
1 0.496875 0.42421875 0.01328125 0.0390625
1 0.50390625 0.5015625 0.01953125 0.0640625
1 0.52734375 0.43828125 0.0234375 0.059375
1 0.528125 0.509375 0.02734375 0.04140625
1 0.55234375 0.50703125 0.015625 0.04609375
1 0.58046875 0.44921875 0.03203125 0.11640625
1 0.5234375 0.34453125 0.03203125 0.0515625
1 0.48203125 0.3515625 0.0375 0.04296875
1 0.440625 0.346875 0.025 0.04453125