1 0.37578125 0.38203125 0.0421875 0.0390625
1 0.3890625 0.475 0.0484375 0.1015625
1 0.44140625 0.43671875 0.04375 0.0328125
1 0.43984375 0.49140625 0.0453125 0.05625
1 0.49453125 0.43671875 0.0203125 0.009375
1 0.4875 0.46328125 0.03125 0.0125
1 0.478125 0.49921875 0.0140625 0.0421875
1 0.515625 0.48828125 0.0171875 0.078125
1 0.53671875 0.421875 0.0265625 0.0671875
1 0.540625 0.49609375 0.0296875 0.046875
1 0.56640625 0.4953125 0.0140625 0.0484375
1 0.5921875 0.43125 0.0359375 0.125
1 0.50625 0.40859375 0.021875 0.0375
1 0.47421875 0.403125 0.0171875 0.0375
1 0.53203125 0.34453125 0.034375 0.0125
1 0.48984375 0.32421875 0.0328125 0.0140625