1 0.38125 0.39375 0.04375 0.0421875
1 0.384375 0.484375 0.0515625 0.109375
1 0.43828125 0.4515625 0.0390625 0.034375
1 0.43359375 0.503125 0.05 0.0703125
1 0.4703125 0.421875 0.0203125 0.0515625
1 0.4875 0.45546875 0.0125 0.0140625
1 0.47890625 0.48203125 0.03125 0.025
1 0.46875 0.521875 0.0171875 0.0453125
1 0.50234375 0.4296875 0.01875 0.0453125
1 0.50390625 0.51015625 0.0203125 0.0734375
1 0.53203125 0.44140625 0.0265625 0.065625
1 0.53125 0.51484375 0.03125 0.0515625
1 0.55625 0.51953125 0.0203125 0.0453125
1 0.58515625 0.453125 0.0390625 0.1125
1 0.5328125 0.3640625 0.0328125 0.0421875
1 0.48828125 0.34609375 0.0375 0.0203125
1 0.446875 0.35703125 0.0234375 0.034375