1 0.6484375 0.58125 0.053125 0.053125
1 0.62578125 0.48515625 0.0703125 0.1078125
1 0.57890625 0.534375 0.0515625 0.046875
1 0.57109375 0.4796875 0.0578125 0.075
1 0.55078125 0.5734375 0.025 0.04375
1 0.52890625 0.54453125 0.0203125 0.0171875
1 0.5296875 0.51640625 0.034375 0.028125
1 0.52890625 0.47578125 0.025 0.0484375
1 0.51953125 0.57734375 0.028125 0.0390625
1 0.49765625 0.496875 0.0296875 0.075
1 0.4875 0.5671875 0.0375 0.0703125
1 0.46953125 0.49296875 0.03125 0.0484375
1 0.44375 0.49921875 0.0296875 0.05625
1 0.4296875 0.5734375 0.05625 0.121875
1 0.50625 0.6484375 0.03125 0.03125
1 0.553125 0.65234375 0.034375 0.021875
1 0.51484375 0.67421875 0.0234375 0.0140625