1 0.63203125 0.5703125 0.0484375 0.053125
1 0.61328125 0.47734375 0.0640625 0.1109375
1 0.5640625 0.528125 0.04375 0.04375
1 0.55859375 0.47109375 0.0578125 0.08125
1 0.5359375 0.56328125 0.0234375 0.053125
1 0.51171875 0.53125 0.01875 0.0234375
1 0.51484375 0.50546875 0.0328125 0.028125
1 0.5171875 0.4609375 0.0203125 0.046875
1 0.5015625 0.5640625 0.025 0.053125
1 0.4859375 0.48359375 0.025 0.0703125
1 0.47109375 0.55546875 0.0328125 0.075
1 0.446875 0.47734375 0.0546875 0.053125
1 0.4125 0.54453125 0.0484375 0.1265625
1 0.48828125 0.64140625 0.04375 0.0546875
1 0.534375 0.64140625 0.04375 0.034375
1 0.5734375 0.63203125 0.028125 0.05625