1 0.628125 0.37109375 0.0453125 0.0484375
1 0.628125 0.46875 0.0515625 0.1140625
1 0.56796875 0.43125 0.040625 0.0390625
1 0.57421875 0.49140625 0.0546875 0.078125
1 0.53046875 0.3984375 0.0203125 0.05
1 0.5140625 0.43515625 0.0171875 0.0109375
1 0.521875 0.4609375 0.034375 0.025
1 0.5328125 0.503125 0.01875 0.0484375
1 0.49765625 0.40390625 0.0203125 0.0484375
1 0.49609375 0.4921875 0.0203125 0.08125
1 0.4671875 0.4171875 0.0296875 0.071875
1 0.46953125 0.49609375 0.0265625 0.059375
1 0.44296875 0.5 0.01875 0.059375
1 0.409375 0.43515625 0.0390625 0.128125
1 0.4671875 0.3296875 0.0375 0.0578125
1 0.51171875 0.3296875 0.0390625 0.0390625
1 0.55625 0.32421875 0.0296875 0.0515625