1 0.3609375 0.40234375 0.0453125 0.04375
1 0.37734375 0.49296875 0.0609375 0.10625
1 0.42734375 0.45546875 0.040625 0.0265625
1 0.4296875 0.509375 0.0546875 0.0765625
1 0.4765625 0.44765625 0.015625 0.0203125
1 0.4703125 0.47421875 0.03125 0.01875
1 0.46640625 0.51328125 0.021875 0.0375
1 0.4546875 0.42109375 0.01875 0.0453125
1 0.4890625 0.42109375 0.021875 0.0421875
1 0.5 0.49609375 0.025 0.071875
1 0.51796875 0.42890625 0.03125 0.0671875
1 0.53671875 0.50078125 0.05 0.0578125
1 0.5734375 0.4390625 0.0453125 0.125
1 0.50703125 0.35078125 0.0359375 0.0328125
1 0.465625 0.34375 0.040625 0.03125
1 0.4234375 0.35546875 0.0234375 0.028125