1 0.38359375 0.61328125 0.0484375 0.0484375
1 0.3765625 0.52109375 0.0640625 0.1125
1 0.4359375 0.55234375 0.040625 0.0390625
1 0.425 0.496875 0.0546875 0.071875
1 0.46796875 0.578125 0.0234375 0.0375
1 0.4859375 0.546875 0.0203125 0.015625
1 0.4734375 0.51875 0.0359375 0.0234375
1 0.4609375 0.4828125 0.0203125 0.0390625
1 0.50234375 0.57265625 0.021875 0.0421875
1 0.496875 0.50234375 0.0234375 0.0546875
1 0.5296875 0.55390625 0.034375 0.0703125
1 0.53203125 0.4796875 0.053125 0.0609375
1 0.584375 0.53671875 0.0546875 0.121875
1 0.53828125 0.64375 0.040625 0.0609375
1 0.49609375 0.6484375 0.04375 0.046875
1 0.453125 0.6578125 0.0359375 0.0578125
1 0.41171875 0.6875 0.0203125 0.01875