1 0.59296875 0.37421875 0.0515625 0.0515625
1 0.60625 0.46640625 0.071875 0.115625
1 0.5453125 0.4390625 0.04375 0.0421875
1 0.56015625 0.49453125 0.059375 0.075
1 0.509375 0.41640625 0.0265625 0.0390625
1 0.49453125 0.4484375 0.0203125 0.015625
1 0.509375 0.4765625 0.0375 0.0265625
1 0.5234375 0.51171875 0.0234375 0.040625
1 0.47578125 0.4234375 0.025 0.0421875
1 0.4859375 0.49453125 0.0265625 0.0546875
1 0.45 0.44453125 0.0390625 0.0703125
1 0.45234375 0.51953125 0.0578125 0.0640625
1 0.39609375 0.465625 0.0640625 0.125
1 0.434375 0.35390625 0.0453125 0.0625
1 0.4765625 0.346875 0.046875 0.05
1 0.51953125 0.33359375 0.0390625 0.0578125
1 0.55859375 0.3015625 0.021875 0.0203125