1 0.61953125 0.37890625 0.046875 0.05
1 0.61953125 0.47421875 0.0578125 0.1109375
1 0.5625 0.44453125 0.040625 0.034375
1 0.56875 0.4984375 0.0546875 0.078125
1 0.528125 0.41171875 0.0140625 0.0375
1 0.5109375 0.44140625 0.0203125 0.0171875
1 0.51875 0.465625 0.034375 0.021875
1 0.53203125 0.50703125 0.0203125 0.040625
1 0.496875 0.41484375 0.0203125 0.034375
1 0.4953125 0.49609375 0.01875 0.071875
1 0.4671875 0.4328125 0.028125 0.06875
1 0.47109375 0.5078125 0.03125 0.0453125
1 0.44609375 0.50703125 0.0171875 0.04375
1 0.41328125 0.446875 0.0390625 0.1140625
1 0.465625 0.34375 0.0359375 0.053125
1 0.5078125 0.340625 0.0359375 0.0296875
1 0.5484375 0.3390625 0.025 0.0296875