1 0.659375 0.56875 0.05625 0.05625
1 0.63671875 0.47109375 0.06875 0.1140625
1 0.5890625 0.52265625 0.0515625 0.046875
1 0.57890625 0.46171875 0.0640625 0.0765625
1 0.5609375 0.5640625 0.0296875 0.05
1 0.53671875 0.53203125 0.0171875 0.0203125
1 0.53203125 0.50546875 0.05 0.0296875
1 0.5390625 0.4625 0.0234375 0.0390625
1 0.5265625 0.5625 0.025 0.04375
1 0.50234375 0.4765625 0.0203125 0.0359375
1 0.49375 0.56171875 0.0359375 0.065625
1 0.478125 0.4828125 0.0359375 0.0484375
1 0.45078125 0.48515625 0.0265625 0.053125
1 0.4328125 0.55546875 0.059375 0.1359375
1 0.51328125 0.65078125 0.05 0.065625
1 0.559375 0.6421875 0.0546875 0.0609375
1 0.60234375 0.6296875 0.0328125 0.0484375