1 0.3734375 0.3890625 0.04765625 0.03671875
1 0.38046875 0.49609375 0.04375 0.06484375
1 0.434375 0.44375 0.03984375 0.03359375
1 0.43125 0.49921875 0.0421875 0.06875
1 0.4765625 0.46875 0.03046875 0.0296875
1 0.4671875 0.51171875 0.01796875 0.0515625
1 0.5015625 0.496875 0.0140625 0.07109375
1 0.49921875 0.415625 0.01484375 0.04140625
1 0.5265625 0.428125 0.0234375 0.06015625
1 0.52890625 0.50390625 0.02578125 0.0515625
1 0.55234375 0.50546875 0.015625 0.0390625
1 0.578125 0.44375 0.03515625 0.1203125
1 0.5234375 0.35859375 0.04140625 0.015625
1 0.46796875 0.415625 0.01640625 0.03984375