1 0.3734375 0.39296875 0.04140625 0.04453125
1 0.38125 0.4859375 0.04453125 0.09609375
1 0.434375 0.44453125 0.0421875 0.0296875
1 0.43046875 0.50078125 0.04921875 0.06875
1 0.4828125 0.446875 0.01953125 0.02109375
1 0.47734375 0.4734375 0.03125 0.021875
1 0.46953125 0.51328125 0.01796875 0.03359375
1 0.46484375 0.41875 0.01484375 0.04140625
1 0.49921875 0.41875 0.01640625 0.04375
1 0.5046875 0.49453125 0.01484375 0.06953125
1 0.52578125 0.43359375 0.02421875 0.0609375
1 0.52734375 0.503125 0.025 0.03984375
1 0.55234375 0.50546875 0.01796875 0.0453125
1 0.58046875 0.44453125 0.03359375 0.1140625
1 0.521875 0.35390625 0.03125 0.028125
1 0.48359375 0.35078125 0.0296875 0.034375
1 0.4421875 0.35390625 0.02265625 0.01953125
1 0.5203125 0.3265625 0.01875 0.00859375
1 0.590625 0.51171875 0.0171875 0.0109375