1 0.38359375 0.365625 0.05 0.0515625
1 0.3765625 0.46171875 0.0609375 0.1046875
1 0.4375 0.42734375 0.046875 0.0375
1 0.42421875 0.484375 0.0609375 0.0765625
1 0.4859375 0.4375 0.0234375 0.025
1 0.47578125 0.4640625 0.0359375 0.028125
1 0.4625 0.503125 0.0234375 0.0375
1 0.471875 0.40625 0.021875 0.0453125
1 0.50703125 0.41171875 0.0234375 0.046875
1 0.5 0.48984375 0.0265625 0.0734375
1 0.53203125 0.43046875 0.034375 0.065625
1 0.52265625 0.50234375 0.03125 0.04375
1 0.546875 0.50859375 0.0265625 0.05
1 0.58515625 0.4515625 0.0515625 0.121875
1 0.540625 0.35 0.0359375 0.0328125
1 0.50234375 0.33984375 0.0359375 0.0390625
1 0.459375 0.33671875 0.0265625 0.0234375
1 0.54296875 0.321875 0.0203125 0.0109375
1 0.58515625 0.52109375 0.0203125 0.0140625