1 0.3921875 0.37421875 0.0515625 0.0484375
1 0.38046875 0.465625 0.0609375 0.1046875
1 0.43984375 0.4359375 0.046875 0.0390625
1 0.42890625 0.4890625 0.0578125 0.0828125
1 0.48984375 0.4453125 0.021875 0.0171875
1 0.47578125 0.46796875 0.0359375 0.025
1 0.46328125 0.50703125 0.0234375 0.046875
1 0.49765625 0.4984375 0.0265625 0.0734375
1 0.509375 0.42109375 0.0265625 0.0484375
1 0.47578125 0.4125 0.025 0.040625
1 0.5296875 0.46953125 0.0484375 0.1265625
1 0.546875 0.51875 0.021875 0.04375
1 0.584375 0.465625 0.05625 0.1359375
1 0.5453125 0.35546875 0.034375 0.040625
1 0.50546875 0.3484375 0.0421875 0.0375
1 0.46484375 0.3453125 0.0296875 0.0328125