1 0.60546875 0.3546875 0.05625 0.059375
1 0.625 0.4515625 0.0734375 0.1171875
1 0.559375 0.421875 0.04375 0.0390625
1 0.5765625 0.47890625 0.0671875 0.0921875
1 0.51015625 0.43515625 0.0265625 0.0265625
1 0.525 0.45859375 0.0328125 0.028125
1 0.540625 0.49609375 0.025 0.04375
1 0.52109375 0.40234375 0.0265625 0.0484375
1 0.48984375 0.41171875 0.025 0.0359375
1 0.50546875 0.4921875 0.034375 0.078125
1 0.4625 0.43359375 0.04375 0.0796875
1 0.48203125 0.50703125 0.0375 0.0515625
1 0.45859375 0.5140625 0.0234375 0.0421875
1 0.41484375 0.45703125 0.059375 0.1265625
1 0.44921875 0.353125 0.0421875 0.05
1 0.48671875 0.3359375 0.046875 0.0484375
1 0.5296875 0.328125 0.0328125 0.040625