1 0.3625 0.57890625 0.0578125 0.059375
1 0.38984375 0.484375 0.075 0.1171875
1 0.4359375 0.53828125 0.046875 0.046875
1 0.446875 0.47578125 0.065625 0.0921875
1 0.46171875 0.57578125 0.025 0.0484375
1 0.4875 0.55 0.0203125 0.0234375
1 0.49453125 0.521875 0.0515625 0.0328125
1 0.4875 0.47890625 0.025 0.040625
1 0.5234375 0.4875 0.0234375 0.046875
1 0.49453125 0.584375 0.025 0.0484375
1 0.528125 0.575 0.0390625 0.065625
1 0.54609375 0.5046875 0.040625 0.0625
1 0.571875 0.5046875 0.025 0.046875
1 0.5859375 0.57265625 0.0671875 0.1328125
1 0.5046875 0.66328125 0.0484375 0.06875
1 0.46328125 0.65234375 0.0453125 0.05
1 0.415625 0.64140625 0.034375 0.0578125