1 0.57890625 0.64765625 0.0578125 0.05625
1 0.60078125 0.55078125 0.071875 0.1125
1 0.53515625 0.5765625 0.0484375 0.040625
1 0.553125 0.5234375 0.0640625 0.078125
1 0.4984375 0.60078125 0.0203125 0.04375
1 0.48515625 0.56328125 0.0171875 0.01875
1 0.49921875 0.53984375 0.034375 0.0265625
1 0.5171875 0.50078125 0.025 0.0390625
1 0.4671875 0.58671875 0.0265625 0.040625
1 0.48046875 0.51015625 0.034375 0.078125
1 0.43984375 0.56640625 0.0375 0.0640625
1 0.45625 0.4953125 0.0421875 0.0578125
1 0.43046875 0.48828125 0.0328125 0.059375
1 0.38515625 0.53984375 0.0578125 0.1234375
1 0.42265625 0.6484375 0.0359375 0.0359375
1 0.4640625 0.671875 0.0296875 0.0140625
1 0.5046875 0.6703125 0.0328125 0.040625