1 0.375 0.39765625 0.03984375 0.046875
1 0.38046875 0.48828125 0.05 0.10078125
1 0.43359375 0.45078125 0.040625 0.034375
1 0.43046875 0.50703125 0.04921875 0.07109375
1 0.46640625 0.41796875 0.01796875 0.0359375
1 0.48359375 0.4515625 0.0203125 0.015625
1 0.47734375 0.478125 0.0296875 0.0203125
1 0.46953125 0.51796875 0.01484375 0.03671875
1 0.49921875 0.42265625 0.015625 0.03828125
1 0.50390625 0.50078125 0.01640625 0.071875
1 0.5265625 0.43984375 0.02578125 0.06484375
1 0.52890625 0.509375 0.02421875 0.0515625
1 0.55078125 0.51015625 0.01796875 0.05390625
1 0.5796875 0.44765625 0.0375 0.1140625
1 0.525 0.34921875 0.0328125 0.05390625
1 0.48046875 0.35625 0.0421875 0.034375
1 0.440625 0.3515625 0.02421875 0.0453125