1 0.3765625 0.3953125 0.04453125 0.040625
1 0.38203125 0.48671875 0.04375 0.0984375
1 0.434375 0.4484375 0.040625 0.03125
1 0.4328125 0.5015625 0.0453125 0.075
1 0.484375 0.4484375 0.01953125 0.01328125
1 0.47421875 0.4734375 0.03203125 0.0203125
1 0.46875 0.51328125 0.01640625 0.04453125
1 0.5015625 0.49921875 0.01328125 0.07109375
1 0.49921875 0.42109375 0.01796875 0.0453125
1 0.465625 0.41875 0.01796875 0.03671875
1 0.52734375 0.465625 0.02578125 0.1234375
1 0.55234375 0.509375 0.01328125 0.04140625
1 0.5796875 0.4515625 0.03359375 0.1296875
1 0.5234375 0.3515625 0.02890625 0.03515625
1 0.4828125 0.3515625 0.03671875 0.03125
1 0.44296875 0.35546875 0.02421875 0.0296875