1 0.63359375 0.63984375 0.0421875 0.040625
1 0.628125 0.5875 0.046875 0.015625
1 0.6296875 0.52734375 0.0515625 0.0796875
1 0.57265625 0.57734375 0.0453125 0.0296875
1 0.5796875 0.53125 0.0484375 0.0625
1 0.52421875 0.55 0.0484375 0.028125
1 0.53828125 0.5109375 0.01875 0.0421875
1 0.50625 0.515625 0.0203125 0.028125
1 0.5078125 0.6046875 0.021875 0.0421875
1 0.5375 0.61171875 0.01875 0.040625
1 0.478125 0.5921875 0.025 0.065625
1 0.47109375 0.51875 0.0515625 0.0546875
1 0.42421875 0.578125 0.040625 0.1171875
1 0.39296875 0.5859375 0.0140625 0.1359375
1 0.47890625 0.66328125 0.0375 0.0109375
1 0.60859375 0.61484375 0.0203125 0.0390625