1 0.37421875 0.3859375 0.03515625 0.04296875
1 0.38046875 0.47578125 0.04765625 0.0953125
1 0.43515625 0.440625 0.03828125 0.0265625
1 0.43046875 0.48984375 0.0484375 0.06640625
1 0.4765625 0.465625 0.03046875 0.01875
1 0.46875 0.50625 0.01796875 0.03828125
1 0.484375 0.4390625 0.01328125 0.01484375
1 0.50078125 0.4953125 0.00703125 0.08359375
1 0.49765625 0.409375 0.0171875 0.03515625
1 0.5265625 0.4234375 0.021875 0.065625
1 0.528125 0.50078125 0.02578125 0.04375
1 0.55234375 0.49921875 0.01484375 0.04296875
1 0.57890625 0.4390625 0.0296875 0.12109375
1 0.52578125 0.35625 0.03125 0.01484375
1 0.4796875 0.34140625 0.03359375 0.0296875
1 0.4390625 0.3421875 0.02109375 0.0140625
1 0.4640625 0.42578125 0.01328125 0.01328125