1 0.35 0.59296875 0.04375 0.046875
1 0.3671875 0.4984375 0.053125 0.1078125
1 0.41796875 0.54140625 0.0453125 0.0359375
1 0.42109375 0.4859375 0.05 0.0671875
1 0.46875 0.546875 0.01875 0.0171875
1 0.46328125 0.515625 0.0359375 0.0234375
1 0.459375 0.4765625 0.0171875 0.04375
1 0.49453125 0.4984375 0.0234375 0.06875
1 0.44765625 0.5765625 0.01875 0.0390625
1 0.48046875 0.57578125 0.01875 0.0375
1 0.51171875 0.56875 0.028125 0.0609375
1 0.52109375 0.49140625 0.0296875 0.046875
1 0.5453125 0.49140625 0.0203125 0.0421875
1 0.56953125 0.559375 0.04375 0.115625
1 0.5015625 0.6515625 0.03125 0.0375
1 0.45625 0.65390625 0.0390625 0.0203125
1 0.41484375 0.64375 0.025 0.0375