1 0.665625 0.5953125 0.053125 0.0546875
1 0.6375 0.4984375 0.06875 0.1125
1 0.590625 0.5515625 0.046875 0.0390625
1 0.58125 0.4875 0.0609375 0.084375
1 0.565625 0.59140625 0.0234375 0.05
1 0.53046875 0.58984375 0.028125 0.05
1 0.5390625 0.5578125 0.0203125 0.021875
1 0.53203125 0.53125 0.053125 0.03125
1 0.54140625 0.490625 0.025 0.040625
1 0.503125 0.49609375 0.0234375 0.0453125
1 0.496875 0.5859375 0.040625 0.0734375
1 0.46953125 0.51328125 0.059375 0.0609375
1 0.43984375 0.5828125 0.0609375 0.125
1 0.52109375 0.67734375 0.0421875 0.0578125
1 0.56796875 0.66796875 0.0515625 0.0421875
1 0.60703125 0.65 0.0359375 0.0453125