1 0.64609375 0.4015625 0.04375 0.05
1 0.62265625 0.4921875 0.06875 0.10625
1 0.5734375 0.4453125 0.04375 0.0359375
1 0.56796875 0.496875 0.0625 0.078125
1 0.5265625 0.46328125 0.034375 0.025
1 0.52578125 0.50546875 0.0265625 0.0421875
1 0.52421875 0.43359375 0.0171875 0.01875
1 0.49609375 0.48828125 0.0234375 0.0859375
1 0.515625 0.4015625 0.025 0.0390625
1 0.484375 0.41015625 0.0359375 0.0703125
1 0.46640625 0.48828125 0.034375 0.05
1 0.44296875 0.48203125 0.0234375 0.046875
1 0.42734375 0.415625 0.0546875 0.1296875
1 0.49765625 0.3421875 0.0359375 0.021875
1 0.54765625 0.3359375 0.040625 0.0359375
1 0.5890625 0.34453125 0.0234375 0.01875
1 0.546875 0.425 0.015625 0.015625