1 0.3609375 0.6046875 0.0484375 0.0515625
1 0.353125 0.50625 0.0625 0.115625
1 0.41484375 0.54140625 0.0484375 0.0421875
1 0.4046875 0.4828125 0.0609375 0.0828125
1 0.453125 0.56640625 0.025 0.040625
1 0.46640625 0.53359375 0.0203125 0.0171875
1 0.4546875 0.509375 0.0328125 0.021875
1 0.43984375 0.46640625 0.025 0.046875
1 0.4859375 0.56015625 0.021875 0.040625
1 0.478125 0.47890625 0.0265625 0.075
1 0.5125 0.540625 0.0328125 0.0671875
1 0.50390625 0.465625 0.0359375 0.05625
1 0.53046875 0.46328125 0.0234375 0.05625
1 0.56484375 0.51015625 0.059375 0.1484375
1 0.52109375 0.62734375 0.0375 0.04375
1 0.47421875 0.6375 0.0421875 0.0328125
1 0.43515625 0.63671875 0.028125 0.0375