1 0.37265625 0.39296875 0.04296875 0.04609375
1 0.378125 0.48671875 0.04921875 0.10546875
1 0.4328125 0.453125 0.03828125 0.03046875
1 0.43046875 0.50625 0.04921875 0.07421875
1 0.4640625 0.41875 0.01171875 0.03671875
1 0.48359375 0.446875 0.01875 0.015625
1 0.47734375 0.47109375 0.0328125 0.0203125
1 0.4671875 0.51328125 0.0171875 0.0390625
1 0.4953125 0.41953125 0.01796875 0.03359375
1 0.503125 0.5 0.0140625 0.0703125
1 0.5265625 0.434375 0.02265625 0.06796875
1 0.528125 0.50859375 0.02734375 0.04375
1 0.55234375 0.50703125 0.01328125 0.04140625
1 0.58046875 0.44453125 0.03125 0.11015625
1 0.521875 0.346875 0.03203125 0.05
1 0.48046875 0.346875 0.034375 0.028125
1 0.4390625 0.3484375 0.02265625 0.028125