1 0.628125 0.43515625 0.053125 0.053125
1 0.60703125 0.521875 0.0625 0.109375
1 0.56015625 0.478125 0.0578125 0.0421875
1 0.55 0.53671875 0.0609375 0.0796875
1 0.50390625 0.4703125 0.021875 0.021875
1 0.509375 0.49765625 0.03125 0.0203125
1 0.5078125 0.53828125 0.01875 0.0421875
1 0.4921875 0.4390625 0.0203125 0.040625
1 0.47734375 0.51484375 0.03125 0.0703125
1 0.4640625 0.44609375 0.0359375 0.071875
1 0.44765625 0.5203125 0.034375 0.0671875
1 0.42265625 0.5171875 0.03125 0.0609375
1 0.40546875 0.44765625 0.0515625 0.121875
1 0.38359375 0.5203125 0.015625 0.0125
1 0.478125 0.35859375 0.0390625 0.0484375
1 0.52578125 0.3578125 0.0390625 0.025
1 0.56484375 0.3765625 0.03125 0.0390625
1 0.528125 0.4390625 0.0265625 0.046875