1 0.4203125 0.31484375 0.0546875 0.0625
1 0.4078125 0.4234375 0.06875 0.11875
1 0.46328125 0.434375 0.065625 0.115625
1 0.525 0.39765625 0.0265625 0.025
1 0.52109375 0.42421875 0.0515625 0.03125
1 0.49765625 0.465625 0.028125 0.0484375
1 0.5328125 0.4765625 0.0296875 0.059375
1 0.5703125 0.47109375 0.05625 0.05
1 0.571875 0.38984375 0.0390625 0.075
1 0.54296875 0.3703125 0.028125 0.0421875
1 0.63046875 0.41171875 0.0578125 0.134375
1 0.5796875 0.31171875 0.0421875 0.0265625
1 0.50703125 0.371875 0.0203125 0.0203125
1 0.5359375 0.28828125 0.040625 0.028125