1 0.36015625 0.62265625 0.05625 0.0546875
1 0.38515625 0.525 0.0609375 0.1125
1 0.434375 0.57265625 0.04375 0.0328125
1 0.440625 0.51328125 0.0609375 0.0828125
1 0.48671875 0.5796875 0.01875 0.0171875
1 0.48359375 0.553125 0.034375 0.021875
1 0.48125 0.5109375 0.021875 0.04375
1 0.49609375 0.6109375 0.0203125 0.040625
1 0.51796875 0.528125 0.0296875 0.071875
1 0.4640625 0.6140625 0.0234375 0.0484375
1 0.528125 0.60078125 0.0328125 0.0640625
1 0.54296875 0.5265625 0.0375 0.05625
1 0.56796875 0.5328125 0.025 0.040625
1 0.5875 0.59921875 0.05625 0.11875
1 0.6109375 0.51953125 0.0171875 0.0265625
1 0.51171875 0.69140625 0.0328125 0.04375
1 0.46328125 0.6875 0.0453125 0.04375
1 0.425 0.678125 0.03125 0.03125