1 0.68515625 0.3796875 0.0578125 0.05
1 0.6546875 0.49375 0.0609375 0.078125
1 0.60859375 0.42578125 0.0484375 0.04375
1 0.60078125 0.4859375 0.059375 0.08125
1 0.5578125 0.44375 0.0390625 0.0375
1 0.55859375 0.4921875 0.0296875 0.059375
1 0.525 0.46796875 0.0296875 0.078125
1 0.5453125 0.38203125 0.0234375 0.046875
1 0.51328125 0.390625 0.0375 0.06875
1 0.4953125 0.4703125 0.0375 0.0609375
1 0.46953125 0.46796875 0.025 0.0453125
1 0.4546875 0.39609375 0.0609375 0.1359375
1 0.53125 0.31640625 0.046875 0.025
1 0.57890625 0.3890625 0.0265625 0.0453125