1 0.6046875 0.37421875 0.053125 0.0515625
1 0.61953125 0.46796875 0.075 0.121875
1 0.55625 0.44453125 0.046875 0.04375
1 0.57265625 0.496875 0.065625 0.08125
1 0.5171875 0.42109375 0.0296875 0.05625
1 0.50703125 0.45859375 0.015625 0.0171875
1 0.5203125 0.484375 0.0375 0.03125
1 0.5390625 0.52421875 0.028125 0.0515625
1 0.4859375 0.43515625 0.028125 0.0484375
1 0.5 0.51875 0.0359375 0.0796875
1 0.45703125 0.45390625 0.0390625 0.071875
1 0.47265625 0.5296875 0.040625 0.0578125
1 0.4484375 0.5390625 0.0296875 0.05
1 0.4046875 0.4765625 0.0609375 0.1203125
1 0.44140625 0.3734375 0.0421875 0.0484375
1 0.48359375 0.3453125 0.0421875 0.028125
1 0.528125 0.3484375 0.0296875 0.0390625