1 0.37421875 0.39765625 0.04296875 0.04375
1 0.38046875 0.48125 0.04453125 0.096875
1 0.43046875 0.446875 0.04921875 0.03125
1 0.43125 0.503125 0.04765625 0.06796875
1 0.484375 0.44921875 0.01796875 0.01875
1 0.47578125 0.4734375 0.028125 0.01484375
1 0.46953125 0.5109375 0.01171875 0.0390625
1 0.49921875 0.421875 0.01328125 0.0359375
1 0.50234375 0.49375 0.01953125 0.0640625
1 0.52421875 0.43203125 0.02421875 0.0640625
1 0.52890625 0.503125 0.0234375 0.06015625
1 0.55234375 0.50390625 0.0203125 0.0546875
1 0.578125 0.44296875 0.03046875 0.1109375
1 0.58828125 0.5125 0.01328125 0.01015625
1 0.52421875 0.34921875 0.0296875 0.04140625
1 0.48046875 0.34140625 0.034375 0.01875
1 0.44140625 0.353125 0.025 0.03359375
1 0.46640625 0.41640625 0.01953125 0.04140625