1 0.378125 0.61328125 0.046875 0.0515625
1 0.378125 0.5171875 0.0546875 0.1109375
1 0.4375 0.5515625 0.04375 0.028125
1 0.4296875 0.4953125 0.05625 0.0765625
1 0.4890625 0.54921875 0.0171875 0.0109375
1 0.478125 0.521875 0.034375 0.01875
1 0.46796875 0.4828125 0.0171875 0.046875
1 0.50546875 0.57421875 0.01875 0.04375
1 0.47109375 0.58125 0.0203125 0.04375
1 0.5046875 0.4984375 0.0234375 0.0703125
1 0.5328125 0.56015625 0.028125 0.0703125
1 0.528125 0.48828125 0.0265625 0.05625
1 0.55625 0.4875 0.0203125 0.0671875
1 0.58828125 0.54296875 0.0390625 0.1203125
1 0.53828125 0.65234375 0.0375 0.05
1 0.49296875 0.65 0.0453125 0.04375
1 0.44921875 0.65 0.0296875 0.04375