1 0.37421875 0.39453125 0.03828125 0.040625
1 0.38203125 0.4859375 0.04296875 0.09921875
1 0.434375 0.44921875 0.03984375 0.03046875
1 0.4328125 0.5015625 0.04296875 0.0609375
1 0.4828125 0.4484375 0.01640625 0.01484375
1 0.475 0.47734375 0.03203125 0.01953125
1 0.46875 0.5140625 0.01328125 0.040625
1 0.503125 0.49609375 0.01640625 0.06484375
1 0.465625 0.41875 0.01484375 0.0359375
1 0.496875 0.421875 0.01484375 0.034375
1 0.5265625 0.43125 0.02265625 0.05546875
1 0.528125 0.50546875 0.02578125 0.04375
1 0.5515625 0.50703125 0.01640625 0.03984375
1 0.5796875 0.44453125 0.03203125 0.10859375
1 0.5234375 0.3515625 0.02734375 0.03359375
1 0.4796875 0.3453125 0.03515625 0.01640625
1 0.43984375 0.3515625 0.02109375 0.03359375