1 0.365625 0.590625 0.05 0.0546875
1 0.3796875 0.50546875 0.0578125 0.1140625
1 0.42890625 0.54765625 0.05 0.0375
1 0.434375 0.4875 0.053125 0.0765625
1 0.4578125 0.5765625 0.01875 0.040625
1 0.4796875 0.55 0.0203125 0.015625
1 0.47578125 0.525 0.0375 0.021875
1 0.471875 0.48125 0.01875 0.0453125
1 0.49140625 0.5796875 0.01875 0.04375
1 0.5046875 0.5015625 0.0234375 0.0703125
1 0.521875 0.565625 0.0296875 0.0578125
1 0.5296875 0.4953125 0.03125 0.05
1 0.55546875 0.496875 0.01875 0.05
1 0.5765625 0.5640625 0.053125 0.115625
1 0.5078125 0.65390625 0.0375 0.053125
1 0.46484375 0.6515625 0.0390625 0.0234375
1 0.42734375 0.6390625 0.028125 0.03125