1 0.6078125 0.3609375 0.0453125 0.0484375
1 0.6046875 0.415625 0.0453125 0.0234375
1 0.61171875 0.471875 0.05625 0.0828125
1 0.55703125 0.43125 0.053125 0.0578125
1 0.56015625 0.48671875 0.0515625 0.0484375
1 0.5046875 0.45546875 0.05 0.028125
1 0.521875 0.49375 0.021875 0.0421875
1 0.515625 0.39375 0.0203125 0.0515625
1 0.48671875 0.40234375 0.021875 0.05
1 0.45703125 0.41640625 0.0328125 0.0640625
1 0.45078125 0.490625 0.053125 0.053125
1 0.4015625 0.440625 0.046875 0.1390625
1 0.45546875 0.34375 0.028125 0.0140625
1 0.36796875 0.4140625 0.015625 0.1078125