1 0.3953125 0.6234375 0.0390625 0.0390625
1 0.3890625 0.53203125 0.059375 0.1046875
1 0.44921875 0.56171875 0.04375 0.03125
1 0.43671875 0.51015625 0.0578125 0.078125
1 0.49140625 0.52578125 0.05 0.0265625
1 0.49921875 0.55390625 0.01875 0.01875
1 0.471875 0.490625 0.0234375 0.040625
1 0.50625 0.48828125 0.01875 0.025
1 0.54140625 0.5578125 0.0296875 0.0671875
1 0.53046875 0.48671875 0.03125 0.0453125
1 0.55390625 0.48203125 0.0234375 0.053125
1 0.51484375 0.58203125 0.021875 0.0375
1 0.4828125 0.571875 0.0203125 0.015625
1 0.59296875 0.53359375 0.0546875 0.1265625
1 0.55390625 0.64140625 0.0359375 0.034375
1 0.51484375 0.65859375 0.0359375 0.0203125