1 0.3984375 0.3484375 0.053125 0.05625
1 0.3859375 0.446875 0.075 0.1203125
1 0.43828125 0.453125 0.0625 0.1140625
1 0.4875 0.47734375 0.065625 0.084375
1 0.4953125 0.415625 0.05625 0.0421875
1 0.5171875 0.390625 0.0234375 0.025
1 0.53671875 0.4484375 0.046875 0.121875
1 0.55234375 0.49921875 0.028125 0.0453125
1 0.590625 0.44453125 0.0640625 0.1375
1 0.6203125 0.45 0.0390625 0.16875
1 0.55 0.34140625 0.04375 0.0359375
1 0.50703125 0.31875 0.0375 0.01875
1 0.4390625 0.36171875 0.0203125 0.0171875