1 0.65703125 0.6328125 0.046875 0.04375
1 0.6484375 0.5375 0.05 0.1125
1 0.59375 0.57421875 0.0421875 0.0234375
1 0.59375 0.515625 0.0515625 0.0671875
1 0.540625 0.57421875 0.01875 0.01875
1 0.53984375 0.5484375 0.046875 0.0171875
1 0.55625 0.5109375 0.0203125 0.0359375
1 0.56015625 0.60859375 0.01875 0.0453125
1 0.525 0.6015625 0.01875 0.040625
1 0.5171875 0.50859375 0.015625 0.0375
1 0.496875 0.59375 0.0265625 0.0625
1 0.490625 0.5140625 0.03125 0.046875
1 0.46640625 0.51015625 0.0171875 0.0421875
1 0.4390625 0.578125 0.0359375 0.121875
1 0.49921875 0.675 0.03125 0.034375
1 0.5484375 0.684375 0.0375 0.009375