1 0.3734375 0.39296875 0.04140625 0.04609375
1 0.38203125 0.4859375 0.04765625 0.10546875
1 0.43359375 0.44765625 0.0375 0.034375
1 0.43203125 0.50703125 0.0421875 0.071875
1 0.465625 0.41953125 0.01796875 0.04140625
1 0.484375 0.453125 0.01640625 0.0109375
1 0.47578125 0.4796875 0.03203125 0.01328125
1 0.46875 0.51796875 0.01640625 0.040625
1 0.4984375 0.42421875 0.01640625 0.04375
1 0.503125 0.5 0.01328125 0.071875
1 0.525 0.434375 0.02265625 0.0546875
1 0.5296875 0.50546875 0.02578125 0.0515625
1 0.55234375 0.50859375 0.01796875 0.04375
1 0.578125 0.4515625 0.03515625 0.11796875
1 0.43671875 0.3484375 0.025 0.05078125
1 0.4796875 0.35078125 0.03828125 0.040625
1 0.521875 0.34921875 0.0296875 0.053125