1 0.609375 0.6 0.0421875 0.0453125
1 0.6015625 0.5 0.0484375 0.1046875
1 0.5484375 0.5421875 0.0453125 0.040625
1 0.54921875 0.4796875 0.046875 0.071875
1 0.5125 0.5734375 0.021875 0.04375
1 0.4921875 0.54375 0.015625 0.01875
1 0.50078125 0.5171875 0.0328125 0.0203125
1 0.50703125 0.475 0.01875 0.0390625
1 0.4796875 0.5734375 0.01875 0.040625
1 0.475 0.49453125 0.0140625 0.071875
1 0.446875 0.56171875 0.0296875 0.06875
1 0.44453125 0.48671875 0.0265625 0.053125
1 0.421875 0.4828125 0.01875 0.0515625
1 0.39296875 0.546875 0.0390625 0.1203125
1 0.45390625 0.6515625 0.0390625 0.0578125
1 0.4984375 0.646875 0.0421875 0.0390625
1 0.54375 0.653125 0.03125 0.05