1 0.6078125 0.3734375 0.053125 0.0609375
1 0.621875 0.4703125 0.0640625 0.10625
1 0.5609375 0.4390625 0.040625 0.0359375
1 0.57421875 0.4953125 0.0609375 0.084375
1 0.525 0.42109375 0.0171875 0.0390625
1 0.51015625 0.45078125 0.0203125 0.021875
1 0.4890625 0.42421875 0.0203125 0.040625
1 0.51640625 0.4765625 0.05 0.028125
1 0.53984375 0.51328125 0.0234375 0.0390625
1 0.50703125 0.521875 0.025 0.0484375
1 0.46484375 0.44296875 0.03125 0.0671875
1 0.46953125 0.51953125 0.0546875 0.05625
1 0.41484375 0.46875 0.0578125 0.1234375
1 0.44765625 0.35390625 0.0421875 0.0578125
1 0.49296875 0.35078125 0.040625 0.0421875
1 0.5328125 0.340625 0.034375 0.0546875