1 0.37421875 0.39453125 0.04453125 0.05
1 0.3796875 0.48046875 0.04609375 0.109375
1 0.4328125 0.44375 0.04609375 0.03125
1 0.43203125 0.503125 0.0453125 0.07109375
1 0.465625 0.41796875 0.0140625 0.03984375
1 0.48359375 0.446875 0.01953125 0.01328125
1 0.47734375 0.47109375 0.03515625 0.01796875
1 0.46875 0.51328125 0.01484375 0.04375
1 0.4984375 0.41796875 0.01484375 0.04140625
1 0.503125 0.49765625 0.01640625 0.06953125
1 0.52734375 0.43515625 0.0234375 0.05546875
1 0.52734375 0.50546875 0.02578125 0.04609375
1 0.553125 0.50625 0.0140625 0.0484375
1 0.58046875 0.44296875 0.04140625 0.11171875
1 0.52265625 0.346875 0.03203125 0.04921875
1 0.4796875 0.34453125 0.03671875 0.0203125
1 0.44140625 0.353125 0.025 0.028125