1 0.37265625 0.390625 0.04296875 0.04296875
1 0.38046875 0.4796875 0.0453125 0.1109375
1 0.43203125 0.45 0.04296875 0.0296875
1 0.43125 0.49921875 0.046875 0.06484375
1 0.48203125 0.446875 0.021875 0.015625
1 0.4765625 0.471875 0.03046875 0.015625
1 0.46796875 0.51328125 0.0140625 0.04609375
1 0.50234375 0.49609375 0.0140625 0.071875
1 0.496875 0.42265625 0.01640625 0.0359375
1 0.4640625 0.4203125 0.01484375 0.03515625
1 0.52734375 0.434375 0.025 0.0609375
1 0.52734375 0.5078125 0.028125 0.04375
1 0.553125 0.5109375 0.01953125 0.04453125
1 0.58125 0.45234375 0.03515625 0.13046875
1 0.52421875 0.3453125 0.034375 0.05703125
1 0.48046875 0.34609375 0.04140625 0.04921875
1 0.4390625 0.3484375 0.0234375 0.0515625