1 0.36171875 0.634375 0.04375 0.0484375
1 0.37109375 0.534375 0.053125 0.109375
1 0.425 0.57578125 0.0484375 0.0328125
1 0.4265625 0.5234375 0.0546875 0.0671875
1 0.4765625 0.55078125 0.046875 0.021875
1 0.46328125 0.5125 0.0203125 0.040625
1 0.48125 0.5140625 0.0140625 0.0125
1 0.49921875 0.515625 0.0234375 0.0375
1 0.48984375 0.6046875 0.0203125 0.0390625
1 0.5203125 0.59453125 0.025 0.0625
1 0.52265625 0.51953125 0.028125 0.040625
1 0.54921875 0.52109375 0.0203125 0.046875
1 0.575 0.5859375 0.0421875 0.1171875
1 0.58828125 0.51796875 0.0109375 0.0078125
1 0.6078125 0.59375 0.0125 0.14375
1 0.5125 0.6671875 0.0328125 0.0125
1 0.45625 0.61796875 0.0140625 0.025
1 0.3890625 0.60859375 0.0140625 0.034375