1 0.353125 0.6046875 0.05 0.046875
1 0.371875 0.5078125 0.0640625 0.1109375
1 0.4234375 0.559375 0.053125 0.046875
1 0.42890625 0.5 0.0640625 0.0890625
1 0.45078125 0.5953125 0.025 0.046875
1 0.47734375 0.565625 0.01875 0.0140625
1 0.47265625 0.53828125 0.034375 0.0265625
1 0.46875 0.49609375 0.028125 0.05
1 0.4875 0.60078125 0.0234375 0.0390625
1 0.50390625 0.52109375 0.0296875 0.0875
1 0.51953125 0.590625 0.0328125 0.0703125
1 0.5328125 0.5078125 0.034375 0.0515625
1 0.55703125 0.5125 0.0234375 0.05625
1 0.58125 0.57421875 0.05625 0.140625
1 0.50390625 0.6765625 0.0484375 0.0609375
1 0.46171875 0.6671875 0.04375 0.0453125
1 0.41484375 0.65625 0.01875 0.03125