1 0.4015625 0.62734375 0.0578125 0.05625
1 0.3890625 0.5359375 0.0640625 0.10625
1 0.44921875 0.56328125 0.05 0.0421875
1 0.4390625 0.51015625 0.0546875 0.071875
1 0.4859375 0.58984375 0.021875 0.040625
1 0.50234375 0.5578125 0.0203125 0.01875
1 0.49375 0.53046875 0.046875 0.028125
1 0.475 0.490625 0.0234375 0.04375
1 0.51015625 0.4890625 0.021875 0.0421875
1 0.51875 0.5828125 0.025 0.04375
1 0.546875 0.56640625 0.034375 0.0625
1 0.53515625 0.490625 0.03125 0.053125
1 0.55859375 0.48671875 0.0234375 0.0484375
1 0.59765625 0.5390625 0.05625 0.140625
1 0.55390625 0.64765625 0.0375 0.0515625
1 0.51328125 0.6546875 0.040625 0.046875
1 0.47421875 0.65625 0.0234375 0.0296875