1 0.37578125 0.3703125 0.04453125 0.0484375
1 0.3796875 0.46796875 0.05546875 0.11171875
1 0.4328125 0.465625 0.04375 0.10703125
1 0.48515625 0.48046875 0.05390625 0.07578125
1 0.48203125 0.41875 0.05078125 0.034375
1 0.49921875 0.390625 0.01953125 0.021875
1 0.528125 0.44453125 0.02578125 0.11875
1 0.553125 0.490625 0.02109375 0.04296875
1 0.58125 0.43125 0.0421875 0.13203125
1 0.61015625 0.43125 0.01015625 0.16953125
1 0.5234375 0.33671875 0.03828125 0.0296875
1 0.47734375 0.321875 0.03515625 0.01328125
1 0.41796875 0.37578125 0.01796875 0.0140625