1 0.603125 0.64140625 0.05 0.053125
1 0.60859375 0.54296875 0.0640625 0.1140625
1 0.5484375 0.57109375 0.04375 0.0359375
1 0.5578125 0.51640625 0.0609375 0.0828125
1 0.51171875 0.603125 0.0171875 0.0390625
1 0.4953125 0.571875 0.021875 0.01875
1 0.5046875 0.546875 0.0359375 0.025
1 0.5203125 0.50546875 0.0234375 0.0421875
1 0.47890625 0.5984375 0.0234375 0.0359375
1 0.4828125 0.5140625 0.0234375 0.075
1 0.44921875 0.57890625 0.03125 0.071875
1 0.45703125 0.5015625 0.034375 0.0484375
1 0.43203125 0.50078125 0.01875 0.04375
1 0.39453125 0.5609375 0.046875 0.1171875
1 0.44296875 0.66953125 0.0390625 0.0546875
1 0.48671875 0.675 0.0390625 0.0328125
1 0.528125 0.67890625 0.0265625 0.03125