1 0.35546875 0.3921875 0.0453125 0.04375
1 0.36015625 0.4875 0.0546875 0.10625
1 0.41640625 0.453125 0.0453125 0.0359375
1 0.41015625 0.509375 0.05 0.059375
1 0.47109375 0.45859375 0.0203125 0.0109375
1 0.4609375 0.48515625 0.03125 0.0140625
1 0.4484375 0.5203125 0.015625 0.04375
1 0.4875 0.5125 0.0234375 0.08125
1 0.515625 0.446875 0.0296875 0.0703125
1 0.51171875 0.52265625 0.0328125 0.05
1 0.5390625 0.525 0.0171875 0.05
1 0.57109375 0.46171875 0.04375 0.128125
1 0.48515625 0.43046875 0.025 0.0390625
1 0.453125 0.42265625 0.01875 0.0390625
1 0.5171875 0.36875 0.0359375 0.015625
1 0.47578125 0.34375 0.034375 0.015625