1 0.378125 0.5921875 0.04375 0.046875
1 0.38671875 0.4984375 0.05 0.103125
1 0.440625 0.5359375 0.040625 0.0265625
1 0.43984375 0.4828125 0.046875 0.06875
1 0.49296875 0.53828125 0.0203125 0.009375
1 0.4859375 0.509375 0.034375 0.01875
1 0.47734375 0.47109375 0.015625 0.034375
1 0.5125 0.4890625 0.015625 0.071875
1 0.50625 0.5671875 0.015625 0.0453125
1 0.47265625 0.5703125 0.01875 0.0375
1 0.5359375 0.55390625 0.0234375 0.0671875
1 0.53828125 0.4796875 0.028125 0.0515625
1 0.5625 0.478125 0.015625 0.04375
1 0.5921875 0.53984375 0.03125 0.128125
1 0.49140625 0.63984375 0.040625 0.040625
1 0.53359375 0.64375 0.03125 0.059375
1 0.44765625 0.63984375 0.0234375 0.040625