1 0.371875 0.3984375 0.0375 0.04375
1 0.38203125 0.48671875 0.046875 0.090625
1 0.434375 0.45 0.04296875 0.028125
1 0.43046875 0.50234375 0.04921875 0.065625
1 0.48359375 0.45234375 0.01640625 0.01796875
1 0.48359375 0.478125 0.0421875 0.025
1 0.46875 0.51640625 0.01796875 0.040625
1 0.5015625 0.51484375 0.0125 0.03671875
1 0.496875 0.421875 0.0171875 0.03828125
1 0.4640625 0.42109375 0.0125 0.04296875
1 0.52421875 0.4375 0.021875 0.05859375
1 0.52734375 0.509375 0.021875 0.0484375
1 0.55234375 0.5140625 0.0140625 0.04140625
1 0.58046875 0.446875 0.02890625 0.109375
1 0.5234375 0.3671875 0.02734375 0.015625