1 0.39765625 0.6328125 0.05 0.05
1 0.3890625 0.54296875 0.065625 0.11875
1 0.4453125 0.56328125 0.0484375 0.0375
1 0.43515625 0.5140625 0.0578125 0.071875
1 0.4953125 0.55703125 0.025 0.01875
1 0.48515625 0.5328125 0.034375 0.021875
1 0.46875 0.49453125 0.0234375 0.0484375
1 0.50546875 0.50390625 0.028125 0.0734375
1 0.5140625 0.57734375 0.0234375 0.0390625
1 0.4828125 0.5859375 0.021875 0.0375
1 0.5421875 0.56015625 0.0359375 0.065625
1 0.52890625 0.4875 0.0359375 0.0484375
1 0.553125 0.4796875 0.028125 0.046875
1 0.5921875 0.53203125 0.0609375 0.1359375
1 0.55703125 0.6484375 0.0453125 0.0640625
1 0.5140625 0.65625 0.0515625 0.05625
1 0.471875 0.6625 0.0328125 0.05625