1 0.60859375 0.37265625 0.0515625 0.0515625
1 0.61796875 0.47109375 0.0640625 0.1140625
1 0.55625 0.43671875 0.0484375 0.040625
1 0.5671875 0.49375 0.05625 0.075
1 0.50390625 0.44296875 0.0171875 0.01875
1 0.5078125 0.4734375 0.046875 0.025
1 0.52890625 0.509375 0.0203125 0.0421875
1 0.49453125 0.5140625 0.01875 0.0421875
1 0.48515625 0.41953125 0.021875 0.0453125
1 0.51796875 0.4109375 0.0234375 0.046875
1 0.45703125 0.43671875 0.0296875 0.0625
1 0.46875 0.5125 0.0328125 0.05
1 0.4421875 0.515625 0.025 0.0484375
1 0.4046875 0.45546875 0.05 0.13125
1 0.44765625 0.34296875 0.0390625 0.05625
1 0.490625 0.34453125 0.04375 0.046875
1 0.53671875 0.34453125 0.0265625 0.034375