1 0.3546875 0.5890625 0.0515625 0.046875
1 0.375 0.49921875 0.0625 0.1046875
1 0.42109375 0.54140625 0.046875 0.0359375
1 0.428125 0.490625 0.05625 0.0734375
1 0.475 0.5234375 0.046875 0.0296875
1 0.4671875 0.48203125 0.01875 0.0375
1 0.48125 0.578125 0.0203125 0.04375
1 0.4734375 0.546875 0.01875 0.0109375
1 0.51015625 0.57109375 0.0265625 0.059375
1 0.52578125 0.49765625 0.028125 0.0484375
1 0.4984375 0.48671875 0.021875 0.0421875
1 0.54921875 0.496875 0.0203125 0.04375
1 0.565625 0.56640625 0.0484375 0.1203125
1 0.49609375 0.6375 0.0359375 0.0234375
1 0.45 0.57734375 0.0234375 0.0453125