1 0.34921875 0.4015625 0.05 0.0421875
1 0.35234375 0.49921875 0.053125 0.1078125
1 0.409375 0.46171875 0.04375 0.03125
1 0.40390625 0.51953125 0.05 0.075
1 0.4625 0.46484375 0.0171875 0.01875
1 0.45625 0.4921875 0.0390625 0.025
1 0.44453125 0.53359375 0.021875 0.046875
1 0.47734375 0.43359375 0.01875 0.0421875
1 0.4453125 0.42890625 0.021875 0.046875
1 0.48125 0.51875 0.0171875 0.065625
1 0.5078125 0.45078125 0.0265625 0.059375
1 0.5078125 0.52734375 0.03125 0.0484375
1 0.53515625 0.52890625 0.0203125 0.0484375
1 0.56640625 0.46328125 0.0484375 0.1234375
1 0.509375 0.36796875 0.0328125 0.0359375
1 0.459375 0.3578125 0.0328125 0.028125