1 0.4109375 0.421875 0.059375 0.06875
1 0.39296875 0.52734375 0.0796875 0.1234375
1 0.459375 0.4984375 0.0484375 0.0453125
1 0.4390625 0.5625 0.0671875 0.090625
1 0.4984375 0.478125 0.0296875 0.053125
1 0.51015625 0.51640625 0.0234375 0.01875
1 0.49375 0.5390625 0.040625 0.0359375
1 0.47578125 0.58046875 0.0296875 0.053125
1 0.51484375 0.575 0.0375 0.0890625
1 0.53125 0.48828125 0.028125 0.0421875
1 0.55703125 0.5109375 0.0390625 0.0765625
1 0.5515625 0.58984375 0.0578125 0.0625
1 0.609375 0.53515625 0.065625 0.1359375
1 0.5765625 0.41171875 0.05 0.06875
1 0.53125 0.40234375 0.05625 0.0671875
1 0.490625 0.3921875 0.0375 0.059375