1 0.37578125 0.40546875 0.04296875 0.053125
1 0.38125 0.50234375 0.04375 0.10625
1 0.43671875 0.46484375 0.03671875 0.03359375
1 0.4328125 0.52109375 0.04765625 0.07421875
1 0.465625 0.43046875 0.02265625 0.0453125
1 0.4984375 0.43828125 0.01328125 0.046875
1 0.484375 0.4640625 0.0171875 0.01484375
1 0.484375 0.490625 0.04609375 0.01796875
1 0.46875 0.5265625 0.01484375 0.0453125
1 0.5296875 0.525 0.0640625 0.04296875
1 0.52578125 0.4515625 0.02421875 0.0609375
1 0.5796875 0.45859375 0.03359375 0.11015625
1 0.5234375 0.3625 0.02890625 0.0546875
1 0.48203125 0.3578125 0.034375 0.04375
1 0.4375 0.35859375 0.02109375 0.05390625