1 0.3859375 0.378125 0.0546875 0.0578125
1 0.37109375 0.47578125 0.0734375 0.1203125
1 0.43046875 0.44921875 0.04375 0.0390625
1 0.41875 0.5078125 0.05625 0.078125
1 0.4703125 0.42734375 0.0234375 0.0515625
1 0.48203125 0.46171875 0.01875 0.015625
1 0.46875 0.48515625 0.0328125 0.0234375
1 0.45390625 0.52578125 0.025 0.0484375
1 0.5015625 0.43671875 0.0265625 0.0421875
1 0.4890625 0.5078125 0.025 0.05625
1 0.52734375 0.45546875 0.0328125 0.0609375
1 0.5234375 0.52421875 0.0546875 0.0703125
1 0.578125 0.478125 0.053125 0.125
1 0.54375 0.3609375 0.046875 0.0703125
1 0.5015625 0.35390625 0.053125 0.0640625
1 0.459375 0.34375 0.0375 0.0625