1 0.60703125 0.45234375 0.075 0.18125
1 0.55078125 0.45078125 0.0453125 0.04375
1 0.5625 0.51484375 0.05625 0.08125
1 0.515625 0.4296875 0.021875 0.0453125
1 0.49921875 0.4640625 0.021875 0.0109375
1 0.48203125 0.434375 0.021875 0.040625
1 0.5109375 0.48828125 0.0328125 0.028125
1 0.5265625 0.53125 0.021875 0.0421875
1 0.4890625 0.521875 0.025 0.0796875
1 0.4546875 0.4515625 0.028125 0.0640625
1 0.453125 0.528125 0.05625 0.0625
1 0.403125 0.4765625 0.0546875 0.1234375
1 0.446875 0.36484375 0.0421875 0.053125
1 0.49140625 0.35625 0.046875 0.0578125
1 0.53203125 0.34921875 0.034375 0.059375