1 0.37421875 0.409375 0.04375 0.046875
1 0.3796875 0.49921875 0.04921875 0.10078125
1 0.434375 0.4625 0.03828125 0.034375
1 0.43203125 0.5234375 0.04296875 0.07421875
1 0.46484375 0.4359375 0.01796875 0.0359375
1 0.4984375 0.43984375 0.015625 0.05
1 0.4828125 0.465625 0.01328125 0.009375
1 0.48359375 0.4921875 0.046875 0.015625
1 0.46875 0.53046875 0.01796875 0.0453125
1 0.52734375 0.528125 0.06015625 0.0390625
1 0.52734375 0.44921875 0.0203125 0.06796875
1 0.58203125 0.46328125 0.03125 0.11953125
1 0.43984375 0.3578125 0.025 0.06015625
1 0.47890625 0.35625 0.04296875 0.05625
1 0.52265625 0.36328125 0.03515625 0.05625