1 0.59921875 0.3546875 0.0578125 0.0609375
1 0.609375 0.45625 0.06875 0.11875
1 0.5453125 0.425 0.0453125 0.0390625
1 0.56015625 0.490625 0.0609375 0.0890625
1 0.50703125 0.39453125 0.01875 0.0484375
1 0.49453125 0.43515625 0.021875 0.01875
1 0.50703125 0.4640625 0.034375 0.028125
1 0.521875 0.50390625 0.028125 0.0484375
1 0.47578125 0.4140625 0.0234375 0.0546875
1 0.48125 0.496875 0.034375 0.08125
1 0.44609375 0.42734375 0.0359375 0.0703125
1 0.446875 0.50546875 0.0546875 0.0625
1 0.3921875 0.446875 0.0578125 0.1296875
1 0.43359375 0.33046875 0.0421875 0.0640625
1 0.48046875 0.32265625 0.053125 0.0703125
1 0.5234375 0.31484375 0.0421875 0.06875