1 0.64453125 0.59375 0.0375 0.0578125
1 0.63515625 0.49296875 0.046875 0.103125
1 0.5796875 0.53671875 0.0421875 0.034375
1 0.58203125 0.47265625 0.0453125 0.0703125
1 0.546875 0.56640625 0.0140625 0.0375
1 0.52578125 0.53046875 0.0125 0.01875
1 0.534375 0.50390625 0.03125 0.021875
1 0.54296875 0.4625 0.0171875 0.0390625
1 0.5109375 0.559375 0.015625 0.05
1 0.50859375 0.48203125 0.015625 0.06875
1 0.48046875 0.546875 0.0234375 0.06875
1 0.465625 0.47109375 0.05 0.0515625
1 0.42421875 0.5359375 0.034375 0.128125
1 0.484375 0.64296875 0.0375 0.05625
1 0.52890625 0.64609375 0.0421875 0.05
1 0.57734375 0.64921875 0.034375 0.059375