1 0.5984375 0.37421875 0.0515625 0.0578125
1 0.6125 0.46953125 0.0671875 0.1140625
1 0.54921875 0.43828125 0.04375 0.0390625
1 0.5640625 0.4984375 0.05625 0.084375
1 0.509375 0.41484375 0.0265625 0.0515625
1 0.48125 0.42734375 0.025 0.0546875
1 0.453125 0.44375 0.0375 0.0765625
1 0.45546875 0.5203125 0.059375 0.059375
1 0.40078125 0.46875 0.059375 0.128125
1 0.5015625 0.453125 0.0171875 0.0171875
1 0.50546875 0.47578125 0.0546875 0.034375
1 0.5296875 0.51328125 0.025 0.040625
1 0.503125 0.52109375 0.0359375 0.046875
1 0.4390625 0.34921875 0.04375 0.06875
1 0.4828125 0.3421875 0.0484375 0.0640625
1 0.5234375 0.33125 0.0390625 0.059375