1 0.36171875 0.55625 0.053125 0.059375
1 0.390625 0.46484375 0.071875 0.1140625
1 0.43203125 0.51953125 0.0453125 0.040625
1 0.44609375 0.459375 0.0609375 0.084375
1 0.4578125 0.55859375 0.0296875 0.0515625
1 0.4890625 0.559375 0.028125 0.053125
1 0.52109375 0.55703125 0.0421875 0.0765625
1 0.5515625 0.4875 0.0609375 0.0625
1 0.57734375 0.5578125 0.0671875 0.128125
1 0.48203125 0.52734375 0.0171875 0.0171875
1 0.48828125 0.5046875 0.0546875 0.0375
1 0.4828125 0.46171875 0.0265625 0.040625
1 0.51015625 0.46640625 0.0375 0.046875
1 0.4921875 0.646875 0.0484375 0.0703125
1 0.45 0.63359375 0.0515625 0.065625
1 0.409375 0.6265625 0.0421875 0.0609375