1 0.6625 0.45390625 0.046875 0.0609375
1 0.64609375 0.553125 0.0671875 0.1171875
1 0.59140625 0.5046875 0.0453125 0.040625
1 0.58671875 0.56875 0.05625 0.084375
1 0.5625 0.47578125 0.01875 0.046875
1 0.53984375 0.5015625 0.0203125 0.025
1 0.540625 0.5296875 0.0375 0.0265625
1 0.546875 0.575 0.021875 0.046875
1 0.52734375 0.4671875 0.0203125 0.04375
1 0.51328125 0.54453125 0.021875 0.059375
1 0.4953125 0.48046875 0.03125 0.0640625
1 0.47265625 0.553125 0.05 0.0515625
1 0.43828125 0.484375 0.053125 0.1296875
1 0.51171875 0.3859375 0.0453125 0.0578125
1 0.55625 0.39140625 0.0421875 0.05
1 0.603125 0.3921875 0.0359375 0.05