1 0.37578125 0.41875 0.04296875 0.046875
1 0.38203125 0.515625 0.04609375 0.10546875
1 0.43359375 0.471875 0.04140625 0.03125
1 0.43203125 0.53203125 0.04453125 0.071875
1 0.46640625 0.44375 0.01484375 0.0484375
1 0.4859375 0.47578125 0.0203125 0.01015625
1 0.47578125 0.5015625 0.02890625 0.0140625
1 0.46953125 0.54140625 0.015625 0.04296875
1 0.4984375 0.44609375 0.01796875 0.0390625
1 0.50234375 0.52578125 0.01640625 0.06875
1 0.5265625 0.46171875 0.01875 0.0609375
1 0.53984375 0.53203125 0.04453125 0.05546875
1 0.58125 0.475 0.03125 0.121875
1 0.52421875 0.3671875 0.0296875 0.06171875
1 0.48203125 0.371875 0.03515625 0.0546875
1 0.44140625 0.3703125 0.02421875 0.0609375