1 0.6734375 0.4390625 0.0609375 0.06875
1 0.64296875 0.53359375 0.06875 0.1046875
1 0.60078125 0.47734375 0.05 0.0390625
1 0.58671875 0.53984375 0.06875 0.0875
1 0.575 0.44296875 0.021875 0.04375
1 0.54609375 0.4703125 0.01875 0.025
1 0.5453125 0.49765625 0.0359375 0.0265625
1 0.54375 0.53984375 0.028125 0.0453125
1 0.53671875 0.44140625 0.03125 0.0578125
1 0.51171875 0.51875 0.0359375 0.08125
1 0.50546875 0.44453125 0.0390625 0.075
1 0.471875 0.515625 0.059375 0.0609375
1 0.44609375 0.43984375 0.0640625 0.128125
1 0.534375 0.35 0.05 0.0671875
1 0.5796875 0.3578125 0.05625 0.06875
1 0.6203125 0.37265625 0.040625 0.065625