1 0.3765625 0.41640625 0.03828125 0.05
1 0.38125 0.5109375 0.04453125 0.10703125
1 0.43671875 0.4671875 0.034375 0.0359375
1 0.43359375 0.5265625 0.04296875 0.07890625
1 0.46640625 0.440625 0.01640625 0.04375
1 0.49921875 0.4484375 0.015625 0.0484375
1 0.4828125 0.471875 0.0171875 0.0109375
1 0.4828125 0.49609375 0.0421875 0.0234375
1 0.46875 0.534375 0.01640625 0.0484375
1 0.5296875 0.5328125 0.06640625 0.0453125
1 0.52734375 0.45390625 0.0234375 0.059375
1 0.58046875 0.4671875 0.03828125 0.11953125
1 0.52265625 0.36875 0.03203125 0.06171875
1 0.4796875 0.36796875 0.0359375 0.05625
1 0.43828125 0.365625 0.0234375 0.06328125