1 0.35 0.58828125 0.05625 0.0578125
1 0.365625 0.4921875 0.0671875 0.10625
1 0.41796875 0.54609375 0.046875 0.0484375
1 0.425 0.48203125 0.059375 0.08125
1 0.44921875 0.58046875 0.025 0.0515625
1 0.47109375 0.54609375 0.0234375 0.025
1 0.47734375 0.52109375 0.0484375 0.028125
1 0.465625 0.48046875 0.0203125 0.046875
1 0.503125 0.4828125 0.021875 0.0453125
1 0.4859375 0.58203125 0.0234375 0.046875
1 0.51640625 0.571875 0.0328125 0.0703125
1 0.53984375 0.4953125 0.053125 0.05
1 0.57734375 0.55703125 0.05625 0.146875
1 0.4984375 0.6671875 0.0453125 0.065625
1 0.45390625 0.65859375 0.0515625 0.06875
1 0.4109375 0.65390625 0.0390625 0.0625
1 0.36328125 0.6703125 0.021875 0.01875