1 0.37578125 0.40703125 0.046875 0.0484375
1 0.378125 0.4984375 0.05078125 0.09296875
1 0.4328125 0.45546875 0.03828125 0.040625
1 0.43203125 0.51484375 0.04609375 0.0703125
1 0.46640625 0.428125 0.01796875 0.04609375
1 0.4828125 0.46171875 0.01953125 0.02109375
1 0.484375 0.4859375 0.04296875 0.0203125
1 0.46875 0.521875 0.0125 0.04296875
1 0.50390625 0.52421875 0.01484375 0.03984375
1 0.50078125 0.43125 0.01640625 0.04140625
1 0.528125 0.44453125 0.021875 0.06328125
1 0.53984375 0.51796875 0.04375 0.040625
1 0.58125 0.465625 0.03359375 0.13359375
1 0.5234375 0.35390625 0.03515625 0.05625
1 0.48125 0.35625 0.040625 0.05859375
1 0.44140625 0.3546875 0.028125 0.05546875
1 0.39921875 0.33359375 0.01796875 0.01484375