1 0.37890625 0.6359375 0.0484375 0.0515625
1 0.3734375 0.53671875 0.0609375 0.1125
1 0.4359375 0.575 0.046875 0.040625
1 0.4296875 0.51484375 0.0515625 0.075
1 0.47265625 0.60703125 0.0234375 0.0515625
1 0.49140625 0.57109375 0.01875 0.0125
1 0.5078125 0.60390625 0.0171875 0.046875
1 0.4875 0.54140625 0.0421875 0.0234375
1 0.4703125 0.5015625 0.021875 0.040625
1 0.5328125 0.4984375 0.078125 0.05
1 0.53828125 0.58046875 0.0296875 0.0703125
1 0.5953125 0.56640625 0.0453125 0.13125
1 0.5421875 0.6796875 0.0421875 0.065625
1 0.49375 0.68671875 0.04375 0.0640625
1 0.45078125 0.690625 0.034375 0.065625