1 0.37734375 0.42265625 0.04296875 0.04375
1 0.38125 0.5109375 0.04453125 0.10703125
1 0.4328125 0.4765625 0.03984375 0.03203125
1 0.4328125 0.534375 0.0453125 0.06875
1 0.4828125 0.47890625 0.02109375 0.01328125
1 0.46640625 0.4515625 0.01171875 0.04375
1 0.4984375 0.45 0.0171875 0.03359375
1 0.478125 0.50546875 0.03359375 0.01796875
1 0.46953125 0.54375 0.015625 0.04453125
1 0.5015625 0.528125 0.01171875 0.078125
1 0.5265625 0.4640625 0.0265625 0.06171875
1 0.5375 0.5328125 0.04609375 0.05859375
1 0.58046875 0.47421875 0.0375 0.1265625
1 0.521875 0.371875 0.03203125 0.059375
1 0.48203125 0.37578125 0.03984375 0.0484375
1 0.43828125 0.37265625 0.02265625 0.053125