1 0.6109375 0.62890625 0.053125 0.05625
1 0.62109375 0.53671875 0.06875 0.1109375
1 0.559375 0.5640625 0.0453125 0.0421875
1 0.57265625 0.503125 0.05625 0.0828125
1 0.5234375 0.5859375 0.025 0.040625
1 0.48984375 0.57578125 0.025 0.053125
1 0.5109375 0.55234375 0.0140625 0.0109375
1 0.51484375 0.52578125 0.05 0.025
1 0.5359375 0.48984375 0.0265625 0.05
1 0.4765625 0.48125 0.06875 0.05
1 0.4625 0.5609375 0.0328125 0.071875
1 0.409375 0.5375 0.053125 0.1265625
1 0.53515625 0.66953125 0.0359375 0.065625
1 0.49453125 0.66484375 0.053125 0.065625
1 0.4515625 0.64921875 0.046875 0.0640625