1 0.365625 0.5859375 0.0421875 0.0546875
1 0.37578125 0.4875 0.0546875 0.10625
1 0.42734375 0.53359375 0.0375 0.0421875
1 0.428125 0.46796875 0.046875 0.08125
1 0.478125 0.528125 0.01875 0.0171875
1 0.48046875 0.503125 0.0421875 0.0265625
1 0.465625 0.46328125 0.0203125 0.0421875
1 0.49140625 0.56015625 0.0203125 0.04375
1 0.5203125 0.5453125 0.0265625 0.059375
1 0.5234375 0.471875 0.06875 0.0453125
1 0.57734375 0.540625 0.0390625 0.115625
1 0.51484375 0.63984375 0.0328125 0.0578125
1 0.47265625 0.6390625 0.0359375 0.0609375
1 0.42734375 0.6359375 0.034375 0.0609375