1 0.37578125 0.4140625 0.04375 0.04921875
1 0.38046875 0.5140625 0.05078125 0.103125
1 0.434375 0.471875 0.04140625 0.03203125
1 0.43203125 0.53203125 0.04296875 0.0734375
1 0.4671875 0.43828125 0.01796875 0.04375
1 0.4828125 0.46953125 0.01796875 0.015625
1 0.47890625 0.49921875 0.03359375 0.01875
1 0.46875 0.53671875 0.01953125 0.03828125
1 0.4984375 0.43984375 0.015625 0.0390625
1 0.50234375 0.5234375 0.01328125 0.06953125
1 0.528125 0.453125 0.0265625 0.06640625
1 0.5375 0.528125 0.04296875 0.05546875
1 0.58125 0.4640625 0.03671875 0.11328125
1 0.52265625 0.365625 0.034375 0.053125
1 0.4828125 0.365625 0.03984375 0.05703125
1 0.43984375 0.36640625 0.02578125 0.05625