1 0.3765625 0.42578125 0.04453125 0.05078125
1 0.38125 0.5140625 0.04609375 0.10859375
1 0.43359375 0.4765625 0.03828125 0.03046875
1 0.43046875 0.53828125 0.0453125 0.07578125
1 0.46640625 0.4484375 0.01328125 0.04609375
1 0.484375 0.48125 0.015625 0.0140625
1 0.49765625 0.45546875 0.01953125 0.04375
1 0.47578125 0.5078125 0.03203125 0.015625
1 0.4703125 0.54609375 0.01953125 0.04296875
1 0.50234375 0.53046875 0.015625 0.07109375
1 0.52578125 0.46328125 0.021875 0.06171875
1 0.53828125 0.534375 0.04765625 0.05546875
1 0.58125 0.4734375 0.03359375 0.11953125
1 0.52421875 0.3765625 0.03515625 0.0546875
1 0.48125 0.371875 0.03984375 0.059375
1 0.4390625 0.37578125 0.025 0.05625