1 0.3734375 0.43046875 0.03984375 0.046875
1 0.3828125 0.528125 0.04375 0.10546875
1 0.4328125 0.4828125 0.04453125 0.034375
1 0.43046875 0.546875 0.05 0.07109375
1 0.465625 0.453125 0.01328125 0.0453125
1 0.48515625 0.48671875 0.0171875 0.01796875
1 0.496875 0.4609375 0.01328125 0.03359375
1 0.4765625 0.51171875 0.03515625 0.01640625
1 0.46875 0.553125 0.015625 0.04140625
1 0.503125 0.540625 0.01484375 0.08046875
1 0.52578125 0.4765625 0.01953125 0.059375
1 0.5375 0.54453125 0.04609375 0.05546875
1 0.58046875 0.4859375 0.0359375 0.11796875
1 0.52109375 0.38203125 0.02890625 0.0609375
1 0.4796875 0.37734375 0.04140625 0.06015625
1 0.43984375 0.3828125 0.02890625 0.053125