1 0.59609375 0.6 0.053125 0.0546875
1 0.61328125 0.51015625 0.0703125 0.11875
1 0.55234375 0.5328125 0.0484375 0.0421875
1 0.56640625 0.475 0.0609375 0.0796875
1 0.50390625 0.51953125 0.025 0.0171875
1 0.51328125 0.55 0.021875 0.046875
1 0.48125 0.54453125 0.025 0.0375
1 0.5140625 0.49375 0.0390625 0.025
1 0.53203125 0.4578125 0.0265625 0.0484375
1 0.49609375 0.465625 0.0296875 0.08125
1 0.45546875 0.5234375 0.040625 0.06875
1 0.4609375 0.45234375 0.059375 0.06875
1 0.4046875 0.50078125 0.0671875 0.1359375
1 0.4390625 0.6171875 0.0453125 0.0671875
1 0.4796875 0.62265625 0.0515625 0.0578125
1 0.5234375 0.6359375 0.034375 0.0578125