1 0.37421875 0.41171875 0.04453125 0.05390625
1 0.38125 0.503125 0.0484375 0.0984375
1 0.434375 0.4609375 0.0390625 0.040625
1 0.43203125 0.515625 0.04609375 0.075
1 0.46796875 0.43203125 0.01640625 0.04375
1 0.49765625 0.4359375 0.01953125 0.04609375
1 0.4859375 0.46328125 0.01953125 0.01015625
1 0.484375 0.490625 0.0421875 0.02421875
1 0.46796875 0.53046875 0.01328125 0.03828125
1 0.528125 0.52890625 0.065625 0.04140625
1 0.528125 0.45 0.02421875 0.0703125
1 0.58203125 0.4640625 0.0359375 0.12421875
1 0.52578125 0.359375 0.0359375 0.05546875
1 0.48046875 0.359375 0.0421875 0.046875
1 0.4390625 0.35859375 0.0296875 0.0484375