1 0.33203125 0.52265625 0.0578125 0.0734375
1 0.365625 0.4234375 0.075 0.1140625
1 0.4078125 0.4828125 0.0453125 0.0453125
1 0.42109375 0.42265625 0.0625 0.084375
1 0.42890625 0.52421875 0.03125 0.053125
1 0.459375 0.49140625 0.021875 0.0234375
1 0.45859375 0.4640625 0.0390625 0.0328125
1 0.4609375 0.421875 0.028125 0.0453125
1 0.4640625 0.528125 0.0265625 0.040625
1 0.4890625 0.4484375 0.0359375 0.071875
1 0.4953125 0.52421875 0.0359375 0.0671875
1 0.528125 0.453125 0.059375 0.0703125
1 0.5546875 0.5265625 0.0734375 0.1375
1 0.46875 0.6109375 0.0453125 0.0671875
1 0.42578125 0.60390625 0.0515625 0.0609375
1 0.38046875 0.59296875 0.0390625 0.059375