1 0.37578125 0.41328125 0.04375 0.053125
1 0.3796875 0.50234375 0.04765625 0.0953125
1 0.43515625 0.4640625 0.0359375 0.0296875
1 0.43359375 0.52734375 0.04765625 0.0765625
1 0.465625 0.43125 0.01171875 0.04453125
1 0.49921875 0.43984375 0.015625 0.03671875
1 0.48203125 0.46640625 0.01953125 0.01640625
1 0.475 0.49375 0.0296875 0.01875
1 0.46875 0.53125 0.01640625 0.03671875
1 0.50234375 0.52109375 0.01328125 0.08125
1 0.5265625 0.45390625 0.02265625 0.06328125
1 0.53828125 0.52421875 0.04765625 0.04375
1 0.58203125 0.4640625 0.03515625 0.1203125
1 0.5234375 0.3625 0.03515625 0.0546875
1 0.48203125 0.35859375 0.03515625 0.0515625
1 0.43984375 0.36328125 0.0234375 0.0484375