1 0.3765625 0.4171875 0.04296875 0.04921875
1 0.38125 0.5046875 0.04609375 0.1015625
1 0.43515625 0.4671875 0.03984375 0.03203125
1 0.4328125 0.5234375 0.0453125 0.065625
1 0.39765625 0.33828125 0.01484375 0.025
1 0.440625 0.36171875 0.0296875 0.06796875
1 0.4828125 0.3609375 0.0375 0.046875
1 0.5234375 0.36484375 0.0328125 0.059375
1 0.4671875 0.4359375 0.0203125 0.04296875
1 0.4859375 0.47109375 0.01328125 0.015625
1 0.484375 0.49375 0.04296875 0.02890625
1 0.46875 0.534375 0.0140625 0.04140625
1 0.5296875 0.528125 0.06640625 0.03125
1 0.525 0.45078125 0.02265625 0.06484375
1 0.496875 0.4390625 0.0140625 0.03359375
1 0.5828125 0.4671875 0.03203125 0.125