1 0.378125 0.390625 0.053125 0.0640625
1 0.36328125 0.48515625 0.0703125 0.1078125
1 0.42734375 0.45859375 0.0484375 0.0421875
1 0.409375 0.51875 0.065625 0.0875
1 0.46640625 0.43359375 0.028125 0.0484375
1 0.4765625 0.4703125 0.0203125 0.0171875
1 0.46328125 0.496875 0.0328125 0.0234375
1 0.446875 0.53359375 0.025 0.0421875
1 0.4984375 0.44921875 0.025 0.0484375
1 0.484375 0.52890625 0.0328125 0.06875
1 0.5234375 0.46875 0.0390625 0.06875
1 0.5203125 0.53828125 0.059375 0.0640625
1 0.57421875 0.4921875 0.0625 0.125
1 0.5421875 0.37265625 0.0515625 0.078125
1 0.49609375 0.36640625 0.0515625 0.0609375
1 0.4578125 0.3546875 0.040625 0.059375