1 0.37421875 0.43046875 0.04296875 0.046875
1 0.38125 0.5234375 0.0484375 0.10859375
1 0.434375 0.48671875 0.0390625 0.03359375
1 0.4328125 0.54453125 0.04609375 0.07578125
1 0.46796875 0.45546875 0.015625 0.0453125
1 0.48671875 0.4890625 0.01640625 0.0109375
1 0.47578125 0.5140625 0.02890625 0.01953125
1 0.4703125 0.553125 0.01796875 0.03515625
1 0.496875 0.45625 0.01640625 0.03359375
1 0.50078125 0.5359375 0.02109375 0.06796875
1 0.5265625 0.46796875 0.01875 0.0609375
1 0.5390625 0.54296875 0.0484375 0.0515625
1 0.58203125 0.484375 0.03203125 0.121875
1 0.525 0.384375 0.03515625 0.06640625
1 0.4796875 0.38046875 0.03828125 0.06328125
1 0.4390625 0.37890625 0.02734375 0.05625