1 0.65546875 0.3671875 0.0515625 0.0625
1 0.66328125 0.4625 0.0609375 0.1078125
1 0.60234375 0.43359375 0.0421875 0.0328125
1 0.61171875 0.49140625 0.05625 0.0796875
1 0.546875 0.4421875 0.0234375 0.0171875
1 0.55078125 0.47109375 0.046875 0.0203125
1 0.571875 0.50625 0.0234375 0.046875
1 0.5109375 0.51171875 0.0796875 0.0515625
1 0.53046875 0.4140625 0.021875 0.0484375
1 0.5 0.425 0.034375 0.0734375
1 0.5625 0.40078125 0.025 0.05
1 0.584375 0.31640625 0.03125 0.0625
1 0.5375 0.3296875 0.04375 0.0640625
1 0.49140625 0.334375 0.040625 0.059375
1 0.4453125 0.44609375 0.053125 0.1359375