1 0.39453125 0.33125 0.021875 0.015625
1 0.3765625 0.40703125 0.04140625 0.04140625
1 0.38515625 0.4953125 0.04609375 0.10390625
1 0.43359375 0.459375 0.04453125 0.0359375
1 0.4328125 0.51640625 0.04453125 0.07109375
1 0.4640625 0.42578125 0.021875 0.04453125
1 0.49296875 0.43984375 0.02734375 0.059375
1 0.4859375 0.51484375 0.05234375 0.078125
1 0.5375 0.4796875 0.04921875 0.12578125
1 0.58203125 0.4609375 0.03359375 0.11875
1 0.52109375 0.35703125 0.03203125 0.05625
1 0.4796875 0.3515625 0.0359375 0.0453125
1 0.4390625 0.353125 0.02421875 0.04609375