1 0.3734375 0.4140625 0.03984375 0.04609375
1 0.38203125 0.503125 0.04609375 0.10546875
1 0.43671875 0.465625 0.03984375 0.03359375
1 0.43203125 0.5234375 0.04765625 0.06328125
1 0.46796875 0.43359375 0.0171875 0.04609375
1 0.48359375 0.46796875 0.01640625 0.00859375
1 0.48515625 0.49453125 0.04296875 0.0234375
1 0.46875 0.53125 0.01484375 0.03671875
1 0.5015625 0.52890625 0.0171875 0.03203125
1 0.49609375 0.440625 0.01640625 0.0453125
1 0.52890625 0.453125 0.02109375 0.06328125
1 0.53828125 0.52421875 0.04609375 0.040625
1 0.58046875 0.46953125 0.03359375 0.134375
1 0.525 0.3640625 0.0328125 0.05625
1 0.48125 0.3671875 0.040625 0.0546875
1 0.44140625 0.36171875 0.0265625 0.05703125
1 0.39609375 0.3359375 0.02109375 0.01953125