1 0.3765625 0.43671875 0.040625 0.05625
1 0.38125 0.534375 0.046875 0.10625
1 0.434375 0.4921875 0.03671875 0.03046875
1 0.43203125 0.55234375 0.04609375 0.075
1 0.46640625 0.4640625 0.01484375 0.040625
1 0.484375 0.496875 0.01875 0.0140625
1 0.47578125 0.51953125 0.03203125 0.02421875
1 0.46953125 0.5609375 0.015625 0.03828125
1 0.496875 0.46640625 0.01640625 0.0453125
1 0.503125 0.5453125 0.01796875 0.078125
1 0.52734375 0.48046875 0.0234375 0.06015625
1 0.5390625 0.55 0.04921875 0.05390625
1 0.58125 0.4890625 0.0359375 0.115625
1 0.52109375 0.39140625 0.03046875 0.05859375
1 0.47890625 0.3921875 0.0390625 0.053125
1 0.4390625 0.39140625 0.02265625 0.059375