1 0.596875 0.59609375 0.053125 0.0625
1 0.61640625 0.4953125 0.075 0.125
1 0.54609375 0.5265625 0.0453125 0.046875
1 0.56484375 0.46484375 0.065625 0.09375
1 0.50859375 0.546875 0.0296875 0.05
1 0.47578125 0.53046875 0.0296875 0.0546875
1 0.5 0.509375 0.0203125 0.015625
1 0.50546875 0.484375 0.05 0.0359375
1 0.53046875 0.446875 0.0296875 0.0546875
1 0.46640625 0.4328125 0.08125 0.065625
1 0.44765625 0.51640625 0.040625 0.06875
1 0.3953125 0.4890625 0.071875 0.1359375
1 0.4296875 0.60703125 0.05 0.0734375
1 0.475 0.61953125 0.053125 0.06875
1 0.51796875 0.63359375 0.0421875 0.0734375