1 0.33671875 0.5546875 0.059375 0.1859375
1 0.39453125 0.5203125 0.0515625 0.1171875
1 0.43046875 0.59921875 0.015625 0.046875
1 0.45 0.56328125 0.0203125 0.0140625
1 0.4421875 0.5375 0.0359375 0.01875
1 0.4359375 0.49453125 0.01875 0.040625
1 0.465625 0.59296875 0.0171875 0.04375
1 0.47265625 0.509375 0.01875 0.078125
1 0.4953125 0.58125 0.0234375 0.065625
1 0.51015625 0.503125 0.0515625 0.065625
1 0.55546875 0.5671875 0.0375 0.13125
1 0.48984375 0.6796875 0.034375 0.0578125
1 0.44375 0.67890625 0.0421875 0.0578125
1 0.4015625 0.678125 0.0328125 0.0609375