1 0.59453125 0.634375 0.05 0.053125
1 0.59765625 0.5390625 0.0546875 0.103125
1 0.5359375 0.57890625 0.04375 0.0390625
1 0.54296875 0.5171875 0.05 0.0734375
1 0.50078125 0.6046875 0.0234375 0.046875
1 0.48359375 0.5703125 0.0203125 0.0171875
1 0.49453125 0.5453125 0.034375 0.021875
1 0.50390625 0.5046875 0.0203125 0.0390625
1 0.46796875 0.6015625 0.025 0.0421875
1 0.46640625 0.51484375 0.0203125 0.0765625
1 0.43671875 0.5890625 0.025 0.0703125
1 0.43984375 0.5078125 0.0296875 0.05
1 0.4140625 0.50859375 0.021875 0.0609375
1 0.38203125 0.5671875 0.04375 0.13125
1 0.43671875 0.67890625 0.0359375 0.0609375
1 0.48125 0.68515625 0.04375 0.059375
1 0.52578125 0.6875 0.0328125 0.0546875
1 0.5703125 0.709375 0.03125 0.01875