1 0.37578125 0.4109375 0.03828125 0.04609375
1 0.38203125 0.50546875 0.04609375 0.10390625
1 0.434375 0.4671875 0.0390625 0.03046875
1 0.43125 0.5265625 0.04765625 0.071875
1 0.465625 0.43828125 0.01484375 0.04375
1 0.484375 0.4703125 0.0203125 0.01328125
1 0.496875 0.44140625 0.01484375 0.03671875
1 0.4765625 0.49453125 0.02734375 0.01875
1 0.46875 0.53515625 0.01796875 0.040625
1 0.5046875 0.51875 0.01640625 0.0703125
1 0.5265625 0.4515625 0.025 0.06171875
1 0.53828125 0.5234375 0.04296875 0.0484375
1 0.58046875 0.46328125 0.03046875 0.11953125
1 0.5234375 0.36171875 0.03046875 0.0546875
1 0.47890625 0.36328125 0.03828125 0.05
1 0.43984375 0.36171875 0.02578125 0.0546875