1 0.37578125 0.428125 0.04296875 0.05
1 0.38046875 0.52578125 0.04453125 0.11015625
1 0.43515625 0.48359375 0.03828125 0.03203125
1 0.43203125 0.5484375 0.046875 0.08828125
1 0.46484375 0.45390625 0.0203125 0.040625
1 0.48515625 0.4890625 0.01875 0.01015625
1 0.4765625 0.5140625 0.03359375 0.01875
1 0.4703125 0.55390625 0.02265625 0.04375
1 0.496875 0.45703125 0.02421875 0.05
1 0.50390625 0.54140625 0.01640625 0.0703125
1 0.5265625 0.47109375 0.0234375 0.06875
1 0.53828125 0.540625 0.04765625 0.059375
1 0.58125 0.48359375 0.03671875 0.12578125
1 0.5234375 0.38203125 0.0296875 0.059375
1 0.48203125 0.3765625 0.03671875 0.05546875
1 0.43828125 0.37890625 0.03046875 0.05546875