1 0.3765625 0.43125 0.03984375 0.06015625
1 0.38359375 0.52890625 0.046875 0.09921875
1 0.4359375 0.4859375 0.03515625 0.034375
1 0.4328125 0.54375 0.0421875 0.07109375
1 0.46484375 0.453125 0.0171875 0.0484375
1 0.48515625 0.490625 0.0171875 0.01796875
1 0.478125 0.515625 0.03203125 0.0234375
1 0.46953125 0.5546875 0.01640625 0.0390625
1 0.4984375 0.45859375 0.01640625 0.03515625
1 0.50078125 0.53671875 0.01640625 0.065625
1 0.52578125 0.46875 0.01875 0.06015625
1 0.53828125 0.54140625 0.04140625 0.05703125
1 0.5796875 0.48125 0.03828125 0.12421875
1 0.52265625 0.38359375 0.0296875 0.05703125
1 0.48203125 0.38046875 0.03671875 0.04921875
1 0.43828125 0.37890625 0.025 0.0515625