1 0.36484375 0.40625 0.0515625 0.0625
1 0.37578125 0.5015625 0.059375 0.115625
1 0.43203125 0.45234375 0.0484375 0.046875
1 0.43125 0.521875 0.0546875 0.08125
1 0.4640625 0.421875 0.01875 0.05
1 0.49765625 0.425 0.0203125 0.0484375
1 0.52890625 0.43515625 0.0296875 0.0640625
1 0.48515625 0.48125 0.0453125 0.025
1 0.471875 0.5265625 0.025 0.05
1 0.534375 0.52109375 0.075 0.053125
1 0.58828125 0.4546875 0.0453125 0.1390625
1 0.52109375 0.34296875 0.0375 0.065625
1 0.475 0.3453125 0.040625 0.065625
1 0.4328125 0.34765625 0.0328125 0.065625
1 0.3828125 0.32578125 0.0234375 0.0234375