1 0.38828125 0.5546875 0.04375 0.05
1 0.39453125 0.45703125 0.05 0.1125
1 0.45 0.4953125 0.040625 0.034375
1 0.44921875 0.43515625 0.046875 0.0796875
1 0.48515625 0.52890625 0.015625 0.046875
1 0.50546875 0.49296875 0.0171875 0.0125
1 0.49375 0.46640625 0.0296875 0.0203125
1 0.48828125 0.4265625 0.01875 0.0375
1 0.51640625 0.52734375 0.0171875 0.034375
1 0.5203125 0.44453125 0.021875 0.0703125
1 0.546875 0.515625 0.01875 0.0640625
1 0.56015625 0.4375 0.05 0.053125
1 0.6046875 0.4984375 0.034375 0.128125
1 0.5453125 0.60234375 0.0375 0.06875
1 0.49765625 0.60625 0.040625 0.065625
1 0.45546875 0.6078125 0.028125 0.059375