1 0.3765625 0.40546875 0.03984375 0.046875
1 0.38125 0.4953125 0.04765625 0.09609375
1 0.434375 0.4609375 0.03828125 0.03359375
1 0.43203125 0.51328125 0.04140625 0.0703125
1 0.46484375 0.43203125 0.01953125 0.04140625
1 0.48203125 0.4609375 0.02109375 0.0140625
1 0.48515625 0.48671875 0.04453125 0.02109375
1 0.47109375 0.52421875 0.01640625 0.04375
1 0.5296875 0.52109375 0.06640625 0.04140625
1 0.440625 0.3515625 0.02421875 0.0640625
1 0.39921875 0.334375 0.01953125 0.01953125
1 0.48046875 0.35390625 0.03828125 0.05390625
1 0.525 0.35625 0.03046875 0.0546875
1 0.496875 0.42890625 0.01796875 0.0515625
1 0.52734375 0.44296875 0.02109375 0.06640625
1 0.58046875 0.459375 0.03515625 0.12578125