1 0.63125 0.4390625 0.05 0.05625
1 0.60078125 0.53203125 0.071875 0.115625
1 0.5578125 0.48046875 0.046875 0.040625
1 0.54609375 0.54140625 0.065625 0.084375
1 0.53359375 0.44375 0.0265625 0.0484375
1 0.50703125 0.47109375 0.0234375 0.01875
1 0.50234375 0.4390625 0.025 0.040625
1 0.50859375 0.49765625 0.03125 0.025
1 0.50703125 0.540625 0.028125 0.0453125
1 0.475 0.51484375 0.034375 0.075
1 0.46953125 0.44140625 0.040625 0.06875
1 0.43984375 0.5109375 0.0546875 0.059375
1 0.4125 0.440625 0.0609375 0.128125
1 0.4953125 0.35234375 0.04375 0.0625
1 0.5390625 0.36484375 0.0515625 0.059375
1 0.57890625 0.3734375 0.0390625 0.0609375