1 0.3640625 0.46328125 0.05 0.0640625
1 0.3890625 0.56015625 0.0765625 0.11875
1 0.43828125 0.50859375 0.0484375 0.04375
1 0.4484375 0.5703125 0.0625 0.0859375
1 0.46484375 0.4765625 0.021875 0.046875
1 0.4890625 0.5 0.021875 0.025
1 0.490625 0.52734375 0.0375 0.0296875
1 0.4890625 0.57265625 0.025 0.046875
1 0.4984375 0.465625 0.0234375 0.04375
1 0.51875 0.5390625 0.0265625 0.059375
1 0.53125 0.47578125 0.0359375 0.0640625
1 0.56015625 0.5453125 0.053125 0.0546875
1 0.58828125 0.47421875 0.0625 0.1296875
1 0.50625 0.38359375 0.0484375 0.059375
1 0.4640625 0.3921875 0.046875 0.0515625
1 0.4171875 0.39765625 0.0390625 0.0515625