1 0.37734375 0.415625 0.04296875 0.046875
1 0.38203125 0.50703125 0.046875 0.103125
1 0.43515625 0.47109375 0.0390625 0.034375
1 0.43125 0.525 0.04296875 0.07421875
1 0.465625 0.44140625 0.01796875 0.046875
1 0.4984375 0.4390625 0.01953125 0.0453125
1 0.484375 0.471875 0.01953125 0.01640625
1 0.48359375 0.49609375 0.04296875 0.02421875
1 0.46875 0.53671875 0.0171875 0.04453125
1 0.503125 0.53671875 0.01015625 0.04921875
1 0.53671875 0.48828125 0.04609375 0.13046875
1 0.5828125 0.47109375 0.0390625 0.121875
1 0.52265625 0.36640625 0.03671875 0.05625
1 0.47890625 0.36484375 0.03984375 0.0515625
1 0.43828125 0.36484375 0.02578125 0.0515625