1 0.61640625 0.415625 0.046875 0.0515625
1 0.61875 0.51484375 0.05625 0.1109375
1 0.5640625 0.47578125 0.0484375 0.0390625
1 0.57421875 0.5390625 0.0578125 0.078125
1 0.52734375 0.45 0.01875 0.046875
1 0.5125 0.4859375 0.01875 0.0203125
1 0.49765625 0.46171875 0.0171875 0.034375
1 0.52421875 0.51015625 0.0375 0.0203125
1 0.53671875 0.55078125 0.0203125 0.04375
1 0.50078125 0.54140625 0.025 0.0828125
1 0.47109375 0.48046875 0.0265625 0.0609375
1 0.4671875 0.55 0.053125 0.0609375
1 0.4171875 0.496875 0.05 0.121875
1 0.46328125 0.38671875 0.0375 0.065625
1 0.5046875 0.37578125 0.0484375 0.0640625
1 0.54453125 0.3765625 0.0359375 0.05625