1 0.38125 0.47734375 0.05078125 0.165625
1 0.434375 0.46875 0.0421875 0.03125
1 0.43203125 0.528125 0.04453125 0.0734375
1 0.465625 0.44140625 0.0171875 0.04453125
1 0.48359375 0.4765625 0.015625 0.015625
1 0.478125 0.5 0.02890625 0.0203125
1 0.46796875 0.5375 0.0125 0.0359375
1 0.5046875 0.52109375 0.01640625 0.06875
1 0.496875 0.440625 0.0171875 0.040625
1 0.5375 0.490625 0.04765625 0.128125
1 0.58203125 0.46796875 0.03125 0.11640625
1 0.52265625 0.36875 0.02890625 0.05546875
1 0.48046875 0.36796875 0.03828125 0.05390625
1 0.440625 0.3640625 0.028125 0.0484375