1 0.63359375 0.415625 0.0484375 0.05625
1 0.61875 0.51171875 0.053125 0.1109375
1 0.5671875 0.46953125 0.040625 0.0375
1 0.565625 0.52578125 0.0546875 0.078125
1 0.54140625 0.43203125 0.0265625 0.046875
1 0.5078125 0.43828125 0.0171875 0.0484375
1 0.51875 0.4640625 0.01875 0.015625
1 0.5171875 0.490625 0.046875 0.021875
1 0.5296875 0.528125 0.01875 0.046875
1 0.46875 0.521875 0.0671875 0.0484375
1 0.47890625 0.4484375 0.0296875 0.0640625
1 0.42421875 0.45078125 0.04375 0.1140625
1 0.48984375 0.359375 0.0328125 0.05625
1 0.53046875 0.35859375 0.0375 0.046875
1 0.57578125 0.3625 0.025 0.05625