1 0.37109375 0.5625 0.0484375 0.05625
1 0.3765625 0.46796875 0.0484375 0.109375
1 0.4296875 0.509375 0.040625 0.0328125
1 0.42890625 0.45 0.0484375 0.0796875
1 0.46015625 0.53984375 0.0140625 0.0453125
1 0.48046875 0.5109375 0.01875 0.0125
1 0.4734375 0.48046875 0.0328125 0.0203125
1 0.465625 0.43828125 0.0171875 0.0484375
1 0.49453125 0.53828125 0.01875 0.05
1 0.5 0.4640625 0.0171875 0.0578125
1 0.5234375 0.5265625 0.021875 0.0703125
1 0.53984375 0.44921875 0.046875 0.05625
1 0.58046875 0.51328125 0.0359375 0.1296875
1 0.5203125 0.61796875 0.034375 0.0578125
1 0.47421875 0.61953125 0.0421875 0.059375
1 0.4328125 0.62265625 0.0265625 0.0609375