1 0.38359375 0.5796875 0.0484375 0.0578125
1 0.3921875 0.48515625 0.046875 0.09375
1 0.44375 0.52890625 0.0421875 0.0296875
1 0.44453125 0.46640625 0.05 0.0765625
1 0.47734375 0.55625 0.0125 0.0421875
1 0.496875 0.52265625 0.0140625 0.021875
1 0.4921875 0.49765625 0.03125 0.01875
1 0.484375 0.4578125 0.01875 0.0421875
1 0.51328125 0.5484375 0.01875 0.053125
1 0.5203125 0.46953125 0.0171875 0.078125
1 0.540625 0.5390625 0.0234375 0.06875
1 0.5578125 0.4640625 0.0484375 0.05
1 0.5984375 0.5296875 0.0359375 0.1203125
1 0.53515625 0.634375 0.0359375 0.059375
1 0.48984375 0.63671875 0.04375 0.0578125
1 0.44921875 0.63125 0.028125 0.059375