1 0.38203125 0.59375 0.05 0.0546875
1 0.37890625 0.50078125 0.0609375 0.1125
1 0.4359375 0.52734375 0.0421875 0.0359375
1 0.42734375 0.46953125 0.05 0.075
1 0.471875 0.55546875 0.0203125 0.04375
1 0.48671875 0.52265625 0.0203125 0.015625
1 0.503125 0.54921875 0.015625 0.0390625
1 0.47421875 0.4984375 0.0296875 0.0234375
1 0.4640625 0.459375 0.01875 0.034375
1 0.4984375 0.471875 0.01875 0.0734375
1 0.5296875 0.53515625 0.0296875 0.065625
1 0.53359375 0.46171875 0.0546875 0.0578125
1 0.58359375 0.515625 0.046875 0.1234375
1 0.5359375 0.62265625 0.0390625 0.059375
1 0.4953125 0.628125 0.0421875 0.0578125
1 0.45078125 0.63125 0.034375 0.059375