1 0.63203125 0.56953125 0.046875 0.0578125
1 0.63046875 0.471875 0.0515625 0.1109375
1 0.5734375 0.51015625 0.040625 0.03125
1 0.5796875 0.45 0.0484375 0.075
1 0.540625 0.540625 0.0203125 0.0390625
1 0.525 0.50859375 0.0203125 0.01875
1 0.5328125 0.48125 0.0390625 0.01875
1 0.540625 0.4421875 0.0234375 0.05
1 0.50859375 0.534375 0.0203125 0.0375
1 0.5046875 0.4546875 0.0171875 0.06875
1 0.4796875 0.525 0.0265625 0.0625
1 0.46953125 0.44765625 0.046875 0.0578125
1 0.42421875 0.5125 0.0453125 0.11875
1 0.4796875 0.615625 0.0375 0.0578125
1 0.5234375 0.61953125 0.040625 0.0640625
1 0.56796875 0.62109375 0.0328125 0.0671875