1 0.63359375 0.428125 0.0484375 0.053125
1 0.6203125 0.528125 0.0609375 0.1078125
1 0.5703125 0.48046875 0.0453125 0.0359375
1 0.5671875 0.54140625 0.0484375 0.0765625
1 0.53984375 0.44375 0.021875 0.0453125
1 0.52109375 0.47421875 0.01875 0.0171875
1 0.52265625 0.50390625 0.034375 0.021875
1 0.5296875 0.54296875 0.0234375 0.0390625
1 0.50859375 0.44296875 0.01875 0.040625
1 0.49765625 0.5265625 0.01875 0.0703125
1 0.47734375 0.453125 0.0328125 0.06875
1 0.4625 0.52734375 0.0484375 0.059375
1 0.4234375 0.459375 0.046875 0.115625
1 0.49140625 0.365625 0.0390625 0.05625
1 0.53125 0.3703125 0.0453125 0.0609375
1 0.5734375 0.37421875 0.03125 0.059375