1 0.39609375 0.415625 0.0453125 0.0578125
1 0.39296875 0.515625 0.059375 0.1140625
1 0.45703125 0.47734375 0.046875 0.04375
1 0.446875 0.54140625 0.0578125 0.084375
1 0.49296875 0.4453125 0.0234375 0.0515625
1 0.50546875 0.48515625 0.021875 0.015625
1 0.4984375 0.51328125 0.0328125 0.021875
1 0.48515625 0.55078125 0.0265625 0.0484375
1 0.52578125 0.459375 0.015625 0.0515625
1 0.5234375 0.53828125 0.0234375 0.0703125
1 0.553125 0.47421875 0.0296875 0.075
1 0.56171875 0.55234375 0.0515625 0.0546875
1 0.61328125 0.49453125 0.053125 0.134375
1 0.5609375 0.375 0.0390625 0.0640625
1 0.5140625 0.37734375 0.0421875 0.0578125
1 0.47265625 0.36875 0.03125 0.065625