1 0.3765625 0.42109375 0.03984375 0.0484375
1 0.38125 0.51640625 0.04765625 0.096875
1 0.4296875 0.51796875 0.04453125 0.10703125
1 0.46484375 0.446875 0.015625 0.040625
1 0.484375 0.47890625 0.021875 0.01796875
1 0.47734375 0.503125 0.03125 0.01796875
1 0.46796875 0.540625 0.01640625 0.0453125
1 0.4984375 0.44296875 0.01953125 0.03828125
1 0.50234375 0.52890625 0.0125 0.07109375
1 0.5265625 0.46171875 0.01953125 0.06015625
1 0.5390625 0.53671875 0.0453125 0.0453125
1 0.5828125 0.47265625 0.03828125 0.125
1 0.5234375 0.3734375 0.03203125 0.05390625
1 0.48203125 0.3734375 0.03828125 0.04921875
1 0.4390625 0.36953125 0.0234375 0.05078125