1 0.37421875 0.4203125 0.04453125 0.05
1 0.38046875 0.5125 0.05078125 0.10625
1 0.434375 0.48125 0.03828125 0.03203125
1 0.43203125 0.53828125 0.0421875 0.0703125
1 0.4671875 0.44921875 0.01640625 0.04296875
1 0.48515625 0.4796875 0.01953125 0.01328125
1 0.4984375 0.45234375 0.01171875 0.03828125
1 0.475 0.50546875 0.028125 0.02109375
1 0.46953125 0.54453125 0.01484375 0.03359375
1 0.50234375 0.52890625 0.01171875 0.071875
1 0.52578125 0.4625 0.02265625 0.0640625
1 0.53828125 0.53515625 0.04921875 0.0515625
1 0.58125 0.4765625 0.034375 0.1203125
1 0.5234375 0.37578125 0.0328125 0.05546875
1 0.48203125 0.375 0.0375 0.05390625
1 0.43828125 0.37578125 0.028125 0.05546875