1 0.615625 0.6015625 0.0484375 0.0578125
1 0.61640625 0.50859375 0.05625 0.103125
1 0.559375 0.546875 0.0421875 0.04375
1 0.56484375 0.49296875 0.0515625 0.078125
1 0.52265625 0.57421875 0.0203125 0.0453125
1 0.49375 0.56796875 0.0234375 0.0484375
1 0.50625 0.54140625 0.0203125 0.0109375
1 0.51015625 0.5140625 0.0453125 0.0265625
1 0.5296875 0.47578125 0.0171875 0.0390625
1 0.46875 0.471875 0.06875 0.046875
1 0.4640625 0.55234375 0.0296875 0.0734375
1 0.4109375 0.534375 0.0453125 0.128125
1 0.459375 0.64375 0.0390625 0.059375
1 0.50546875 0.64609375 0.046875 0.05
1 0.546875 0.65078125 0.0328125 0.05