1 0.35859375 0.5515625 0.053125 0.0578125
1 0.384375 0.4671875 0.0703125 0.1109375
1 0.42734375 0.5171875 0.046875 0.0421875
1 0.43984375 0.46171875 0.059375 0.075
1 0.359375 0.63359375 0.0203125 0.028125
1 0.40703125 0.62109375 0.0453125 0.0734375
1 0.4484375 0.6328125 0.0484375 0.0546875
1 0.4890625 0.63828125 0.046875 0.065625
1 0.45078125 0.5546875 0.0296875 0.046875
1 0.47734375 0.52578125 0.0171875 0.01875
1 0.48203125 0.503125 0.0484375 0.0390625
1 0.47734375 0.45859375 0.0234375 0.04375
1 0.534375 0.48046875 0.0734375 0.046875
1 0.51171875 0.5546875 0.0375 0.06875
1 0.48125 0.559375 0.021875 0.0359375
1 0.57109375 0.553125 0.0609375 0.1296875