1 0.37109375 0.57578125 0.05 0.0484375
1 0.375 0.47421875 0.0515625 0.1125
1 0.4328125 0.5140625 0.0421875 0.040625
1 0.42578125 0.4484375 0.05 0.0796875
1 0.465625 0.54453125 0.01875 0.046875
1 0.48359375 0.51015625 0.0203125 0.0171875
1 0.5 0.53671875 0.015625 0.0453125
1 0.47421875 0.4828125 0.0359375 0.0171875
1 0.465625 0.4390625 0.01875 0.0453125
1 0.503125 0.45703125 0.0171875 0.0703125
1 0.53203125 0.521875 0.0296875 0.0578125
1 0.53984375 0.44765625 0.05 0.0625
1 0.58515625 0.5078125 0.0375 0.128125
1 0.53046875 0.6203125 0.0375 0.0734375
1 0.48671875 0.62578125 0.0484375 0.059375
1 0.43984375 0.625 0.0359375 0.0578125