1 0.375 0.41953125 0.04609375 0.04140625
1 0.38125 0.51171875 0.05078125 0.10390625
1 0.434375 0.47109375 0.04140625 0.03125
1 0.4328125 0.53046875 0.0453125 0.0734375
1 0.465625 0.44296875 0.01953125 0.04453125
1 0.48515625 0.47578125 0.01875 0.01484375
1 0.47578125 0.5 0.0328125 0.021875
1 0.4703125 0.54140625 0.01796875 0.0390625
1 0.5015625 0.521875 0.0140625 0.06171875
1 0.496875 0.446875 0.02109375 0.04375
1 0.528125 0.45859375 0.01953125 0.0640625
1 0.53828125 0.53203125 0.04453125 0.0546875
1 0.5796875 0.47578125 0.03359375 0.12109375
1 0.52265625 0.36953125 0.03125 0.053125
1 0.4828125 0.36875 0.03359375 0.0515625
1 0.4390625 0.36640625 0.02890625 0.0515625