1 0.61875 0.39609375 0.046875 0.0578125
1 0.62421875 0.4953125 0.0625 0.109375
1 0.565625 0.45703125 0.040625 0.0453125
1 0.57578125 0.521875 0.0546875 0.084375
1 0.51796875 0.4703125 0.0203125 0.01875
1 0.51875 0.4953125 0.04375 0.0296875
1 0.53984375 0.53203125 0.0234375 0.04375
1 0.49921875 0.4421875 0.0234375 0.0453125
1 0.4734375 0.46015625 0.03125 0.059375
1 0.48125 0.5328125 0.071875 0.05
1 0.41796875 0.4734375 0.0484375 0.1171875
1 0.4640625 0.36640625 0.0359375 0.059375
1 0.50546875 0.3609375 0.0390625 0.0625
1 0.55 0.35703125 0.040625 0.0640625