1 0.37578125 0.41328125 0.04140625 0.0484375
1 0.38046875 0.50703125 0.04609375 0.1
1 0.43515625 0.46875 0.04140625 0.02578125
1 0.4328125 0.53125 0.04765625 0.0796875
1 0.46484375 0.43671875 0.01875 0.0390625
1 0.4828125 0.4703125 0.01953125 0.01328125
1 0.47578125 0.49609375 0.02734375 0.01484375
1 0.4703125 0.5359375 0.01484375 0.040625
1 0.49765625 0.44296875 0.01640625 0.04453125
1 0.503125 0.52109375 0.01640625 0.07421875
1 0.5265625 0.45390625 0.02265625 0.06171875
1 0.5390625 0.52734375 0.04609375 0.05078125
1 0.58046875 0.46796875 0.03828125 0.1234375
1 0.52421875 0.36640625 0.03359375 0.0609375
1 0.48125 0.36171875 0.03984375 0.053125
1 0.440625 0.36640625 0.025 0.059375