1 0.3671875 0.5953125 0.04375 0.0484375
1 0.37578125 0.49453125 0.053125 0.103125
1 0.43046875 0.5375 0.0390625 0.0328125
1 0.43125 0.47734375 0.0453125 0.06875
1 0.465625 0.57109375 0.01875 0.0453125
1 0.48359375 0.5359375 0.0203125 0.0140625
1 0.4875 0.509375 0.053125 0.0234375
1 0.47109375 0.465625 0.01875 0.046875
1 0.5359375 0.471875 0.0765625 0.0453125
1 0.50078125 0.5640625 0.01875 0.0453125
1 0.528125 0.55546875 0.0265625 0.065625
1 0.59140625 0.540625 0.0359375 0.125
1 0.52578125 0.64921875 0.0359375 0.0515625
1 0.48046875 0.64921875 0.0390625 0.053125
1 0.43671875 0.6484375 0.03125 0.06875