1 0.39609375 0.3546875 0.05 0.059375
1 0.38828125 0.45625 0.0625 0.1140625
1 0.4515625 0.4234375 0.04375 0.04375
1 0.440625 0.4828125 0.059375 0.0890625
1 0.4875 0.39765625 0.0203125 0.0421875
1 0.5015625 0.4328125 0.0265625 0.0234375
1 0.49921875 0.45703125 0.05 0.028125
1 0.478125 0.4984375 0.0265625 0.0484375
1 0.54140625 0.5015625 0.0765625 0.0546875
1 0.5234375 0.40078125 0.0296875 0.046875
1 0.54921875 0.42265625 0.0328125 0.071875
1 0.60546875 0.4421875 0.0515625 0.1359375
1 0.559375 0.3265625 0.034375 0.046875
1 0.5125 0.3171875 0.0484375 0.0609375
1 0.46953125 0.309375 0.0359375 0.0609375
1 0.425 0.28203125 0.0203125 0.0203125