1 0.371875 0.44375 0.0515625 0.05625
1 0.39296875 0.5421875 0.0671875 0.121875
1 0.44296875 0.4953125 0.0453125 0.040625
1 0.45 0.55625 0.059375 0.0875
1 0.47421875 0.45625 0.0234375 0.05
1 0.49921875 0.4890625 0.01875 0.0140625
1 0.49140625 0.51796875 0.0328125 0.025
1 0.49140625 0.55859375 0.0234375 0.0390625
1 0.50546875 0.453125 0.021875 0.0375
1 0.521875 0.53671875 0.03125 0.075
1 0.5375 0.4609375 0.0296875 0.0671875
1 0.56328125 0.5375 0.059375 0.0625
1 0.6 0.4703125 0.0515625 0.134375
1 0.52421875 0.37265625 0.046875 0.075
1 0.47578125 0.37578125 0.05 0.071875
1 0.4328125 0.38046875 0.0375 0.0640625