1 0.64921875 0.4984375 0.059375 0.184375
1 0.5890625 0.50546875 0.0421875 0.0359375
1 0.59375 0.4453125 0.0484375 0.078125
1 0.5578125 0.53828125 0.0171875 0.0546875
1 0.53828125 0.50625 0.0203125 0.015625
1 0.546875 0.4796875 0.0359375 0.0203125
1 0.55546875 0.43671875 0.01875 0.040625
1 0.51875 0.45390625 0.01875 0.075
1 0.52421875 0.53671875 0.0171875 0.0453125
1 0.49609375 0.52265625 0.0265625 0.0703125
1 0.48125 0.4484375 0.053125 0.0625
1 0.4359375 0.51171875 0.040625 0.13125
1 0.4984375 0.6203125 0.0359375 0.0625
1 0.5453125 0.6203125 0.0421875 0.0515625
1 0.5875 0.6171875 0.025 0.0515625