1 0.375 0.425 0.040625 0.05390625
1 0.38046875 0.51640625 0.0484375 0.09453125
1 0.43515625 0.478125 0.03984375 0.03359375
1 0.43125 0.53828125 0.04765625 0.075
1 0.4671875 0.44609375 0.01796875 0.04375
1 0.48359375 0.47890625 0.0171875 0.01328125
1 0.47734375 0.50625 0.028125 0.01640625
1 0.46953125 0.54375 0.015625 0.03828125
1 0.5 0.45390625 0.01484375 0.04453125
1 0.50390625 0.53125 0.01796875 0.0640625
1 0.52734375 0.46640625 0.0234375 0.06328125
1 0.53984375 0.53203125 0.04765625 0.0515625
1 0.58046875 0.47734375 0.03515625 0.115625
1 0.52421875 0.371875 0.03515625 0.06875
1 0.4796875 0.3765625 0.03984375 0.05078125
1 0.44140625 0.37421875 0.02734375 0.0515625