1 0.36875 0.36015625 0.0484375 0.053125
1 0.3640625 0.4609375 0.0625 0.1078125
1 0.42421875 0.425 0.0421875 0.0375
1 0.41640625 0.4859375 0.053125 0.0734375
1 0.4640625 0.396875 0.0234375 0.046875
1 0.47734375 0.4359375 0.021875 0.0171875
1 0.47734375 0.4625 0.05625 0.0296875
1 0.45390625 0.503125 0.0234375 0.0484375
1 0.51953125 0.50625 0.08125 0.053125
1 0.49765625 0.409375 0.0234375 0.046875
1 0.5234375 0.42265625 0.0328125 0.06875
1 0.584375 0.44609375 0.05 0.1296875
1 0.534375 0.32890625 0.040625 0.0546875
1 0.48984375 0.321875 0.0453125 0.0578125
1 0.4453125 0.31640625 0.0390625 0.071875