1 0.63046875 0.41484375 0.0453125 0.05625
1 0.6328125 0.5125 0.0609375 0.1015625
1 0.5734375 0.4796875 0.0421875 0.034375
1 0.5828125 0.53671875 0.053125 0.0765625
1 0.5390625 0.4484375 0.0203125 0.0484375
1 0.5234375 0.48359375 0.01875 0.0140625
1 0.53203125 0.51015625 0.0375 0.0203125
1 0.54609375 0.55 0.021875 0.040625
1 0.50703125 0.45546875 0.0234375 0.040625
1 0.50859375 0.53515625 0.021875 0.06875
1 0.48125 0.47421875 0.0296875 0.0609375
1 0.471875 0.54453125 0.0484375 0.0578125
1 0.42265625 0.49296875 0.0453125 0.1359375
1 0.475 0.378125 0.0375 0.0578125
1 0.51640625 0.3703125 0.040625 0.05625
1 0.55625 0.3734375 0.028125 0.05625