1 0.375 0.58046875 0.046875 0.040625
1 0.38125 0.48828125 0.05 0.103125
1 0.434375 0.52890625 0.040625 0.03125
1 0.4328125 0.46953125 0.0453125 0.0734375
1 0.465625 0.55703125 0.01875 0.04375
1 0.48515625 0.52421875 0.01875 0.015625
1 0.47578125 0.5 0.0328125 0.021875
1 0.4703125 0.45859375 0.01875 0.0390625
1 0.5015625 0.478125 0.0140625 0.0625
1 0.496875 0.553125 0.021875 0.04375
1 0.528125 0.54140625 0.01875 0.0640625
1 0.53828125 0.46796875 0.04375 0.0546875
1 0.5796875 0.52421875 0.034375 0.121875
1 0.52265625 0.63046875 0.03125 0.053125
1 0.4828125 0.63125 0.034375 0.0515625
1 0.4390625 0.63359375 0.028125 0.0515625