1 0.61875 0.56328125 0.1 0.1890625
1 0.56015625 0.55390625 0.0484375 0.04375
1 0.58046875 0.4984375 0.065625 0.0859375
1 0.52265625 0.5765625 0.028125 0.05625
1 0.5125 0.54140625 0.021875 0.0203125
1 0.52734375 0.51875 0.0390625 0.028125
1 0.54765625 0.4796875 0.0265625 0.04375
1 0.5078125 0.4859375 0.034375 0.0765625
1 0.490625 0.56640625 0.028125 0.046875
1 0.46796875 0.5453125 0.0421875 0.071875
1 0.4734375 0.47109375 0.0640625 0.0703125
1 0.4140625 0.51875 0.0703125 0.134375
1 0.44375 0.63828125 0.0484375 0.06875
1 0.4875 0.6515625 0.053125 0.059375
1 0.528125 0.659375 0.0359375 0.0546875