1 0.6234375 0.49453125 0.0703125 0.18125
1 0.56875 0.51796875 0.0625 0.121875
1 0.54296875 0.4484375 0.0234375 0.046875
1 0.521875 0.475 0.0171875 0.015625
1 0.5234375 0.5015625 0.0296875 0.021875
1 0.528125 0.5421875 0.0203125 0.040625
1 0.5125 0.44765625 0.025 0.040625
1 0.49296875 0.5265625 0.0265625 0.0765625
1 0.4828125 0.4484375 0.0375 0.075
1 0.45859375 0.5234375 0.05625 0.0625
1 0.4234375 0.459375 0.053125 0.13125
1 0.496875 0.36328125 0.040625 0.0625
1 0.5421875 0.37109375 0.0484375 0.0640625
1 0.58125 0.375 0.03125 0.0578125