1 0.37109375 0.35234375 0.053125 0.059375
1 0.3546875 0.4515625 0.071875 0.115625
1 0.4203125 0.4234375 0.0484375 0.0359375
1 0.40390625 0.48828125 0.0671875 0.09375
1 0.45859375 0.396875 0.028125 0.0453125
1 0.4703125 0.43515625 0.0234375 0.01875
1 0.45703125 0.46171875 0.0328125 0.021875
1 0.4421875 0.50234375 0.025 0.046875
1 0.4921875 0.409375 0.0265625 0.05
1 0.4796875 0.49296875 0.0328125 0.08125
1 0.51953125 0.428125 0.0375 0.0703125
1 0.51640625 0.50859375 0.0609375 0.0640625
1 0.57265625 0.4546875 0.0671875 0.1375
1 0.53671875 0.3359375 0.0484375 0.071875
1 0.49296875 0.32109375 0.053125 0.0640625
1 0.44921875 0.3171875 0.0390625 0.0671875