1 0.60078125 0.3734375 0.0546875 0.05625
1 0.61640625 0.4640625 0.0734375 0.1109375
1 0.55390625 0.440625 0.046875 0.04375
1 0.571875 0.5 0.0609375 0.0828125
1 0.5171875 0.421875 0.0265625 0.040625
1 0.48515625 0.43359375 0.028125 0.053125
1 0.50703125 0.45546875 0.015625 0.0125
1 0.51328125 0.48125 0.05 0.0265625
1 0.53671875 0.515625 0.028125 0.0484375
1 0.478125 0.528125 0.06875 0.053125
1 0.45859375 0.45078125 0.0359375 0.071875
1 0.409375 0.47734375 0.0609375 0.125
1 0.5234375 0.3390625 0.0390625 0.065625
1 0.48359375 0.34609375 0.05625 0.0671875
1 0.4421875 0.36484375 0.0484375 0.0640625