1 0.609375 0.40625 0.0484375 0.0546875
1 0.61484375 0.49453125 0.0578125 0.1078125
1 0.55546875 0.4625 0.04375 0.0375
1 0.5640625 0.51953125 0.053125 0.071875
1 0.58046875 0.328125 0.0171875 0.0265625
1 0.5390625 0.35625 0.0375 0.071875
1 0.49609375 0.36015625 0.04375 0.0515625
1 0.45546875 0.36796875 0.0390625 0.0640625
1 0.5203125 0.434375 0.025 0.0453125
1 0.5046875 0.47109375 0.0140625 0.0171875
1 0.50859375 0.4953125 0.046875 0.0328125
1 0.52890625 0.534375 0.01875 0.04375
1 0.46640625 0.534375 0.0703125 0.0390625
1 0.46328125 0.45625 0.0296875 0.0671875
1 0.490625 0.440625 0.0171875 0.034375
1 0.40703125 0.478125 0.0453125 0.1296875