1 0.3484375 0.5578125 0.05 0.059375
1 0.36015625 0.4578125 0.0578125 0.1125
1 0.415625 0.50546875 0.046875 0.034375
1 0.41640625 0.44609375 0.0515625 0.071875
1 0.446875 0.5421875 0.0203125 0.05
1 0.465625 0.50859375 0.015625 0.009375
1 0.46953125 0.48046875 0.046875 0.0234375
1 0.45625 0.43828125 0.0171875 0.046875
1 0.51796875 0.446875 0.06875 0.0546875
1 0.4796875 0.53984375 0.021875 0.0390625
1 0.5109375 0.53203125 0.03125 0.071875
1 0.56796875 0.51953125 0.0453125 0.1203125
1 0.50078125 0.621875 0.034375 0.053125
1 0.4546875 0.621875 0.0453125 0.0609375
1 0.4140625 0.615625 0.0328125 0.0609375