1 0.3765625 0.575 0.0484375 0.065625
1 0.39453125 0.47890625 0.0609375 0.109375
1 0.4453125 0.5296875 0.05 0.0421875
1 0.446875 0.46796875 0.05625 0.0796875
1 0.47109375 0.5671875 0.025 0.053125
1 0.49296875 0.53359375 0.025 0.0203125
1 0.490625 0.50625 0.034375 0.01875
1 0.4875 0.465625 0.021875 0.0453125
1 0.50390625 0.5640625 0.021875 0.0453125
1 0.53671875 0.55234375 0.03125 0.065625
1 0.55859375 0.47734375 0.0515625 0.0546875
1 0.51953125 0.4890625 0.0234375 0.071875
1 0.59375 0.55 0.053125 0.128125
1 0.52109375 0.65 0.034375 0.0578125
1 0.48046875 0.6390625 0.046875 0.059375
1 0.434375 0.63984375 0.0359375 0.0578125