1 0.64296875 0.45859375 0.05625 0.0546875
1 0.61875 0.55859375 0.0671875 0.11875
1 0.56953125 0.50625 0.0484375 0.046875
1 0.5625 0.571875 0.0609375 0.0859375
1 0.54375 0.46953125 0.025 0.0484375
1 0.51796875 0.5 0.0234375 0.0203125
1 0.5078125 0.46953125 0.021875 0.046875
1 0.521875 0.528125 0.0375 0.0234375
1 0.52109375 0.57265625 0.025 0.046875
1 0.48828125 0.54765625 0.0265625 0.071875
1 0.47265625 0.478125 0.0375 0.0625
1 0.45 0.54921875 0.059375 0.06875
1 0.41796875 0.48046875 0.0546875 0.1328125
1 0.49453125 0.38125 0.0484375 0.078125
1 0.53984375 0.38515625 0.05625 0.065625
1 0.58671875 0.3953125 0.04375 0.0625