1 0.36015625 0.56640625 0.0546875 0.059375
1 0.3875 0.47578125 0.0703125 0.1109375
1 0.43203125 0.5296875 0.0421875 0.0484375
1 0.44375 0.47109375 0.05625 0.071875
1 0.4546875 0.56796875 0.028125 0.05
1 0.48359375 0.53515625 0.0171875 0.01875
1 0.48671875 0.51328125 0.04375 0.03125
1 0.48125 0.46875 0.025 0.0390625
1 0.53984375 0.4859375 0.075 0.0546875
1 0.48984375 0.565625 0.0234375 0.046875
1 0.51953125 0.5609375 0.0359375 0.0671875
1 0.5765625 0.5609375 0.0578125 0.1203125
1 0.49765625 0.64609375 0.04375 0.0640625
1 0.45859375 0.634375 0.0484375 0.053125
1 0.41328125 0.63046875 0.0390625 0.06875
1 0.365625 0.64375 0.0234375 0.021875