1 0.59921875 0.609375 0.0578125 0.05625
1 0.61484375 0.5203125 0.0671875 0.1125
1 0.55390625 0.55 0.0421875 0.0421875
1 0.56640625 0.49140625 0.0578125 0.08125
1 0.51484375 0.5703125 0.028125 0.053125
1 0.50390625 0.53359375 0.0203125 0.01875
1 0.50703125 0.509375 0.0515625 0.034375
1 0.53046875 0.47421875 0.0203125 0.040625
1 0.496875 0.46640625 0.0203125 0.04375
1 0.4828125 0.56328125 0.025 0.05
1 0.45546875 0.54453125 0.0375 0.0703125
1 0.45859375 0.4671875 0.0640625 0.06875
1 0.40234375 0.515625 0.0609375 0.1390625
1 0.43984375 0.6375 0.0484375 0.065625
1 0.48671875 0.64296875 0.0484375 0.065625
1 0.528125 0.6546875 0.0453125 0.0640625
1 0.5671875 0.684375 0.0265625 0.028125