1 0.3765625 0.42890625 0.0375 0.0578125
1 0.38515625 0.52578125 0.05 0.09375
1 0.4375 0.4828125 0.0375 0.03125
1 0.43671875 0.54609375 0.046875 0.08125
1 0.4703125 0.45546875 0.01875 0.040625
1 0.490625 0.4875 0.025 0.0140625
1 0.48359375 0.51640625 0.0375 0.015625
1 0.475 0.5546875 0.0171875 0.040625
1 0.503125 0.4578125 0.01875 0.0359375
1 0.5109375 0.53828125 0.01875 0.0671875
1 0.5328125 0.471875 0.01875 0.071875
1 0.54453125 0.5484375 0.04375 0.0375
1 0.58671875 0.4859375 0.0359375 0.115625
1 0.52890625 0.38125 0.03125 0.0578125
1 0.484375 0.3765625 0.040625 0.059375
1 0.44453125 0.37265625 0.021875 0.05