1 0.36171875 0.54140625 0.05 0.05625
1 0.38046875 0.44921875 0.0625 0.1125
1 0.428125 0.4953125 0.0390625 0.0390625
1 0.4359375 0.43359375 0.0609375 0.084375
1 0.45859375 0.5265625 0.0234375 0.046875
1 0.48046875 0.49921875 0.0203125 0.0203125
1 0.47890625 0.471875 0.0375 0.025
1 0.4734375 0.43203125 0.021875 0.0515625
1 0.48984375 0.5296875 0.025 0.0453125
1 0.50859375 0.45234375 0.025 0.065625
1 0.52109375 0.5234375 0.0375 0.0703125
1 0.5421875 0.45390625 0.0578125 0.0640625
1 0.5796875 0.51796875 0.05625 0.121875
1 0.5015625 0.60859375 0.040625 0.059375
1 0.4578125 0.615625 0.0515625 0.06875
1 0.4171875 0.6015625 0.0375 0.059375