1 0.6015625 0.62265625 0.05625 0.0640625
1 0.609375 0.525 0.06875 0.1125
1 0.54609375 0.56015625 0.0484375 0.05
1 0.55703125 0.50390625 0.0609375 0.0875
1 0.50546875 0.5859375 0.025 0.0484375
1 0.47421875 0.5765625 0.028125 0.053125
1 0.49140625 0.54921875 0.021875 0.0140625
1 0.49765625 0.52109375 0.0484375 0.0328125
1 0.521875 0.48203125 0.0203125 0.0421875
1 0.4578125 0.47265625 0.0765625 0.0546875
1 0.4453125 0.55703125 0.0375 0.0796875
1 0.38984375 0.5328125 0.0578125 0.1375
1 0.43203125 0.653125 0.046875 0.0640625
1 0.48046875 0.6609375 0.053125 0.0578125
1 0.5234375 0.66875 0.0390625 0.05625