1 0.6375 0.453125 0.0578125 0.065625
1 0.61484375 0.5484375 0.06875 0.11875
1 0.5671875 0.49921875 0.046875 0.0375
1 0.5609375 0.559375 0.0609375 0.0828125
1 0.540625 0.4625 0.0265625 0.0421875
1 0.51875 0.48984375 0.021875 0.021875
1 0.52109375 0.51953125 0.0421875 0.025
1 0.5203125 0.55859375 0.03125 0.053125
1 0.50859375 0.46171875 0.0265625 0.0390625
1 0.4875 0.5390625 0.0296875 0.071875
1 0.47734375 0.46484375 0.0359375 0.065625
1 0.4515625 0.53828125 0.0578125 0.065625
1 0.42109375 0.46484375 0.065625 0.125
1 0.496875 0.37578125 0.046875 0.0640625
1 0.540625 0.38125 0.05 0.0703125
1 0.584375 0.3890625 0.04375 0.071875