1 0.35703125 0.559375 0.0546875 0.0640625
1 0.3828125 0.46875 0.06875 0.1078125
1 0.42890625 0.515625 0.0421875 0.0359375
1 0.43828125 0.46015625 0.0609375 0.08125
1 0.48203125 0.5265625 0.0234375 0.01875
1 0.4875 0.4984375 0.0453125 0.025
1 0.48125 0.46015625 0.028125 0.046875
1 0.53828125 0.47421875 0.0796875 0.05625
1 0.4875 0.55703125 0.025 0.0484375
1 0.51953125 0.5578125 0.0390625 0.071875
1 0.45390625 0.559375 0.028125 0.05
1 0.40625 0.628125 0.034375 0.0609375
1 0.45234375 0.63203125 0.046875 0.0640625
1 0.496875 0.64375 0.0453125 0.0609375
1 0.5765625 0.55703125 0.0640625 0.134375