1 0.37578125 0.428125 0.0375 0.053125
1 0.3796875 0.521875 0.05078125 0.103125
1 0.43515625 0.48359375 0.03828125 0.03359375
1 0.4328125 0.5421875 0.04453125 0.0734375
1 0.465625 0.459375 0.0125 0.04296875
1 0.4828125 0.4859375 0.01640625 0.02109375
1 0.4796875 0.51171875 0.03203125 0.02109375
1 0.46875 0.55234375 0.015625 0.04140625
1 0.4984375 0.45546875 0.01484375 0.0390625
1 0.50234375 0.528125 0.01484375 0.05390625
1 0.5265625 0.471875 0.021875 0.05625
1 0.5390625 0.54140625 0.0421875 0.04375
1 0.57890625 0.48125 0.03515625 0.11640625
1 0.521875 0.38203125 0.0359375 0.05
1 0.48125 0.38203125 0.03515625 0.04296875
1 0.4375 0.378125 0.02734375 0.04375