1 0.653125 0.6609375 0.025 0.0203125
1 0.6578125 0.58046875 0.05 0.05
1 0.6328125 0.48984375 0.065625 0.115625
1 0.5890625 0.5359375 0.053125 0.0453125
1 0.57890625 0.47734375 0.0578125 0.08125
1 0.5640625 0.57578125 0.0296875 0.05
1 0.53203125 0.5671875 0.0390625 0.065625
1 0.52578125 0.48828125 0.0671875 0.0890625
1 0.47890625 0.53359375 0.0734375 0.1375
1 0.4359375 0.5609375 0.05625 0.128125
1 0.5171875 0.65703125 0.04375 0.0640625
1 0.56171875 0.65546875 0.0453125 0.053125
1 0.603125 0.646875 0.034375 0.0515625