1 0.375 0.40703125 0.03359375 0.05078125
1 0.38359375 0.50078125 0.0484375 0.10859375
1 0.43515625 0.45703125 0.03828125 0.03359375
1 0.43359375 0.51640625 0.04375 0.07890625
1 0.484375 0.4578125 0.01953125 0.01953125
1 0.48359375 0.4875 0.04453125 0.0234375
1 0.46875 0.52421875 0.01953125 0.04375
1 0.53046875 0.521875 0.06953125 0.04296875
1 0.49921875 0.42890625 0.015625 0.040625
1 0.52578125 0.44453125 0.02265625 0.06953125
1 0.58203125 0.45546875 0.03671875 0.11328125
1 0.52421875 0.35390625 0.034375 0.0546875
1 0.48359375 0.353125 0.0375 0.05625
1 0.4390625 0.35546875 0.0328125 0.06328125
1 0.3984375 0.3328125 0.01953125 0.02109375
1 0.46640625 0.4453125 0.0125 0.0296875