1 0.37734375 0.415625 0.04375 0.04921875
1 0.38203125 0.5109375 0.05 0.109375
1 0.4328125 0.47421875 0.03671875 0.03125
1 0.43359375 0.53203125 0.0421875 0.06953125
1 0.46640625 0.44453125 0.01328125 0.04921875
1 0.48515625 0.47578125 0.015625 0.01328125
1 0.4765625 0.50078125 0.02890625 0.01640625
1 0.47109375 0.54296875 0.015625 0.04453125
1 0.4984375 0.446875 0.01796875 0.0390625
1 0.50078125 0.51796875 0.01484375 0.053125
1 0.5265625 0.4609375 0.02109375 0.05625
1 0.5375 0.5265625 0.04140625 0.0609375
1 0.58046875 0.471875 0.02734375 0.11796875
1 0.5234375 0.36640625 0.03359375 0.06328125
1 0.48203125 0.36953125 0.04140625 0.05546875
1 0.43984375 0.36796875 0.02578125 0.05703125