1 0.37421875 0.421875 0.04296875 0.0546875
1 0.38203125 0.52109375 0.05 0.10625
1 0.4359375 0.48046875 0.03671875 0.03515625
1 0.43203125 0.5421875 0.04609375 0.075
1 0.46640625 0.453125 0.01796875 0.04609375
1 0.4859375 0.484375 0.01875 0.01328125
1 0.47578125 0.509375 0.03203125 0.02578125
1 0.46953125 0.55 0.0171875 0.04609375
1 0.50390625 0.5359375 0.015625 0.08125
1 0.4984375 0.45546875 0.01796875 0.0359375
1 0.5265625 0.46875 0.0203125 0.06796875
1 0.53984375 0.5421875 0.04296875 0.04921875
1 0.5796875 0.47890625 0.0328125 0.1234375
1 0.52265625 0.37578125 0.03359375 0.05859375
1 0.4796875 0.3765625 0.040625 0.05390625
1 0.440625 0.3765625 0.02265625 0.0515625