1 0.36171875 0.52578125 0.0765625 0.1796875
1 0.4171875 0.52734375 0.0484375 0.0390625
1 0.40703125 0.465625 0.0578125 0.0828125
1 0.45390625 0.55078125 0.0234375 0.0484375
1 0.4671875 0.51171875 0.01875 0.01875
1 0.4578125 0.48828125 0.0328125 0.025
1 0.44296875 0.4515625 0.01875 0.0390625
1 0.48203125 0.4625 0.0265625 0.0734375
1 0.48671875 0.546875 0.0234375 0.04375
1 0.5203125 0.4890625 0.0671875 0.1390625
1 0.5703125 0.50703125 0.05 0.125
1 0.52265625 0.61796875 0.0375 0.0609375
1 0.4796875 0.625 0.046875 0.0609375
1 0.4390625 0.634375 0.0359375 0.053125