1 0.37734375 0.41796875 0.04453125 0.05390625
1 0.38046875 0.51015625 0.04765625 0.0890625
1 0.43203125 0.51015625 0.0453125 0.11328125
1 0.46640625 0.4453125 0.01953125 0.04453125
1 0.4828125 0.4765625 0.01640625 0.01171875
1 0.4984375 0.44609375 0.01640625 0.040625
1 0.4765625 0.50390625 0.03046875 0.0203125
1 0.46875 0.5421875 0.0140625 0.0453125
1 0.503125 0.52734375 0.01796875 0.075
1 0.52578125 0.46328125 0.02265625 0.0640625
1 0.53984375 0.53203125 0.04375 0.040625
1 0.5828125 0.47421875 0.03671875 0.12109375
1 0.5234375 0.371875 0.0359375 0.05546875
1 0.484375 0.37109375 0.03828125 0.05546875
1 0.440625 0.3703125 0.02421875 0.059375