1 0.375 0.43828125 0.03984375 0.05078125
1 0.38125 0.5328125 0.05078125 0.09375
1 0.43515625 0.49609375 0.0375 0.03046875
1 0.43125 0.5515625 0.0453125 0.0703125
1 0.465625 0.46328125 0.01640625 0.0453125
1 0.484375 0.4953125 0.01640625 0.01328125
1 0.478125 0.521875 0.03515625 0.01640625
1 0.46796875 0.5609375 0.0171875 0.0390625
1 0.49765625 0.4671875 0.01875 0.03828125
1 0.503125 0.54375 0.015625 0.065625
1 0.52421875 0.48203125 0.0234375 0.05703125
1 0.5390625 0.55078125 0.0421875 0.053125
1 0.5828125 0.4953125 0.0328125 0.1296875
1 0.521875 0.38984375 0.03203125 0.05390625
1 0.48125 0.38515625 0.03515625 0.0515625
1 0.44375 0.39140625 0.0234375 0.0515625