1 0.63125 0.4109375 0.046875 0.05625
1 0.6265625 0.50546875 0.05 0.0921875
1 0.57421875 0.5046875 0.0484375 0.1171875
1 0.53984375 0.4375 0.021875 0.0453125
1 0.52265625 0.46796875 0.0171875 0.0125
1 0.50703125 0.4375 0.0171875 0.0421875
1 0.52890625 0.496875 0.03125 0.021875
1 0.5359375 0.5359375 0.015625 0.046875
1 0.5015625 0.5203125 0.01875 0.0765625
1 0.47890625 0.45546875 0.025 0.065625
1 0.46328125 0.525 0.0453125 0.0421875
1 0.42109375 0.46484375 0.0390625 0.1234375
1 0.48359375 0.36171875 0.0375 0.0578125
1 0.5234375 0.3609375 0.040625 0.0578125
1 0.56796875 0.3609375 0.0265625 0.0609375