1 0.378125 0.40078125 0.0484375 0.04609375
1 0.38046875 0.49375 0.04921875 0.10390625
1 0.434375 0.4546875 0.040625 0.0296875
1 0.43125 0.51171875 0.04609375 0.071875
1 0.46640625 0.42421875 0.02109375 0.0453125
1 0.4984375 0.43203125 0.01640625 0.05390625
1 0.5265625 0.44140625 0.02421875 0.06484375
1 0.5390625 0.5109375 0.046875 0.05078125
1 0.58046875 0.45703125 0.03828125 0.11171875
1 0.503125 0.50390625 0.01796875 0.0734375
1 0.4796875 0.48203125 0.03671875 0.01875
1 0.46953125 0.52109375 0.015625 0.03984375
1 0.52421875 0.35390625 0.03359375 0.0546875
1 0.47890625 0.35 0.04453125 0.04296875
1 0.43828125 0.35390625 0.02421875 0.053125
1 0.39921875 0.33125 0.03046875 0.01875