1 0.37421875 0.42421875 0.03671875 0.0453125
1 0.38125 0.51484375 0.04765625 0.0984375
1 0.43125 0.5171875 0.04609375 0.10859375
1 0.465625 0.45078125 0.0125 0.03671875
1 0.484375 0.4796875 0.01328125 0.01328125
1 0.49765625 0.45390625 0.01484375 0.040625
1 0.4765625 0.50390625 0.03125 0.028125
1 0.4703125 0.5453125 0.01328125 0.04296875
1 0.50234375 0.52890625 0.01328125 0.06796875
1 0.52734375 0.465625 0.01875 0.05703125
1 0.5390625 0.5390625 0.04765625 0.04921875
1 0.5796875 0.47890625 0.03359375 0.12109375
1 0.52265625 0.3765625 0.028125 0.05625
1 0.48046875 0.37421875 0.040625 0.05703125
1 0.4421875 0.3734375 0.0265625 0.059375