1 0.37578125 0.409375 0.04296875 0.053125
1 0.3796875 0.50390625 0.04765625 0.103125
1 0.43515625 0.46328125 0.04296875 0.03046875
1 0.43125 0.51875 0.04453125 0.0640625
1 0.4671875 0.43046875 0.01484375 0.04609375
1 0.48203125 0.46328125 0.01484375 0.00859375
1 0.48359375 0.490625 0.04296875 0.01953125
1 0.46875 0.5296875 0.0140625 0.04296875
1 0.52734375 0.52421875 0.06171875 0.046875
1 0.4984375 0.43515625 0.01796875 0.03515625
1 0.5265625 0.44453125 0.02421875 0.065625
1 0.5796875 0.459375 0.03515625 0.11171875
1 0.5234375 0.359375 0.02890625 0.0484375
1 0.47890625 0.35625 0.03828125 0.0546875
1 0.44140625 0.36015625 0.0265625 0.05546875