1 0.37578125 0.41875 0.04453125 0.05
1 0.38125 0.5125 0.04765625 0.103125
1 0.43515625 0.47421875 0.0375 0.0296875
1 0.43203125 0.53671875 0.04375 0.0765625
1 0.465625 0.440625 0.01015625 0.04375
1 0.48359375 0.475 0.01796875 0.01484375
1 0.47734375 0.503125 0.028125 0.02109375
1 0.46953125 0.5421875 0.01875 0.04140625
1 0.496875 0.453125 0.01328125 0.0484375
1 0.50546875 0.5296875 0.01953125 0.071875
1 0.52734375 0.459375 0.02265625 0.06171875
1 0.53828125 0.53125 0.04140625 0.0515625
1 0.57890625 0.46953125 0.034375 0.11640625
1 0.521875 0.36953125 0.03046875 0.0546875
1 0.478125 0.3703125 0.03984375 0.059375
1 0.4375 0.3703125 0.02890625 0.059375