1 0.625 0.46796875 0.05 0.071875
1 0.5984375 0.565625 0.065625 0.1125
1 0.55078125 0.509375 0.0453125 0.0375
1 0.54296875 0.571875 0.0609375 0.0890625
1 0.52421875 0.46875 0.0265625 0.0546875
1 0.496875 0.50234375 0.0203125 0.0109375
1 0.503125 0.52890625 0.0375 0.028125
1 0.5015625 0.5734375 0.0234375 0.0421875
1 0.48828125 0.46953125 0.025 0.0421875
1 0.46796875 0.553125 0.0296875 0.0890625
1 0.45625 0.48125 0.034375 0.075
1 0.4296875 0.55390625 0.0578125 0.053125
1 0.39609375 0.48125 0.0515625 0.13125
1 0.475 0.3875 0.0421875 0.065625
1 0.51796875 0.39296875 0.0453125 0.05625
1 0.56484375 0.39609375 0.0359375 0.059375