1 0.38046875 0.41015625 0.046875 0.04609375
1 0.38125 0.49609375 0.04609375 0.1
1 0.43359375 0.45703125 0.03515625 0.034375
1 0.4328125 0.51484375 0.04296875 0.0703125
1 0.46640625 0.43046875 0.01796875 0.0484375
1 0.48359375 0.46328125 0.01640625 0.015625
1 0.484375 0.48671875 0.0453125 0.02421875
1 0.46953125 0.52421875 0.01328125 0.03671875
1 0.50234375 0.525 0.01328125 0.040625
1 0.49765625 0.43125 0.015625 0.04609375
1 0.52734375 0.44375 0.02421875 0.0640625
1 0.53828125 0.51796875 0.05078125 0.05703125
1 0.58203125 0.4625 0.03515625 0.12890625
1 0.52421875 0.3546875 0.03671875 0.05703125
1 0.4796875 0.3578125 0.03671875 0.05625
1 0.43828125 0.35390625 0.03359375 0.05546875
1 0.39609375 0.33359375 0.02109375 0.0234375