1 0.63828125 0.56796875 0.0578125 0.0625
1 0.61015625 0.47578125 0.0765625 0.121875
1 0.56171875 0.5203125 0.046875 0.0421875
1 0.55 0.4609375 0.059375 0.0828125
1 0.5359375 0.5609375 0.0265625 0.0484375
1 0.51015625 0.53359375 0.0234375 0.01875
1 0.503125 0.56484375 0.021875 0.0421875
1 0.5140625 0.50546875 0.034375 0.028125
1 0.5109375 0.4640625 0.0234375 0.0375
1 0.48125 0.4875 0.028125 0.0765625
1 0.471875 0.5609375 0.0390625 0.0703125
1 0.4421875 0.4890625 0.0625 0.065625
1 0.41171875 0.559375 0.0640625 0.13125
1 0.4953125 0.64921875 0.046875 0.0640625
1 0.5375 0.640625 0.0515625 0.0640625
1 0.5828125 0.62890625 0.0421875 0.0640625