1 0.34921875 0.44375 0.0453125 0.0671875
1 0.36796875 0.53984375 0.0578125 0.10625
1 0.41796875 0.4890625 0.040625 0.0328125
1 0.421875 0.55 0.053125 0.084375
1 0.44609375 0.45078125 0.021875 0.053125
1 0.4703125 0.4859375 0.01875 0.009375
1 0.4625 0.5109375 0.034375 0.025
1 0.46171875 0.55390625 0.0203125 0.040625
1 0.48125 0.45390625 0.0203125 0.0390625
1 0.4953125 0.53671875 0.0234375 0.0859375
1 0.5109375 0.4671875 0.028125 0.071875
1 0.5328125 0.53984375 0.053125 0.0484375
1 0.56875 0.471875 0.0421875 0.1265625
1 0.49921875 0.3765625 0.0375 0.0609375
1 0.45703125 0.37890625 0.0421875 0.053125
1 0.41171875 0.37890625 0.03125 0.05625