1 0.38125 0.475 0.046875 0.17578125
1 0.43203125 0.50546875 0.04609375 0.11640625
1 0.46640625 0.440625 0.01796875 0.04453125
1 0.48359375 0.46875 0.01484375 0.0140625
1 0.478125 0.4953125 0.028125 0.01875
1 0.46796875 0.534375 0.015625 0.03828125
1 0.496875 0.44375 0.01953125 0.03828125
1 0.5046875 0.52421875 0.01640625 0.075
1 0.52578125 0.44921875 0.02734375 0.0703125
1 0.5390625 0.52578125 0.04765625 0.05546875
1 0.58203125 0.46796875 0.03515625 0.1265625
1 0.5234375 0.3625 0.0328125 0.05859375
1 0.478125 0.3640625 0.040625 0.05859375
1 0.4390625 0.3625 0.02421875 0.0546875