1 0.3859375 0.403125 0.0484375 0.0515625
1 0.3828125 0.4953125 0.05625 0.10625
1 0.4390625 0.46328125 0.0421875 0.0375
1 0.43046875 0.5171875 0.05 0.078125
1 0.471875 0.43671875 0.021875 0.0484375
1 0.5046875 0.4375 0.0234375 0.046875
1 0.48828125 0.46953125 0.0203125 0.01875
1 0.48515625 0.49296875 0.0453125 0.028125
1 0.46640625 0.53203125 0.0203125 0.0453125
1 0.50078125 0.53515625 0.0140625 0.05
1 0.5390625 0.48984375 0.0578125 0.134375
1 0.58671875 0.47734375 0.05 0.125
1 0.53515625 0.365625 0.0421875 0.059375
1 0.4921875 0.3609375 0.04375 0.05625
1 0.4515625 0.3578125 0.0296875 0.0546875