1 0.38046875 0.596875 0.0484375 0.053125
1 0.38203125 0.5 0.053125 0.1078125
1 0.4390625 0.53671875 0.0390625 0.0328125
1 0.4328125 0.471875 0.0484375 0.08125
1 0.47265625 0.56953125 0.0125 0.0453125
1 0.48828125 0.5328125 0.01875 0.015625
1 0.48046875 0.50390625 0.0296875 0.0234375
1 0.4703125 0.46484375 0.021875 0.04375
1 0.50390625 0.55546875 0.015625 0.05
1 0.5078125 0.47578125 0.0234375 0.075
1 0.53359375 0.54609375 0.0265625 0.065625
1 0.54140625 0.471875 0.0453125 0.0546875
1 0.58671875 0.53359375 0.040625 0.121875
1 0.53359375 0.63828125 0.034375 0.0578125
1 0.48828125 0.640625 0.0453125 0.0625
1 0.446875 0.64296875 0.0328125 0.0625