1 0.359375 0.4296875 0.053125 0.0578125
1 0.378125 0.53359375 0.06875 0.1140625
1 0.42890625 0.48046875 0.0484375 0.0390625
1 0.43515625 0.54375 0.0546875 0.08125
1 0.4578125 0.4421875 0.025 0.046875
1 0.47890625 0.471875 0.0203125 0.01875
1 0.47890625 0.503125 0.0375 0.025
1 0.4734375 0.54296875 0.025 0.0421875
1 0.490625 0.43828125 0.021875 0.0421875
1 0.50703125 0.525 0.0234375 0.0734375
1 0.5234375 0.44765625 0.0375 0.0734375
1 0.54375 0.525 0.053125 0.0640625
1 0.5796875 0.4515625 0.0546875 0.1234375
1 0.5046875 0.35703125 0.04375 0.059375
1 0.4625 0.3640625 0.05 0.065625
1 0.41875 0.37109375 0.034375 0.0625