1 0.3875 0.3859375 0.0515625 0.0625
1 0.3765625 0.4796875 0.065625 0.10625
1 0.4390625 0.45 0.046875 0.040625
1 0.425 0.51171875 0.0625 0.0859375
1 0.478125 0.4234375 0.0265625 0.0484375
1 0.4890625 0.46015625 0.0203125 0.015625
1 0.4765625 0.4875 0.03125 0.021875
1 0.4625 0.52421875 0.0234375 0.040625
1 0.51015625 0.4375 0.021875 0.0484375
1 0.5 0.5171875 0.0296875 0.06875
1 0.5359375 0.45546875 0.0359375 0.06875
1 0.53671875 0.525 0.0578125 0.0609375
1 0.58828125 0.47578125 0.05625 0.125
1 0.55 0.3578125 0.0484375 0.0765625
1 0.503125 0.3546875 0.05 0.059375
1 0.46484375 0.3453125 0.0375 0.0578125