1 0.621875 0.52265625 0.053125 0.18125
1 0.571875 0.48984375 0.0515625 0.1203125
1 0.53359375 0.55546875 0.0203125 0.0453125
1 0.51640625 0.52578125 0.015625 0.0140625
1 0.5234375 0.49921875 0.0296875 0.0203125
1 0.53515625 0.459375 0.0171875 0.0390625
1 0.503125 0.55078125 0.0203125 0.0390625
1 0.49765625 0.46796875 0.01875 0.0765625
1 0.4734375 0.54453125 0.03125 0.0734375
1 0.46171875 0.465625 0.0515625 0.059375
1 0.41640625 0.52265625 0.040625 0.13125
1 0.471875 0.6328125 0.0359375 0.0609375
1 0.51875 0.6328125 0.04375 0.0609375
1 0.55859375 0.6359375 0.0265625 0.05625