1 0.38125 0.57734375 0.0515625 0.05625
1 0.40703125 0.4859375 0.06875 0.11875
1 0.45703125 0.534375 0.0484375 0.0421875
1 0.46328125 0.4734375 0.0609375 0.075
1 0.484375 0.57421875 0.0265625 0.0515625
1 0.50703125 0.540625 0.01875 0.0109375
1 0.51328125 0.5125 0.0484375 0.0328125
1 0.503125 0.47109375 0.0234375 0.0421875
1 0.53671875 0.4796875 0.0234375 0.0375
1 0.515625 0.57265625 0.0265625 0.0515625
1 0.5515625 0.565625 0.0328125 0.0703125
1 0.57421875 0.49140625 0.05625 0.0515625
1 0.609375 0.55625 0.0609375 0.146875
1 0.53203125 0.6578125 0.0453125 0.065625
1 0.4859375 0.646875 0.053125 0.065625
1 0.44375 0.64453125 0.0375 0.065625
1 0.390625 0.6640625 0.0265625 0.025