1 0.37734375 0.40078125 0.04140625 0.05
1 0.38203125 0.49609375 0.046875 0.10078125
1 0.4359375 0.45703125 0.03671875 0.03671875
1 0.43359375 0.51328125 0.04609375 0.07890625
1 0.46640625 0.43046875 0.01484375 0.03828125
1 0.48359375 0.4609375 0.02265625 0.01953125
1 0.484375 0.48359375 0.04375 0.02109375
1 0.46953125 0.5234375 0.01953125 0.04375
1 0.52890625 0.51953125 0.06640625 0.04375
1 0.5 0.428125 0.02265625 0.04140625
1 0.5265625 0.44609375 0.02265625 0.06484375
1 0.58125 0.45703125 0.03359375 0.12421875
1 0.525 0.35625 0.02734375 0.03984375
1 0.48046875 0.353125 0.03984375 0.0515625
1 0.440625 0.35078125 0.02734375 0.05390625
1 0.39609375 0.33046875 0.01796875 0.01796875