1 0.3734375 0.40390625 0.0421875 0.0515625
1 0.38046875 0.49375 0.04453125 0.1
1 0.4359375 0.45625 0.0390625 0.03515625
1 0.4328125 0.5140625 0.0421875 0.06953125
1 0.46484375 0.4265625 0.01796875 0.0453125
1 0.496875 0.43359375 0.01953125 0.0359375
1 0.48359375 0.46171875 0.02421875 0.01171875
1 0.48359375 0.484375 0.04375 0.025
1 0.4703125 0.52421875 0.01640625 0.040625
1 0.528125 0.521875 0.06015625 0.040625
1 0.52578125 0.44375 0.025 0.0640625
1 0.58046875 0.46015625 0.03671875 0.128125
1 0.52421875 0.35546875 0.034375 0.05390625
1 0.48203125 0.35703125 0.03984375 0.05
1 0.43984375 0.3546875 0.02109375 0.05390625
1 0.39609375 0.334375 0.02265625 0.02578125