1 0.3734375 0.42578125 0.0359375 0.05625
1 0.38125 0.5203125 0.04921875 0.09296875
1 0.4328125 0.478125 0.0375 0.03046875
1 0.43203125 0.540625 0.046875 0.07890625
1 0.4640625 0.4515625 0.01796875 0.0390625
1 0.48515625 0.4828125 0.02421875 0.0140625
1 0.47734375 0.51171875 0.03671875 0.015625
1 0.46875 0.5484375 0.0171875 0.03984375
1 0.496875 0.45390625 0.01796875 0.03515625
1 0.5046875 0.5328125 0.01796875 0.065625
1 0.52578125 0.46796875 0.01796875 0.06953125
1 0.5375 0.54296875 0.04296875 0.03671875
1 0.57890625 0.48125 0.03515625 0.11328125
1 0.521875 0.37890625 0.03125 0.05625
1 0.478125 0.37421875 0.0390625 0.05859375
1 0.4390625 0.3703125 0.02109375 0.05