1 0.375 0.42421875 0.0453125 0.04453125
1 0.38125 0.51953125 0.0453125 0.10390625
1 0.43515625 0.4796875 0.0390625 0.03671875
1 0.43046875 0.54140625 0.04453125 0.0734375
1 0.465625 0.45078125 0.01484375 0.04375
1 0.48359375 0.48203125 0.01953125 0.015625
1 0.49765625 0.45625 0.0140625 0.04140625
1 0.475 0.5078125 0.0328125 0.015625
1 0.46875 0.5484375 0.01640625 0.04140625
1 0.503125 0.53125 0.01328125 0.065625
1 0.528125 0.46953125 0.0265625 0.05390625
1 0.53828125 0.53828125 0.04609375 0.05625
1 0.57890625 0.48046875 0.03046875 0.1203125
1 0.52421875 0.3765625 0.03359375 0.06875
1 0.48203125 0.3734375 0.04375 0.05390625
1 0.4375 0.37578125 0.03203125 0.053125