1 0.375 0.41953125 0.03828125 0.0515625
1 0.37890625 0.51484375 0.04921875 0.0984375
1 0.4359375 0.47421875 0.04140625 0.0296875
1 0.43125 0.53203125 0.04765625 0.07109375
1 0.465625 0.44375 0.01640625 0.040625
1 0.484375 0.4734375 0.02578125 0.01796875
1 0.4984375 0.44375 0.015625 0.03125
1 0.47734375 0.50078125 0.034375 0.01796875
1 0.46796875 0.53984375 0.0171875 0.0390625
1 0.503125 0.521875 0.01640625 0.07578125
1 0.5265625 0.45859375 0.02109375 0.06171875
1 0.5390625 0.53125 0.04609375 0.059375
1 0.57890625 0.4703125 0.03359375 0.11875
1 0.52265625 0.36875 0.0328125 0.05859375
1 0.48046875 0.3671875 0.03515625 0.05625
1 0.43984375 0.3671875 0.03203125 0.04921875