1 0.390625 0.3953125 0.05625 0.0578125
1 0.3828125 0.4890625 0.0640625 0.115625
1 0.44375 0.4625 0.0453125 0.0359375
1 0.428125 0.52265625 0.059375 0.084375
1 0.478125 0.43515625 0.0203125 0.0515625
1 0.49140625 0.4734375 0.021875 0.0203125
1 0.51171875 0.4453125 0.025 0.0484375
1 0.48125 0.4984375 0.03125 0.021875
1 0.46796875 0.53828125 0.021875 0.0421875
1 0.50390625 0.5265625 0.025 0.065625
1 0.53828125 0.46171875 0.03125 0.0703125
1 0.54140625 0.540625 0.0546875 0.0625
1 0.5921875 0.48359375 0.0640625 0.134375
1 0.5484375 0.3765625 0.04375 0.0546875
1 0.50625 0.3609375 0.046875 0.053125
1 0.465625 0.35703125 0.0390625 0.059375