1 0.3734375 0.62890625 0.05 0.053125
1 0.3671875 0.53515625 0.0578125 0.103125
1 0.4296875 0.571875 0.0453125 0.040625
1 0.42109375 0.5125 0.0515625 0.0734375
1 0.46484375 0.59609375 0.0234375 0.046875
1 0.48125 0.56171875 0.0203125 0.0171875
1 0.46953125 0.53828125 0.034375 0.021875
1 0.45859375 0.4984375 0.021875 0.0390625
1 0.496875 0.59296875 0.0265625 0.0421875
1 0.49609375 0.50703125 0.0234375 0.075
1 0.52734375 0.57890625 0.0265625 0.0703125
1 0.52109375 0.5 0.03125 0.05
1 0.546875 0.49921875 0.0234375 0.0609375
1 0.58125 0.55546875 0.046875 0.1296875
1 0.53125 0.6671875 0.0375 0.0609375
1 0.4875 0.675 0.0453125 0.0609375
1 0.44375 0.67890625 0.034375 0.0546875
1 0.4 0.70234375 0.03125 0.01875