1 0.61875 0.35859375 0.053125 0.0578125
1 0.62890625 0.45390625 0.071875 0.1203125
1 0.56328125 0.42734375 0.0484375 0.04375
1 0.58125 0.48671875 0.0640625 0.0765625
1 0.5234375 0.40078125 0.028125 0.053125
1 0.51484375 0.43984375 0.01875 0.0125
1 0.51953125 0.46875 0.05 0.034375
1 0.54453125 0.50390625 0.025 0.0421875
1 0.509375 0.50859375 0.025 0.0390625
1 0.4953125 0.4140625 0.028125 0.0515625
1 0.4640625 0.434375 0.0359375 0.071875
1 0.4703125 0.5109375 0.0578125 0.053125
1 0.4140625 0.4640625 0.065625 0.1484375
1 0.44765625 0.340625 0.046875 0.0671875
1 0.4953125 0.334375 0.0546875 0.0671875
1 0.5359375 0.31953125 0.040625 0.065625
1 0.57734375 0.28125 0.0265625 0.025