1 0.58984375 0.61484375 0.05 0.0546875
1 0.60703125 0.5203125 0.0734375 0.1109375
1 0.54140625 0.54609375 0.046875 0.0375
1 0.55703125 0.4875 0.0625 0.0828125
1 0.50390625 0.56953125 0.0265625 0.0453125
1 0.49453125 0.5328125 0.025 0.0203125
1 0.50546875 0.50625 0.034375 0.0265625
1 0.5234375 0.47265625 0.025 0.0484375
1 0.471875 0.55859375 0.0265625 0.04375
1 0.4875 0.47578125 0.0296875 0.0734375
1 0.4484375 0.5390625 0.0375 0.06875
1 0.4515625 0.46328125 0.059375 0.0625
1 0.39765625 0.515625 0.0609375 0.1265625
1 0.43125 0.62890625 0.046875 0.065625
1 0.471875 0.64375 0.046875 0.053125
1 0.515625 0.65078125 0.0390625 0.0578125