1 0.3265625 0.55625 0.053125 0.0578125
1 0.35 0.4625 0.0734375 0.115625
1 0.3984375 0.515625 0.05 0.046875
1 0.40859375 0.4578125 0.0609375 0.0796875
1 0.42265625 0.55625 0.0296875 0.053125
1 0.45078125 0.528125 0.0203125 0.015625
1 0.45703125 0.56328125 0.0234375 0.046875
1 0.4546875 0.49921875 0.04375 0.028125
1 0.45078125 0.45625 0.0265625 0.0421875
1 0.509375 0.471875 0.08125 0.0578125
1 0.4921875 0.54921875 0.0375 0.0703125
1 0.5484375 0.553125 0.0625 0.1296875
1 0.46640625 0.64375 0.05 0.0671875
1 0.41953125 0.6359375 0.0515625 0.0671875
1 0.378125 0.62734375 0.0421875 0.0671875