1 0.37578125 0.41875 0.03984375 0.05859375
1 0.38203125 0.51328125 0.046875 0.10078125
1 0.43671875 0.47109375 0.04375 0.03515625
1 0.43125 0.5296875 0.0453125 0.071875
1 0.46640625 0.4375 0.01875 0.04921875
1 0.48203125 0.471875 0.02265625 0.01640625
1 0.47734375 0.49921875 0.03125 0.01484375
1 0.46953125 0.5375 0.01640625 0.04140625
1 0.496875 0.44453125 0.01640625 0.04140625
1 0.5265625 0.459375 0.0234375 0.06015625
1 0.5390625 0.53359375 0.04453125 0.046875
1 0.503125 0.51875 0.01484375 0.06875
1 0.58046875 0.46875 0.03671875 0.1203125
1 0.5234375 0.36484375 0.0265625 0.05390625
1 0.4828125 0.36953125 0.0390625 0.053125
1 0.4390625 0.3640625 0.028125 0.053125