1 0.375 0.43203125 0.04140625 0.04921875
1 0.38046875 0.52421875 0.04609375 0.10390625
1 0.4328125 0.48671875 0.03359375 0.03359375
1 0.43125 0.54765625 0.0484375 0.0765625
1 0.4671875 0.4609375 0.01640625 0.04453125
1 0.484375 0.49140625 0.0171875 0.01796875
1 0.47890625 0.5171875 0.034375 0.01953125
1 0.4671875 0.55546875 0.01484375 0.0484375
1 0.49765625 0.46328125 0.01796875 0.04296875
1 0.50390625 0.54140625 0.01484375 0.0640625
1 0.5265625 0.47421875 0.0265625 0.065625
1 0.53671875 0.54453125 0.0484375 0.05546875
1 0.5828125 0.48828125 0.0375 0.115625
1 0.52109375 0.38828125 0.03125 0.0546875
1 0.4796875 0.375 0.04140625 0.0609375
1 0.43828125 0.3828125 0.028125 0.0546875