1 0.37578125 0.41015625 0.04140625 0.05390625
1 0.38046875 0.5015625 0.04453125 0.10546875
1 0.43046875 0.50546875 0.05 0.10625
1 0.465625 0.4359375 0.01484375 0.04375
1 0.48359375 0.46796875 0.021875 0.015625
1 0.4828125 0.49453125 0.04375 0.01953125
1 0.46953125 0.53359375 0.01640625 0.03984375
1 0.5046875 0.53125 0.0140625 0.046875
1 0.4984375 0.43828125 0.01796875 0.04140625
1 0.528125 0.45546875 0.02265625 0.06328125
1 0.53828125 0.52578125 0.046875 0.05078125
1 0.58125 0.465625 0.03515625 0.1203125
1 0.521875 0.36640625 0.03359375 0.05625
1 0.4796875 0.3609375 0.04140625 0.05625
1 0.43984375 0.36171875 0.02734375 0.05546875