1 0.38125 0.3890625 0.0421875 0.0578125
1 0.3765625 0.4859375 0.065625 0.11875
1 0.43515625 0.44921875 0.04375 0.0390625
1 0.42578125 0.509375 0.05625 0.0875
1 0.4859375 0.45703125 0.0234375 0.0234375
1 0.48125 0.4875 0.05 0.03125
1 0.4609375 0.52265625 0.0265625 0.0484375
1 0.52421875 0.5296875 0.078125 0.0546875
1 0.50546875 0.42890625 0.021875 0.04375
1 0.53046875 0.44921875 0.0328125 0.075
1 0.58671875 0.46875 0.053125 0.121875
1 0.5421875 0.35625 0.04375 0.0609375
1 0.50078125 0.34921875 0.046875 0.0640625
1 0.4546875 0.3453125 0.04375 0.0703125
1 0.41640625 0.31640625 0.0234375 0.025
1 0.46953125 0.44140625 0.0171875 0.03125