1 0.63046875 0.55859375 0.04375 0.0578125
1 0.60625 0.4640625 0.0671875 0.11875
1 0.56015625 0.51640625 0.0453125 0.040625
1 0.55234375 0.45625 0.0578125 0.0875
1 0.51015625 0.52421875 0.0234375 0.0234375
1 0.50625 0.49375 0.05 0.03125
1 0.51484375 0.453125 0.0265625 0.0484375
1 0.4515625 0.465625 0.078125 0.0546875
1 0.49921875 0.55625 0.0234375 0.04375
1 0.46953125 0.54453125 0.034375 0.075
1 0.41015625 0.54296875 0.0546875 0.121875
1 0.48515625 0.63671875 0.04375 0.0625
1 0.52734375 0.63203125 0.0484375 0.0640625
1 0.57265625 0.621875 0.04375 0.0703125
1 0.61796875 0.6390625 0.0234375 0.025
1 0.53046875 0.53359375 0.0171875 0.0328125