1 0.34609375 0.41328125 0.0578125 0.05625
1 0.3609375 0.5125 0.065625 0.1171875
1 0.41328125 0.46328125 0.046875 0.0375
1 0.4171875 0.525 0.0578125 0.0828125
1 0.44296875 0.42734375 0.028125 0.0515625
1 0.47890625 0.43203125 0.0234375 0.059375
1 0.509375 0.4375 0.034375 0.071875
1 0.53203125 0.509375 0.05625 0.0609375
1 0.56953125 0.446875 0.05625 0.125
1 0.49296875 0.50703125 0.0296875 0.08125
1 0.46484375 0.48671875 0.0421875 0.025
1 0.459375 0.5296875 0.021875 0.0453125
1 0.49609375 0.34453125 0.0421875 0.0625
1 0.44609375 0.34609375 0.053125 0.0515625
1 0.4046875 0.35625 0.0328125 0.059375
1 0.36015625 0.33671875 0.034375 0.0234375