1 0.353125 0.6 0.05 0.0546875
1 0.3671875 0.50234375 0.059375 0.1140625
1 0.4203125 0.54609375 0.0453125 0.040625
1 0.421875 0.48828125 0.053125 0.0828125
1 0.45078125 0.58125 0.0234375 0.0515625
1 0.484375 0.5859375 0.025 0.05
1 0.4734375 0.54921875 0.021875 0.0203125
1 0.47421875 0.5234375 0.0484375 0.0296875
1 0.4625 0.47890625 0.0234375 0.0484375
1 0.49921875 0.4828125 0.015625 0.053125
1 0.53046875 0.5375 0.0625 0.14375
1 0.578125 0.559375 0.053125 0.134375
1 0.50390625 0.66640625 0.0453125 0.0640625
1 0.45703125 0.6640625 0.046875 0.059375
1 0.4140625 0.66015625 0.0328125 0.0578125