1 0.66328125 0.44609375 0.0609375 0.0609375
1 0.6390625 0.53515625 0.075 0.1171875
1 0.5953125 0.48125 0.0453125 0.0453125
1 0.58125 0.5421875 0.0640625 0.084375
1 0.56875 0.44453125 0.03125 0.0546875
1 0.540625 0.475 0.021875 0.0203125
1 0.534375 0.49921875 0.0546875 0.0375
1 0.53984375 0.5421875 0.0234375 0.0421875
1 0.50625 0.534375 0.025 0.0453125
1 0.53515625 0.4375 0.028125 0.053125
1 0.50078125 0.44296875 0.0421875 0.0734375
1 0.46953125 0.5171875 0.06875 0.0734375
1 0.43828125 0.4484375 0.0703125 0.14375
1 0.52734375 0.35 0.053125 0.06875
1 0.5734375 0.36484375 0.053125 0.06875
1 0.6171875 0.37109375 0.05 0.0671875
1 0.66640625 0.36171875 0.028125 0.0296875