1 0.6171875 0.59921875 0.046875 0.05
1 0.6203125 0.50078125 0.05625 0.109375
1 0.55859375 0.534375 0.04375 0.0375
1 0.5703125 0.47578125 0.053125 0.0734375
1 0.5109375 0.5296875 0.0171875 0.01875
1 0.51328125 0.503125 0.0453125 0.021875
1 0.53125 0.46484375 0.0203125 0.0421875
1 0.49765625 0.46328125 0.0171875 0.0453125
1 0.49375 0.55859375 0.0203125 0.0484375
1 0.52734375 0.56328125 0.0203125 0.046875
1 0.4640625 0.5421875 0.0328125 0.0734375
1 0.459375 0.46484375 0.0609375 0.05625
1 0.40859375 0.528125 0.0484375 0.121875
1 0.46171875 0.63203125 0.040625 0.0578125
1 0.50859375 0.63828125 0.04375 0.04375
1 0.546875 0.64609375 0.03125 0.065625