1 0.63046875 0.43125 0.046875 0.0578125
1 0.6140625 0.528125 0.0625 0.10625
1 0.5609375 0.47890625 0.046875 0.0359375
1 0.5578125 0.5390625 0.0578125 0.0796875
1 0.534375 0.44453125 0.021875 0.04375
1 0.51015625 0.47265625 0.028125 0.0203125
1 0.5 0.43984375 0.0203125 0.034375
1 0.51484375 0.50078125 0.0375 0.021875
1 0.51875 0.54296875 0.0234375 0.0421875
1 0.48515625 0.5203125 0.0265625 0.0796875
1 0.46875 0.45234375 0.0296875 0.065625
1 0.446875 0.52578125 0.05625 0.0671875
1 0.4140625 0.45703125 0.0484375 0.1265625
1 0.48515625 0.36015625 0.0421875 0.0640625
1 0.52890625 0.36328125 0.04375 0.0625
1 0.5703125 0.36875 0.0390625 0.0546875