1 0.60546875 0.459375 0.0515625 0.059375
1 0.5859375 0.5578125 0.065625 0.11875
1 0.534375 0.509375 0.040625 0.040625
1 0.5265625 0.57578125 0.0640625 0.090625
1 0.50078125 0.4765625 0.0234375 0.05
1 0.47890625 0.50625 0.021875 0.021875
1 0.48046875 0.53515625 0.040625 0.0265625
1 0.4875 0.57890625 0.0234375 0.0546875
1 0.46875 0.47421875 0.025 0.0484375
1 0.45 0.5578125 0.025 0.0703125
1 0.43515625 0.48203125 0.0390625 0.075
1 0.4140625 0.55546875 0.0609375 0.0671875
1 0.37265625 0.48828125 0.0578125 0.1296875
1 0.4546875 0.390625 0.0421875 0.0640625
1 0.50078125 0.3828125 0.053125 0.071875
1 0.54453125 0.39765625 0.0390625 0.0625