1 0.3625 0.60859375 0.0515625 0.0515625
1 0.35859375 0.515625 0.0625 0.1203125
1 0.4203125 0.5453125 0.04375 0.0453125
1 0.41015625 0.48359375 0.0546875 0.0875
1 0.45703125 0.5765625 0.025 0.0515625
1 0.490625 0.5703125 0.025 0.046875
1 0.4734375 0.5375 0.0171875 0.009375
1 0.4703125 0.51015625 0.046875 0.028125
1 0.45 0.47109375 0.0203125 0.0484375
1 0.5140625 0.46640625 0.075 0.05
1 0.5203125 0.55078125 0.0328125 0.0671875
1 0.578125 0.5328125 0.0484375 0.1265625
1 0.52734375 0.646875 0.04375 0.0609375
1 0.48203125 0.6515625 0.0515625 0.0609375
1 0.4359375 0.659375 0.0359375 0.071875