1 0.3515625 0.43984375 0.0546875 0.0625
1 0.36953125 0.53359375 0.0625 0.0984375
1 0.421875 0.525 0.0640625 0.121875
1 0.446875 0.453125 0.0265625 0.0484375
1 0.46796875 0.48203125 0.01875 0.015625
1 0.478125 0.44921875 0.0234375 0.04375
1 0.46640625 0.5109375 0.034375 0.025
1 0.46484375 0.5515625 0.021875 0.0484375
1 0.496875 0.53125 0.0296875 0.0796875
1 0.51015625 0.46171875 0.0328125 0.06875
1 0.5359375 0.5296875 0.0515625 0.0484375
1 0.56953125 0.46484375 0.0578125 0.1296875
1 0.4921875 0.3703125 0.0453125 0.0625
1 0.45234375 0.375 0.046875 0.0625
1 0.4078125 0.38125 0.034375 0.0640625