1 0.37421875 0.428125 0.0453125 0.05546875
1 0.38125 0.5203125 0.04453125 0.090625
1 0.43203125 0.47890625 0.04140625 0.028125
1 0.43125 0.5390625 0.04765625 0.0734375
1 0.4640625 0.453125 0.01171875 0.03984375
1 0.48359375 0.48515625 0.01328125 0.0203125
1 0.478125 0.509375 0.0296875 0.01796875
1 0.46953125 0.5484375 0.01796875 0.03984375
1 0.49921875 0.4609375 0.01796875 0.05078125
1 0.50390625 0.53671875 0.015625 0.075
1 0.52578125 0.4703125 0.02109375 0.06640625
1 0.540625 0.54296875 0.04609375 0.046875
1 0.58125 0.48046875 0.0328125 0.115625
1 0.521875 0.378125 0.034375 0.05625
1 0.478125 0.375 0.040625 0.05546875
1 0.43828125 0.37890625 0.02578125 0.05625