1 0.371875 0.61796875 0.05625 0.065625
1 0.35390625 0.5234375 0.071875 0.11875
1 0.40390625 0.50703125 0.078125 0.1203125
1 0.4578125 0.56953125 0.0265625 0.0484375
1 0.4671875 0.53125 0.0265625 0.021875
1 0.459375 0.5046875 0.05 0.03125
1 0.4359375 0.46875 0.0265625 0.04375
1 0.47265625 0.4625 0.0265625 0.0515625
1 0.48984375 0.5578125 0.028125 0.046875
1 0.515625 0.5328125 0.0390625 0.0703125
1 0.50859375 0.459375 0.0609375 0.0640625
1 0.56640625 0.509375 0.065625 0.13125
1 0.53125 0.62578125 0.0484375 0.065625
1 0.490625 0.64140625 0.05625 0.06875
1 0.45 0.65 0.0421875 0.0640625