1 0.4015625 0.61875 0.0515625 0.0578125
1 0.3875 0.5234375 0.065625 0.109375
1 0.44921875 0.5515625 0.04375 0.04375
1 0.43515625 0.49609375 0.0609375 0.0875
1 0.484375 0.571875 0.021875 0.040625
1 0.4953125 0.53828125 0.0265625 0.0234375
1 0.4921875 0.51484375 0.0484375 0.0296875
1 0.46953125 0.47890625 0.028125 0.046875
1 0.52890625 0.47109375 0.075 0.05625
1 0.51796875 0.5671875 0.03125 0.0453125
1 0.54140625 0.54453125 0.034375 0.06875
1 0.59296875 0.5234375 0.05625 0.1296875
1 0.55703125 0.634375 0.0359375 0.0453125
1 0.51328125 0.64609375 0.0484375 0.059375
1 0.47421875 0.65546875 0.0375 0.059375
1 0.434375 0.684375 0.0203125 0.0203125