1 0.65859375 0.4421875 0.046875 0.0671875
1 0.64296875 0.54375 0.0578125 0.1078125
1 0.59140625 0.49375 0.0390625 0.0390625
1 0.5890625 0.5546875 0.0515625 0.078125
1 0.5640625 0.45703125 0.021875 0.0515625
1 0.53984375 0.49375 0.0203125 0.0203125
1 0.5453125 0.52109375 0.0359375 0.0265625
1 0.55 0.56328125 0.0203125 0.0421875
1 0.52890625 0.459375 0.0203125 0.0375
1 0.51953125 0.540625 0.0234375 0.0703125
1 0.5 0.46875 0.025 0.0640625
1 0.4796875 0.54296875 0.0484375 0.0640625
1 0.44140625 0.47578125 0.0515625 0.1328125
1 0.5109375 0.3796875 0.0359375 0.0625
1 0.55390625 0.37890625 0.0421875 0.0546875
1 0.59921875 0.38125 0.03125 0.05625