1 0.378125 0.40859375 0.04140625 0.053125
1 0.38203125 0.4984375 0.04453125 0.09453125
1 0.434375 0.4640625 0.0359375 0.0265625
1 0.43203125 0.51796875 0.04453125 0.06953125
1 0.4859375 0.46640625 0.0203125 0.0140625
1 0.4859375 0.49296875 0.04140625 0.01484375
1 0.47109375 0.52734375 0.0171875 0.04140625
1 0.52734375 0.5265625 0.06953125 0.03984375
1 0.4984375 0.43828125 0.01484375 0.04375
1 0.52734375 0.44453125 0.02421875 0.065625
1 0.4671875 0.4296875 0.0171875 0.04453125
1 0.4375 0.35546875 0.021875 0.0546875
1 0.48203125 0.36171875 0.03359375 0.0546875
1 0.525 0.36015625 0.03203125 0.0515625
1 0.58046875 0.4578125 0.03515625 0.1234375