1 0.59296875 0.37578125 0.05625 0.0578125
1 0.60703125 0.471875 0.0703125 0.1125
1 0.55703125 0.4828125 0.071875 0.121875
1 0.5078125 0.4234375 0.0234375 0.0484375
1 0.49609375 0.45703125 0.0234375 0.021875
1 0.47578125 0.43203125 0.025 0.0453125
1 0.503125 0.48359375 0.0515625 0.028125
1 0.52578125 0.51796875 0.025 0.0515625
1 0.4625 0.528125 0.075 0.0578125
1 0.44921875 0.45078125 0.034375 0.0640625
1 0.3984375 0.47734375 0.059375 0.1265625
1 0.4359375 0.359375 0.0484375 0.0625
1 0.47734375 0.34921875 0.0546875 0.071875
1 0.5171875 0.34140625 0.0375 0.0625