1 0.63046875 0.5515625 0.0484375 0.059375
1 0.61015625 0.45390625 0.0640625 0.11875
1 0.559375 0.50859375 0.0421875 0.04375
1 0.55234375 0.446875 0.0578125 0.0890625
1 0.5328125 0.54140625 0.025 0.0484375
1 0.49765625 0.5390625 0.0234375 0.053125
1 0.5109375 0.5109375 0.0203125 0.0140625
1 0.50625 0.4859375 0.0484375 0.03125
1 0.51484375 0.44375 0.025 0.053125
1 0.4515625 0.45546875 0.0765625 0.0578125
1 0.4671875 0.5375 0.034375 0.065625
1 0.409375 0.5328125 0.059375 0.1296875
1 0.4859375 0.62578125 0.04375 0.0703125
1 0.53046875 0.61953125 0.046875 0.0640625
1 0.57421875 0.61484375 0.034375 0.06875