1 0.35625 0.59453125 0.040625 0.0484375
1 0.36484375 0.496875 0.05 0.1078125
1 0.41796875 0.5375 0.040625 0.03125
1 0.41640625 0.47578125 0.05 0.075
1 0.45 0.5671875 0.0171875 0.0453125
1 0.46953125 0.534375 0.021875 0.0140625
1 0.48203125 0.56484375 0.015625 0.0390625
1 0.4625 0.509375 0.028125 0.01875
1 0.45546875 0.46796875 0.01875 0.0421875
1 0.49140625 0.4859375 0.01875 0.0734375
1 0.51328125 0.5546875 0.0265625 0.0640625
1 0.52578125 0.48203125 0.0453125 0.05
1 0.56875 0.54375 0.034375 0.1234375
1 0.50859375 0.64765625 0.0328125 0.05625
1 0.4625 0.6453125 0.040625 0.0515625
1 0.421875 0.64609375 0.028125 0.05625