1 0.375 0.41875 0.04140625 0.053125
1 0.38046875 0.5140625 0.04453125 0.1
1 0.43671875 0.47265625 0.0375 0.04140625
1 0.43125 0.53046875 0.0421875 0.06953125
1 0.465625 0.44609375 0.01640625 0.0484375
1 0.4859375 0.4765625 0.01953125 0.015625
1 0.478125 0.50234375 0.034375 0.01796875
1 0.4703125 0.54140625 0.01328125 0.04140625
1 0.49765625 0.44453125 0.01484375 0.03515625
1 0.5015625 0.51953125 0.01171875 0.06796875
1 0.528125 0.4625 0.0265625 0.065625
1 0.53828125 0.53203125 0.04609375 0.04375
1 0.58203125 0.4734375 0.034375 0.1265625
1 0.52265625 0.37109375 0.03125 0.053125
1 0.48125 0.36875 0.03671875 0.05390625
1 0.44296875 0.36796875 0.03046875 0.05859375