1 0.3734375 0.4203125 0.03671875 0.0609375
1 0.38203125 0.5140625 0.04453125 0.0984375
1 0.434375 0.46953125 0.03671875 0.02890625
1 0.43203125 0.528125 0.04375 0.0765625
1 0.46484375 0.43671875 0.015625 0.04921875
1 0.484375 0.471875 0.0171875 0.00703125
1 0.475 0.49609375 0.03203125 0.02109375
1 0.46953125 0.5359375 0.01484375 0.03828125
1 0.49765625 0.44296875 0.01640625 0.0359375
1 0.503125 0.5234375 0.0140625 0.08125
1 0.525 0.459375 0.0203125 0.06640625
1 0.53828125 0.53046875 0.04609375 0.04140625
1 0.5796875 0.46875 0.02734375 0.11875
1 0.52265625 0.37109375 0.03046875 0.05546875
1 0.4828125 0.36875 0.03515625 0.046875
1 0.43984375 0.36484375 0.02421875 0.0515625