1 0.36015625 0.5703125 0.0515625 0.0578125
1 0.38203125 0.47265625 0.0671875 0.1125
1 0.43125 0.5234375 0.0484375 0.034375
1 0.43984375 0.4578125 0.0640625 0.0921875
1 0.45625 0.5625 0.0265625 0.04375
1 0.48125 0.5296875 0.021875 0.0171875
1 0.47890625 0.50234375 0.03125 0.0203125
1 0.48046875 0.46015625 0.0234375 0.0453125
1 0.49140625 0.56171875 0.025 0.0484375
1 0.5109375 0.48125 0.03125 0.0796875
1 0.5234375 0.5546875 0.034375 0.06875
1 0.55 0.48203125 0.0578125 0.0609375
1 0.58203125 0.55078125 0.0625 0.134375
1 0.50546875 0.6453125 0.0453125 0.06875
1 0.459375 0.64296875 0.0515625 0.0625
1 0.41875 0.6296875 0.0375 0.065625