1 0.3765625 0.40859375 0.04140625 0.04921875
1 0.38046875 0.503125 0.04609375 0.10390625
1 0.43515625 0.4609375 0.0375 0.03125
1 0.43203125 0.521875 0.0421875 0.075
1 0.46875 0.43125 0.0171875 0.0484375
1 0.4984375 0.43828125 0.01484375 0.05078125
1 0.528125 0.44921875 0.02265625 0.071875
1 0.53984375 0.521875 0.0484375 0.05
1 0.5828125 0.46171875 0.0359375 0.1203125
1 0.484375 0.46640625 0.0140625 0.0140625
1 0.48359375 0.4890625 0.0484375 0.025
1 0.46796875 0.5296875 0.0171875 0.03671875
1 0.49453125 0.53125 0.02734375 0.040625
1 0.52421875 0.35625 0.03203125 0.06171875
1 0.48046875 0.35703125 0.03671875 0.05703125
1 0.43984375 0.3546875 0.02890625 0.05390625