1 0.37578125 0.409375 0.0453125 0.0484375
1 0.38046875 0.50390625 0.04765625 0.1015625
1 0.43125 0.5046875 0.0484375 0.1109375
1 0.465625 0.4375 0.01328125 0.0453125
1 0.48359375 0.4671875 0.01953125 0.01796875
1 0.4984375 0.43984375 0.01640625 0.040625
1 0.48359375 0.49375 0.046875 0.01796875
1 0.46796875 0.53125 0.01484375 0.04921875
1 0.5296875 0.528125 0.06640625 0.04375
1 0.528125 0.4515625 0.021875 0.059375
1 0.58125 0.46796875 0.034375 0.11875
1 0.521875 0.3625 0.03671875 0.0546875
1 0.4796875 0.3609375 0.03984375 0.06328125
1 0.440625 0.36171875 0.02578125 0.05625