1 0.321875 0.5828125 0.0515625 0.053125
1 0.34375 0.49375 0.0671875 0.1203125
1 0.39296875 0.53828125 0.0453125 0.046875
1 0.40078125 0.478125 0.059375 0.0875
1 0.41953125 0.578125 0.0265625 0.0515625
1 0.453125 0.58046875 0.028125 0.0453125
1 0.44609375 0.5453125 0.01875 0.0109375
1 0.45 0.51875 0.0484375 0.03125
1 0.44140625 0.4765625 0.021875 0.0484375
1 0.50234375 0.48984375 0.075 0.053125
1 0.4859375 0.5703125 0.0359375 0.065625
1 0.54609375 0.56953125 0.05625 0.125
1 0.46640625 0.66328125 0.0453125 0.0625
1 0.4234375 0.6546875 0.0546875 0.0625
1 0.3765625 0.65 0.0390625 0.0703125