1 0.63203125 0.621875 0.059375 0.0625
1 0.64453125 0.52421875 0.06875 0.1078125
1 0.58125 0.55390625 0.05 0.0421875
1 0.59375 0.49375 0.0625 0.08125
1 0.5421875 0.57734375 0.0265625 0.05
1 0.53203125 0.53984375 0.0234375 0.021875
1 0.5421875 0.5171875 0.0359375 0.025
1 0.5578125 0.47734375 0.0265625 0.05
1 0.51015625 0.56875 0.028125 0.0484375
1 0.51953125 0.48515625 0.03125 0.0796875
1 0.48203125 0.55390625 0.0390625 0.078125
1 0.48359375 0.471875 0.05625 0.0625
1 0.42734375 0.5265625 0.0625 0.128125
1 0.47109375 0.6390625 0.0421875 0.0625
1 0.515625 0.653125 0.053125 0.0703125
1 0.55546875 0.66640625 0.0390625 0.0625