1 0.37421875 0.57265625 0.05 0.0546875
1 0.37578125 0.47734375 0.053125 0.0984375
1 0.43203125 0.515625 0.04375 0.034375
1 0.42890625 0.45625 0.05 0.0734375
1 0.4671875 0.54375 0.01875 0.046875
1 0.48203125 0.509375 0.0203125 0.01875
1 0.47578125 0.4859375 0.0328125 0.0203125
1 0.46640625 0.4453125 0.01875 0.0453125
1 0.49921875 0.53984375 0.0203125 0.04375
1 0.50234375 0.45859375 0.01875 0.075
1 0.52890625 0.53046875 0.028125 0.071875
1 0.5390625 0.4515625 0.0484375 0.0546875
1 0.584375 0.5125 0.0421875 0.1203125
1 0.525 0.6140625 0.0328125 0.0578125
1 0.48046875 0.6203125 0.0421875 0.0625
1 0.440625 0.6265625 0.0296875 0.05625