1 0.38828125 0.575 0.05625 0.0625
1 0.37109375 0.47109375 0.071875 0.1265625
1 0.4375 0.503125 0.0484375 0.04375
1 0.41953125 0.43515625 0.06875 0.103125
1 0.47578125 0.52734375 0.03125 0.046875
1 0.4890625 0.4859375 0.021875 0.015625
1 0.475 0.46171875 0.040625 0.028125
1 0.45859375 0.4203125 0.0328125 0.0515625
1 0.50859375 0.51640625 0.0359375 0.0578125
1 0.49765625 0.42578125 0.0328125 0.078125
1 0.53671875 0.4953125 0.040625 0.078125
1 0.53359375 0.41953125 0.0625 0.0734375
1 0.5921875 0.4703125 0.0671875 0.140625
1 0.553125 0.58984375 0.0453125 0.06875
1 0.5109375 0.6046875 0.0515625 0.0671875
1 0.46484375 0.61328125 0.0453125 0.065625