1 0.37734375 0.403125 0.04453125 0.0484375
1 0.3796875 0.49296875 0.046875 0.09453125
1 0.4359375 0.4515625 0.03984375 0.03515625
1 0.43203125 0.509375 0.04375 0.06796875
1 0.4671875 0.42578125 0.01953125 0.04375
1 0.48515625 0.45703125 0.01875 0.01484375
1 0.4765625 0.48125 0.03046875 0.01875
1 0.46953125 0.51953125 0.0171875 0.0359375
1 0.4984375 0.4265625 0.02265625 0.0390625
1 0.5046875 0.50859375 0.01640625 0.0703125
1 0.528125 0.43671875 0.0203125 0.06484375
1 0.52890625 0.51328125 0.02578125 0.0453125
1 0.55390625 0.51171875 0.01796875 0.05625
1 0.58125 0.45546875 0.03515625 0.12109375
1 0.52421875 0.353125 0.03125 0.05546875
1 0.48203125 0.3484375 0.03828125 0.0546875
1 0.43984375 0.34921875 0.02890625 0.05
1 0.396875 0.33046875 0.02890625 0.015625