1 0.37890625 0.42890625 0.04453125 0.053125
1 0.3828125 0.51953125 0.04453125 0.1046875
1 0.43515625 0.48125 0.0390625 0.03125
1 0.43359375 0.53828125 0.04609375 0.075
1 0.46484375 0.45234375 0.0125 0.04375
1 0.484375 0.48125 0.0171875 0.01171875
1 0.47734375 0.509375 0.03203125 0.01953125
1 0.46875 0.55 0.01640625 0.04609375
1 0.49765625 0.45546875 0.01640625 0.046875
1 0.5015625 0.52578125 0.01484375 0.05546875
1 0.5265625 0.46640625 0.01953125 0.06640625
1 0.53984375 0.54140625 0.04375 0.05390625
1 0.58046875 0.48046875 0.0328125 0.125
1 0.52421875 0.378125 0.03125 0.05546875
1 0.48046875 0.37578125 0.03984375 0.05703125
1 0.43984375 0.37265625 0.025 0.05859375