1 0.61328125 0.63515625 0.0578125 0.059375
1 0.63046875 0.5421875 0.071875 0.1046875
1 0.565625 0.57421875 0.0484375 0.05
1 0.5796875 0.5140625 0.0625 0.08125
1 0.525 0.59453125 0.028125 0.0515625
1 0.51640625 0.55703125 0.025 0.025
1 0.5203125 0.53125 0.0484375 0.0296875
1 0.54453125 0.4984375 0.021875 0.046875
1 0.50859375 0.48828125 0.0234375 0.04375
1 0.49140625 0.584375 0.025 0.0453125
1 0.4671875 0.56484375 0.0359375 0.06875
1 0.47109375 0.48828125 0.053125 0.05
1 0.4171875 0.53203125 0.0625 0.1421875
1 0.45234375 0.6578125 0.046875 0.0640625
1 0.4953125 0.6640625 0.0546875 0.06875
1 0.5359375 0.67421875 0.040625 0.0625
1 0.5734375 0.70546875 0.021875 0.01875