1 0.3203125 0.475 0.053125 0.06875
1 0.35546875 0.571875 0.0765625 0.109375
1 0.396875 0.5140625 0.046875 0.0421875
1 0.4125 0.578125 0.0703125 0.09375
1 0.421875 0.478125 0.0296875 0.0453125
1 0.4515625 0.50390625 0.028125 0.0203125
1 0.45234375 0.5359375 0.0421875 0.0265625
1 0.45390625 0.57734375 0.0296875 0.046875
1 0.45625 0.4703125 0.028125 0.040625
1 0.4859375 0.55078125 0.0359375 0.0734375
1 0.48984375 0.47734375 0.0375 0.0765625
1 0.52265625 0.5515625 0.0546875 0.05
1 0.5484375 0.4765625 0.0671875 0.1265625
1 0.46171875 0.38671875 0.0484375 0.0671875
1 0.41484375 0.39375 0.05625 0.071875
1 0.3734375 0.4 0.0359375 0.0578125