1 0.37734375 0.42578125 0.04453125 0.05546875
1 0.38125 0.51953125 0.04765625 0.10625
1 0.43515625 0.48203125 0.03984375 0.0296875
1 0.43046875 0.540625 0.04609375 0.071875
1 0.46640625 0.45234375 0.01875 0.03828125
1 0.48203125 0.4828125 0.01875 0.01796875
1 0.475 0.509375 0.03828125 0.01796875
1 0.46796875 0.546875 0.02109375 0.0484375
1 0.49765625 0.45703125 0.01875 0.03515625
1 0.503125 0.534375 0.01640625 0.06640625
1 0.52578125 0.46640625 0.02421875 0.06015625
1 0.53671875 0.540625 0.04453125 0.05546875
1 0.5796875 0.4765625 0.0421875 0.11484375
1 0.52421875 0.37890625 0.03515625 0.05546875
1 0.48203125 0.37578125 0.0375 0.06171875
1 0.4390625 0.375 0.03046875 0.06484375