1 0.3546875 0.440625 0.05625 0.0625
1 0.3765625 0.53125 0.06875 0.1078125
1 0.4265625 0.48125 0.0421875 0.0375
1 0.43671875 0.546875 0.0640625 0.0890625
1 0.45 0.44140625 0.0203125 0.0484375
1 0.48671875 0.44296875 0.0234375 0.0421875
1 0.47421875 0.47421875 0.0234375 0.0203125
1 0.47265625 0.50390625 0.034375 0.025
1 0.47421875 0.54296875 0.025 0.0421875
1 0.50625 0.5265625 0.0296875 0.0859375
1 0.51875 0.4515625 0.0359375 0.0703125
1 0.54453125 0.52265625 0.0578125 0.0546875
1 0.5765625 0.4515625 0.0609375 0.13125
1 0.49609375 0.359375 0.046875 0.0625
1 0.45234375 0.3625 0.046875 0.0609375
1 0.4109375 0.37578125 0.0328125 0.0546875