1 0.37578125 0.40703125 0.04609375 0.05546875
1 0.38046875 0.496875 0.05 0.10546875
1 0.4359375 0.45390625 0.04453125 0.04140625
1 0.43203125 0.51875 0.04765625 0.07421875
1 0.46796875 0.4265625 0.01484375 0.04609375
1 0.49921875 0.43125 0.01640625 0.04453125
1 0.52734375 0.44296875 0.02421875 0.059375
1 0.48359375 0.48359375 0.04140625 0.02109375
1 0.46953125 0.525 0.02109375 0.04609375
1 0.52890625 0.5234375 0.06796875 0.04609375
1 0.58203125 0.4640625 0.03515625 0.128125
1 0.52421875 0.35625 0.03125 0.06015625
1 0.48125 0.35625 0.03515625 0.06015625
1 0.44140625 0.35625 0.028125 0.0609375
1 0.396875 0.33203125 0.02109375 0.0203125