1 0.6140625 0.56328125 0.0515625 0.0609375
1 0.60703125 0.46796875 0.05625 0.1140625
1 0.54921875 0.51484375 0.0484375 0.0453125
1 0.55234375 0.4453125 0.0515625 0.08125
1 0.515625 0.54453125 0.0171875 0.05
1 0.48203125 0.53984375 0.01875 0.0484375
1 0.45078125 0.52890625 0.0265625 0.0640625
1 0.496875 0.48359375 0.0453125 0.0234375
1 0.51171875 0.4390625 0.0234375 0.05
1 0.44765625 0.4421875 0.0734375 0.0515625
1 0.39140625 0.50625 0.040625 0.1375
1 0.45625 0.621875 0.034375 0.065625
1 0.50234375 0.62109375 0.0390625 0.065625
1 0.54453125 0.61953125 0.03125 0.065625
1 0.59296875 0.64453125 0.0234375 0.021875