1 0.63203125 0.57109375 0.046875 0.0546875
1 0.625 0.478125 0.05 0.1140625
1 0.5703125 0.51796875 0.040625 0.0328125
1 0.57265625 0.45390625 0.0484375 0.08125
1 0.53671875 0.5484375 0.015625 0.0484375
1 0.5171875 0.51484375 0.0171875 0.015625
1 0.503125 0.5421875 0.021875 0.0453125
1 0.52578125 0.4859375 0.034375 0.0171875
1 0.53125 0.44609375 0.021875 0.0453125
1 0.496875 0.46328125 0.0171875 0.075
1 0.47421875 0.534375 0.0234375 0.065625
1 0.459375 0.46015625 0.0515625 0.059375
1 0.41640625 0.52421875 0.0375 0.125
1 0.47734375 0.62578125 0.0375 0.0578125
1 0.52265625 0.62890625 0.04375 0.0625
1 0.5671875 0.625 0.028125 0.059375