1 0.6390625 0.46640625 0.0546875 0.0640625
1 0.61328125 0.5625 0.0671875 0.1125
1 0.56484375 0.5078125 0.046875 0.0515625
1 0.55703125 0.56796875 0.059375 0.0796875
1 0.540625 0.475 0.028125 0.053125
1 0.5125 0.50078125 0.0234375 0.0203125
1 0.515625 0.5296875 0.0390625 0.0265625
1 0.51484375 0.57109375 0.0234375 0.0453125
1 0.50703125 0.465625 0.0234375 0.0390625
1 0.48671875 0.54296875 0.0265625 0.071875
1 0.47265625 0.47734375 0.0421875 0.0734375
1 0.446875 0.546875 0.05625 0.0546875
1 0.41484375 0.47734375 0.0625 0.1375
1 0.49765625 0.384375 0.04375 0.0609375
1 0.540625 0.39140625 0.05 0.0625
1 0.58046875 0.4 0.04375 0.065625