1 0.3515625 0.56796875 0.0515625 0.0546875
1 0.375 0.47109375 0.065625 0.115625
1 0.41953125 0.525 0.046875 0.0390625
1 0.42890625 0.4625 0.0578125 0.08125
1 0.4484375 0.56015625 0.0234375 0.0515625
1 0.47421875 0.53125 0.021875 0.0140625
1 0.4671875 0.50234375 0.0328125 0.01875
1 0.46875 0.46015625 0.0234375 0.0453125
1 0.48125 0.5625 0.025 0.0421875
1 0.4984375 0.48203125 0.0296875 0.0734375
1 0.5125 0.5515625 0.0296875 0.065625
1 0.53828125 0.48203125 0.0546875 0.0640625
1 0.5703125 0.5484375 0.053125 0.1296875
1 0.49296875 0.64765625 0.040625 0.06875
1 0.45078125 0.6359375 0.0453125 0.0609375
1 0.40859375 0.6296875 0.0359375 0.0671875