1 0.37578125 0.40546875 0.04296875 0.04453125
1 0.38046875 0.49921875 0.04609375 0.103125
1 0.43671875 0.46328125 0.0390625 0.03359375
1 0.43125 0.51953125 0.04609375 0.06796875
1 0.484375 0.46328125 0.015625 0.01640625
1 0.484375 0.48828125 0.04296875 0.01796875
1 0.46953125 0.52734375 0.015625 0.03984375
1 0.50234375 0.52578125 0.01328125 0.04296875
1 0.49765625 0.43359375 0.015625 0.0453125
1 0.46484375 0.43203125 0.01640625 0.04375
1 0.528125 0.446875 0.02578125 0.06875
1 0.5390625 0.52109375 0.05390625 0.04921875
1 0.5828125 0.45625 0.03671875 0.115625
1 0.52265625 0.359375 0.03515625 0.053125
1 0.47734375 0.35859375 0.03828125 0.0390625
1 0.43984375 0.35390625 0.025 0.0609375