1 0.3859375 0.46953125 0.065625 0.1703125
1 0.43984375 0.465625 0.0453125 0.0359375
1 0.43203125 0.52578125 0.0515625 0.0765625
1 0.47265625 0.44140625 0.0203125 0.0453125
1 0.4875 0.478125 0.0171875 0.0171875
1 0.48046875 0.5015625 0.03125 0.0234375
1 0.4671875 0.5375 0.015625 0.0375
1 0.5046875 0.525 0.021875 0.0703125
1 0.5046875 0.44296875 0.0203125 0.0421875
1 0.540625 0.496875 0.059375 0.13125
1 0.5875 0.478125 0.040625 0.11875
1 0.5359375 0.37265625 0.034375 0.059375
1 0.49453125 0.36875 0.04375 0.0578125
1 0.4546875 0.3609375 0.0328125 0.05