1 0.6203125 0.4609375 0.0859375 0.1921875
1 0.5609375 0.46171875 0.0484375 0.046875
1 0.57578125 0.528125 0.0625 0.0875
1 0.5234375 0.440625 0.025 0.0484375
1 0.5078125 0.47734375 0.021875 0.0125
1 0.4890625 0.446875 0.0234375 0.0421875
1 0.52109375 0.50078125 0.034375 0.03125
1 0.5390625 0.5453125 0.0234375 0.04375
1 0.4984375 0.5375 0.028125 0.0828125
1 0.4609375 0.465625 0.0328125 0.0671875
1 0.46171875 0.5453125 0.059375 0.065625
1 0.4078125 0.49296875 0.0609375 0.1296875
1 0.44921875 0.375 0.0453125 0.05625
1 0.49609375 0.3640625 0.05 0.0609375
1 0.5375 0.35625 0.0375 0.0625