1 0.36015625 0.4125 0.0484375 0.0578125
1 0.36953125 0.51171875 0.05625 0.1109375
1 0.42578125 0.465625 0.046875 0.034375
1 0.4234375 0.5234375 0.05 0.0703125
1 0.45625 0.4296875 0.01875 0.0484375
1 0.47421875 0.46328125 0.015625 0.009375
1 0.47734375 0.490625 0.0453125 0.021875
1 0.4640625 0.5328125 0.0171875 0.0453125
1 0.52578125 0.52421875 0.0671875 0.053125
1 0.4890625 0.4328125 0.0203125 0.0375
1 0.51953125 0.44140625 0.028125 0.0703125
1 0.57578125 0.45390625 0.0421875 0.11875
1 0.51171875 0.3515625 0.0328125 0.0515625
1 0.465625 0.35078125 0.04375 0.059375
1 0.42578125 0.35703125 0.03125 0.059375