1 0.35078125 0.45625 0.0484375 0.0546875
1 0.37578125 0.5546875 0.0609375 0.1140625
1 0.41875 0.50078125 0.0515625 0.0421875
1 0.42734375 0.56640625 0.0625 0.08125
1 0.446875 0.465625 0.021875 0.0484375
1 0.47265625 0.49609375 0.0203125 0.0203125
1 0.4796875 0.46875 0.01875 0.0359375
1 0.4671875 0.5234375 0.0375 0.021875
1 0.4671875 0.56640625 0.0234375 0.0453125
1 0.5 0.54765625 0.028125 0.084375
1 0.51171875 0.4796875 0.0296875 0.0640625
1 0.53515625 0.546875 0.05625 0.0640625
1 0.56875 0.4796875 0.0546875 0.125
1 0.49296875 0.38515625 0.0390625 0.065625
1 0.44921875 0.3859375 0.0515625 0.0671875
1 0.41015625 0.39765625 0.0375 0.0578125