1 0.61953125 0.596875 0.0484375 0.05
1 0.61953125 0.50234375 0.053125 0.1046875
1 0.56875 0.49921875 0.0546875 0.1140625
1 0.53125 0.5640625 0.015625 0.0453125
1 0.51484375 0.53359375 0.0203125 0.01875
1 0.4984375 0.56015625 0.01875 0.0421875
1 0.51640625 0.50703125 0.0484375 0.0203125
1 0.53359375 0.4703125 0.0171875 0.05
1 0.471875 0.4703125 0.06875 0.046875
1 0.46953125 0.546875 0.025 0.0609375
1 0.4171875 0.528125 0.040625 0.1203125
1 0.47109375 0.6359375 0.0390625 0.05625
1 0.51328125 0.63984375 0.04375 0.065625
1 0.55234375 0.64140625 0.028125 0.0578125