1 0.365625 0.45234375 0.0453125 0.053125
1 0.38984375 0.540625 0.0671875 0.10625
1 0.43984375 0.53359375 0.065625 0.115625
1 0.4609375 0.4609375 0.01875 0.0390625
1 0.48515625 0.48515625 0.015625 0.015625
1 0.49296875 0.4578125 0.021875 0.04375
1 0.48203125 0.51171875 0.0359375 0.0328125
1 0.484375 0.55390625 0.021875 0.0453125
1 0.5125 0.53203125 0.0265625 0.06875
1 0.525 0.46328125 0.0296875 0.0609375
1 0.5515625 0.534375 0.05625 0.0578125
1 0.5796875 0.4671875 0.0578125 0.1265625
1 0.503125 0.37578125 0.0390625 0.0609375
1 0.4609375 0.38203125 0.0515625 0.0640625
1 0.42265625 0.38828125 0.0375 0.0640625