1 0.3875 0.53515625 0.0484375 0.0609375
1 0.40625 0.43359375 0.0671875 0.1125
1 0.46015625 0.48671875 0.0484375 0.0375
1 0.4640625 0.42421875 0.0609375 0.084375
1 0.4875 0.5234375 0.0234375 0.0453125
1 0.5125 0.49375 0.0296875 0.021875
1 0.52265625 0.528125 0.021875 0.0359375
1 0.50859375 0.4640625 0.0390625 0.0234375
1 0.5046875 0.42109375 0.025 0.04375
1 0.53984375 0.44453125 0.028125 0.084375
1 0.55546875 0.51640625 0.03125 0.0703125
1 0.5796875 0.43984375 0.0578125 0.0703125
1 0.6125 0.51171875 0.053125 0.13125
1 0.5375 0.61171875 0.04375 0.0671875
1 0.4921875 0.6078125 0.046875 0.065625
1 0.4484375 0.6015625 0.0421875 0.0578125