1 0.64453125 0.42421875 0.0515625 0.0546875
1 0.62734375 0.5140625 0.0671875 0.1171875
1 0.57734375 0.47109375 0.0453125 0.04375
1 0.5703125 0.53203125 0.0546875 0.0828125
1 0.55078125 0.4390625 0.028125 0.0484375
1 0.51953125 0.4390625 0.0265625 0.0515625
1 0.53203125 0.46484375 0.015625 0.015625
1 0.52421875 0.49140625 0.0453125 0.0296875
1 0.53125 0.5359375 0.01875 0.046875
1 0.47421875 0.525 0.0703125 0.0515625
1 0.48828125 0.4453125 0.0296875 0.065625
1 0.43125 0.44609375 0.0578125 0.13125
1 0.5046875 0.35546875 0.0421875 0.0578125
1 0.5484375 0.35703125 0.0453125 0.0640625
1 0.58984375 0.365625 0.0375 0.0640625