1 0.621875 0.596875 0.040625 0.046875
1 0.61875 0.50703125 0.05 0.096875
1 0.56484375 0.53984375 0.0390625 0.034375
1 0.56796875 0.48828125 0.0421875 0.0703125
1 0.53359375 0.56875 0.0203125 0.0421875
1 0.5171875 0.5390625 0.021875 0.0140625
1 0.51484375 0.51328125 0.0453125 0.021875
1 0.5296875 0.4765625 0.0171875 0.04375
1 0.4703125 0.478125 0.0671875 0.0421875
1 0.55703125 0.64921875 0.025 0.0640625
1 0.59765625 0.6671875 0.0203125 0.0203125
1 0.5171875 0.64609375 0.0390625 0.0546875
1 0.47265625 0.64296875 0.03125 0.0546875
1 0.5015625 0.57109375 0.01875 0.0515625
1 0.471875 0.55625 0.021875 0.0671875
1 0.41875 0.5390625 0.0375 0.1265625