1 0.378125 0.43125 0.053125 0.0609375
1 0.39609375 0.521875 0.0640625 0.10625
1 0.446875 0.4734375 0.0421875 0.0359375
1 0.45546875 0.5390625 0.0609375 0.0859375
1 0.4734375 0.43515625 0.01875 0.046875
1 0.50859375 0.43828125 0.021875 0.040625
1 0.4953125 0.46875 0.0234375 0.0203125
1 0.4921875 0.496875 0.0328125 0.0234375
1 0.4921875 0.5375 0.0234375 0.040625
1 0.525 0.52109375 0.0265625 0.0859375
1 0.5390625 0.44765625 0.0328125 0.06875
1 0.5625 0.51875 0.05625 0.053125
1 0.596875 0.45 0.05625 0.1296875
1 0.52109375 0.3546875 0.04375 0.0625
1 0.47734375 0.35703125 0.0453125 0.059375
1 0.43515625 0.36953125 0.03125 0.053125