1 0.37890625 0.47421875 0.0515625 0.17109375
1 0.43203125 0.50703125 0.0453125 0.10703125
1 0.4671875 0.434375 0.01328125 0.04375
1 0.484375 0.46875 0.01796875 0.01328125
1 0.47734375 0.49296875 0.03203125 0.01640625
1 0.4703125 0.53203125 0.0171875 0.03828125
1 0.49921875 0.44140625 0.01484375 0.03984375
1 0.50390625 0.51875 0.01640625 0.071875
1 0.5265625 0.453125 0.02109375 0.0609375
1 0.5390625 0.525 0.04765625 0.059375
1 0.58203125 0.46640625 0.03359375 0.12109375
1 0.5234375 0.36171875 0.03125 0.053125
1 0.48046875 0.36171875 0.03828125 0.053125
1 0.44140625 0.36171875 0.02890625 0.05625