1 0.6515625 0.575 0.0515625 0.059375
1 0.62734375 0.4859375 0.0625 0.1078125
1 0.57890625 0.5328125 0.0453125 0.0421875
1 0.571875 0.475 0.0546875 0.0765625
1 0.5546875 0.56796875 0.025 0.0484375
1 0.521875 0.56640625 0.025 0.0390625
1 0.53046875 0.5359375 0.0265625 0.0171875
1 0.52578125 0.5125 0.0484375 0.0328125
1 0.53203125 0.47109375 0.0234375 0.04375
1 0.475 0.4828125 0.0671875 0.0515625
1 0.490625 0.5609375 0.0359375 0.06875
1 0.434375 0.5546875 0.059375 0.134375
1 0.5078125 0.64921875 0.04375 0.059375
1 0.55078125 0.63984375 0.0484375 0.05625
1 0.59296875 0.6359375 0.0296875 0.0578125
1 0.640625 0.6484375 0.0265625 0.0296875