1 0.34375 0.57734375 0.0515625 0.046875
1 0.3453125 0.478125 0.059375 0.1140625
1 0.40390625 0.51875 0.046875 0.0359375
1 0.39921875 0.45625 0.053125 0.08125
1 0.4390625 0.54765625 0.0234375 0.0484375
1 0.45859375 0.5109375 0.021875 0.0171875
1 0.446875 0.4859375 0.0359375 0.0265625
1 0.43828125 0.44140625 0.021875 0.0421875
1 0.4734375 0.4609375 0.01875 0.0671875
1 0.47265625 0.5421875 0.025 0.0484375
1 0.50546875 0.52734375 0.0234375 0.0703125
1 0.5125 0.44765625 0.05 0.0609375
1 0.56015625 0.50625 0.0421875 0.1328125
1 0.50390625 0.62265625 0.0359375 0.059375
1 0.46171875 0.6265625 0.0390625 0.0578125
1 0.41484375 0.63125 0.0328125 0.05625