1 0.64765625 0.46953125 0.0546875 0.0671875
1 0.621875 0.56875 0.071875 0.11875
1 0.57578125 0.5140625 0.0453125 0.0390625
1 0.565625 0.5765625 0.0640625 0.0875
1 0.54921875 0.478125 0.0234375 0.0453125
1 0.52421875 0.5078125 0.021875 0.01875
1 0.528125 0.5328125 0.0375 0.03125
1 0.525 0.5765625 0.025 0.0421875
1 0.51796875 0.4734375 0.0265625 0.05
1 0.49453125 0.553125 0.0359375 0.0828125
1 0.48359375 0.48125 0.0375 0.0671875
1 0.45625 0.55078125 0.0625 0.065625
1 0.4265625 0.47890625 0.0625 0.1265625
1 0.509375 0.39140625 0.04375 0.065625
1 0.553125 0.4015625 0.0515625 0.0625
1 0.59375 0.409375 0.0359375 0.065625