1 0.38046875 0.475 0.05078125 0.171875
1 0.43515625 0.46640625 0.03984375 0.03828125
1 0.43203125 0.5296875 0.04609375 0.07421875
1 0.465625 0.440625 0.01640625 0.04296875
1 0.4859375 0.471875 0.01953125 0.00859375
1 0.4984375 0.44140625 0.015625 0.03828125
1 0.47734375 0.49609375 0.028125 0.02421875
1 0.46875 0.53984375 0.015625 0.0390625
1 0.50390625 0.52578125 0.0140625 0.07578125
1 0.52734375 0.45390625 0.01953125 0.06015625
1 0.5390625 0.52734375 0.046875 0.0546875
1 0.58046875 0.47109375 0.03828125 0.115625
1 0.52265625 0.36875 0.034375 0.046875
1 0.47890625 0.36640625 0.03828125 0.05078125
1 0.4390625 0.365625 0.02578125 0.05390625