1 0.64296875 0.42265625 0.0484375 0.05
1 0.62734375 0.51953125 0.059375 0.1109375
1 0.5734375 0.47578125 0.04375 0.0390625
1 0.5734375 0.53515625 0.05625 0.075
1 0.5234375 0.4703125 0.01875 0.01875
1 0.521875 0.496875 0.046875 0.0234375
1 0.5328125 0.5390625 0.0203125 0.0421875
1 0.4984375 0.53359375 0.01875 0.0453125
1 0.5125 0.43828125 0.021875 0.0484375
1 0.546875 0.440625 0.021875 0.046875
1 0.48046875 0.44921875 0.034375 0.075
1 0.46015625 0.525 0.0609375 0.0578125
1 0.42265625 0.45234375 0.05 0.125
1 0.49609375 0.35859375 0.0421875 0.059375
1 0.54296875 0.3625 0.04375 0.0453125
1 0.58203125 0.36171875 0.0328125 0.0671875