1 0.65390625 0.53359375 0.05 0.0609375
1 0.6265625 0.440625 0.071875 0.1140625
1 0.57890625 0.49453125 0.05 0.046875
1 0.56953125 0.4328125 0.065625 0.0859375
1 0.55625 0.534375 0.0296875 0.0515625
1 0.5328125 0.50234375 0.021875 0.0171875
1 0.53046875 0.4734375 0.034375 0.025
1 0.53203125 0.4359375 0.03125 0.0484375
1 0.521875 0.53203125 0.021875 0.05
1 0.5 0.45859375 0.03125 0.06875
1 0.49140625 0.5265625 0.0375 0.0734375
1 0.459375 0.45625 0.05625 0.0578125
1 0.43046875 0.52578125 0.0671875 0.1328125
1 0.5140625 0.61953125 0.0453125 0.0640625
1 0.55703125 0.60390625 0.046875 0.059375
1 0.596875 0.5984375 0.0390625 0.065625