1 0.3703125 0.4546875 0.0546875 0.0640625
1 0.39453125 0.55703125 0.065625 0.1203125
1 0.4453125 0.50625 0.0453125 0.0421875
1 0.45234375 0.5671875 0.0640625 0.0875
1 0.46953125 0.4640625 0.0328125 0.0515625
1 0.50625 0.4671875 0.0234375 0.053125
1 0.49609375 0.496875 0.021875 0.01875
1 0.50078125 0.52421875 0.0515625 0.0265625
1 0.49140625 0.565625 0.025 0.05
1 0.55546875 0.553125 0.075 0.0578125
1 0.5375 0.47578125 0.0375 0.06875
1 0.59609375 0.4734375 0.05625 0.121875
1 0.51796875 0.3828125 0.040625 0.0625
1 0.47421875 0.38515625 0.04375 0.053125
1 0.4265625 0.39375 0.0328125 0.0609375