1 0.37421875 0.428125 0.03515625 0.05390625
1 0.3828125 0.52109375 0.04453125 0.09609375
1 0.434375 0.48046875 0.03984375 0.03125
1 0.43203125 0.540625 0.0421875 0.065625
1 0.465625 0.453125 0.01328125 0.034375
1 0.48515625 0.48671875 0.0125 0.01796875
1 0.4765625 0.5109375 0.0296875 0.0203125
1 0.46875 0.54921875 0.01640625 0.0359375
1 0.4984375 0.459375 0.01328125 0.04609375
1 0.50078125 0.53125 0.01328125 0.06328125
1 0.52734375 0.47109375 0.021875 0.06484375
1 0.540625 0.54140625 0.04609375 0.0484375
1 0.57890625 0.48125 0.03203125 0.11953125
1 0.5234375 0.38125 0.0359375 0.0515625
1 0.48203125 0.37890625 0.03984375 0.04609375
1 0.43671875 0.37578125 0.03203125 0.0546875