1 0.3875 0.59296875 0.0484375 0.0578125
1 0.38203125 0.49765625 0.05625 0.1046875
1 0.4421875 0.53203125 0.0421875 0.046875
1 0.43046875 0.47578125 0.05 0.0734375
1 0.47421875 0.55546875 0.021875 0.05
1 0.490625 0.52265625 0.021875 0.0171875
1 0.4796875 0.496875 0.0359375 0.021875
1 0.4671875 0.459375 0.01875 0.04375
1 0.50703125 0.55234375 0.01875 0.0359375
1 0.50078125 0.47734375 0.0203125 0.06875
1 0.534375 0.53125 0.034375 0.06875
1 0.53671875 0.46015625 0.0515625 0.0484375
1 0.5875 0.5125 0.05 0.13125
1 0.54140625 0.6234375 0.0375 0.05625
1 0.5 0.63046875 0.04375 0.0578125
1 0.46171875 0.63515625 0.0375 0.0625