1 0.340625 0.565625 0.053125 0.0609375
1 0.36484375 0.475 0.0640625 0.1109375
1 0.4140625 0.52265625 0.046875 0.04375
1 0.42265625 0.46328125 0.05625 0.078125
1 0.4390625 0.559375 0.0265625 0.05
1 0.4734375 0.55703125 0.0265625 0.040625
1 0.4640625 0.5265625 0.0265625 0.0171875
1 0.46875 0.50234375 0.0484375 0.0328125
1 0.4625 0.46015625 0.0234375 0.04375
1 0.5203125 0.47265625 0.06875 0.053125
1 0.50390625 0.55234375 0.0375 0.0703125
1 0.5625 0.5453125 0.059375 0.1375
1 0.48671875 0.6421875 0.0453125 0.0609375
1 0.44296875 0.6328125 0.05 0.0578125
1 0.4 0.62734375 0.03125 0.0578125
1 0.35234375 0.640625 0.028125 0.0296875