1 0.3359375 0.6078125 0.0421875 0.0609375
1 0.35234375 0.50703125 0.0546875 0.1078125
1 0.40546875 0.55546875 0.0453125 0.0375
1 0.40703125 0.48984375 0.0515625 0.0734375
1 0.43671875 0.5875 0.0171875 0.0390625
1 0.46015625 0.55234375 0.0140625 0.0203125
1 0.45390625 0.525 0.0328125 0.0234375
1 0.446875 0.4828125 0.0203125 0.040625
1 0.4734375 0.5828125 0.01875 0.0515625
1 0.48125 0.5046875 0.0203125 0.0703125
1 0.5046875 0.571875 0.028125 0.071875
1 0.52421875 0.496875 0.053125 0.05625
1 0.56171875 0.565625 0.04375 0.13125
1 0.49375 0.66875 0.0421875 0.059375
1 0.4484375 0.66875 0.046875 0.053125
1 0.39921875 0.66875 0.0390625 0.0609375