1 0.6015625 0.39765625 0.0546875 0.053125
1 0.6078125 0.49453125 0.059375 0.1125
1 0.54765625 0.459375 0.0453125 0.034375
1 0.55625 0.51875 0.0546875 0.0796875
1 0.51171875 0.43046875 0.0265625 0.05
1 0.478125 0.44140625 0.021875 0.0578125
1 0.4515625 0.45390625 0.03125 0.0703125
1 0.44453125 0.5265625 0.053125 0.0578125
1 0.39609375 0.47421875 0.05 0.1203125
1 0.48046875 0.51640625 0.025 0.078125
1 0.503125 0.4921875 0.0390625 0.0234375
1 0.51796875 0.53046875 0.0203125 0.0421875
1 0.44453125 0.3625 0.040625 0.059375
1 0.4921875 0.35390625 0.05 0.0484375
1 0.534375 0.3546875 0.03125 0.0578125
1 0.57265625 0.32734375 0.0328125 0.021875