1 0.346875 0.5421875 0.053125 0.065625
1 0.37109375 0.44296875 0.06875 0.11875
1 0.4171875 0.49765625 0.04375 0.0390625
1 0.4265625 0.4359375 0.0625 0.0859375
1 0.44375 0.53203125 0.0234375 0.04375
1 0.46875 0.5015625 0.021875 0.0171875
1 0.4640625 0.47734375 0.0375 0.03125
1 0.465625 0.434375 0.0234375 0.0421875
1 0.47578125 0.5359375 0.025 0.0484375
1 0.49765625 0.45625 0.034375 0.0828125
1 0.50859375 0.528125 0.0359375 0.065625
1 0.53515625 0.459375 0.0609375 0.0640625
1 0.56640625 0.52890625 0.059375 0.125
1 0.48515625 0.6171875 0.0421875 0.065625
1 0.4421875 0.6078125 0.05 0.0609375
1 0.4015625 0.6 0.034375 0.065625