1 0.3671875 0.57265625 0.046875 0.053125
1 0.378125 0.47421875 0.0515625 0.1140625
1 0.43046875 0.51953125 0.040625 0.034375
1 0.43046875 0.453125 0.0515625 0.0921875
1 0.45859375 0.5515625 0.021875 0.0421875
1 0.48125 0.51640625 0.01875 0.0109375
1 0.47421875 0.490625 0.0359375 0.0203125
1 0.46953125 0.45 0.025 0.0453125
1 0.4921875 0.55 0.0265625 0.0515625
1 0.503125 0.4640625 0.0203125 0.0734375
1 0.52265625 0.5375 0.0265625 0.0703125
1 0.5375 0.46640625 0.0515625 0.0625
1 0.57890625 0.52734375 0.04375 0.1296875
1 0.5140625 0.62734375 0.0328125 0.0609375
1 0.471875 0.63046875 0.040625 0.0578125
1 0.42734375 0.62578125 0.034375 0.0578125