1 0.61796875 0.396875 0.0484375 0.053125
1 0.621875 0.49453125 0.0609375 0.115625
1 0.56640625 0.46171875 0.040625 0.0359375
1 0.57109375 0.5203125 0.0484375 0.0734375
1 0.53046875 0.43515625 0.0171875 0.0515625
1 0.51484375 0.46796875 0.0171875 0.0140625
1 0.52421875 0.49296875 0.0296875 0.0203125
1 0.534375 0.534375 0.01875 0.046875
1 0.49765625 0.440625 0.021875 0.040625
1 0.5015625 0.5125 0.01875 0.0546875
1 0.4703125 0.45703125 0.0265625 0.059375
1 0.465625 0.525 0.046875 0.065625
1 0.41796875 0.47265625 0.0375 0.121875
1 0.465625 0.3609375 0.0390625 0.0671875
1 0.50703125 0.36015625 0.046875 0.059375
1 0.55 0.3546875 0.03125 0.0609375