1 0.37734375 0.4046875 0.04296875 0.0484375
1 0.38046875 0.49453125 0.04921875 0.109375
1 0.4359375 0.4609375 0.0390625 0.03671875
1 0.43359375 0.52109375 0.04296875 0.075
1 0.46640625 0.43359375 0.021875 0.0453125
1 0.49765625 0.4390625 0.01875 0.0484375
1 0.48125 0.46171875 0.01328125 0.01328125
1 0.48359375 0.48828125 0.04140625 0.0234375
1 0.46953125 0.53046875 0.0125 0.04453125
1 0.528125 0.5296875 0.06328125 0.040625
1 0.5265625 0.44921875 0.01953125 0.0609375
1 0.58125 0.459375 0.0375 0.12421875
1 0.52421875 0.359375 0.0328125 0.053125
1 0.48046875 0.35390625 0.03671875 0.05859375
1 0.4390625 0.35625 0.02890625 0.059375