1 0.64375 0.55546875 0.05625 0.0578125
1 0.61953125 0.46640625 0.065625 0.1140625
1 0.5734375 0.51171875 0.0453125 0.0359375
1 0.56640625 0.45234375 0.0609375 0.084375
1 0.55 0.54921875 0.021875 0.05
1 0.52421875 0.51875 0.021875 0.0203125
1 0.51484375 0.55078125 0.025 0.0484375
1 0.52578125 0.4921875 0.0296875 0.0234375
1 0.525 0.45078125 0.0234375 0.040625
1 0.4953125 0.47265625 0.0265625 0.065625
1 0.48515625 0.54453125 0.0328125 0.06875
1 0.45625 0.47265625 0.0546875 0.0625
1 0.42890625 0.5421875 0.0671875 0.1328125
1 0.5046875 0.62734375 0.04375 0.0546875
1 0.5484375 0.6265625 0.0484375 0.053125
1 0.58828125 0.61640625 0.0390625 0.0578125