1 0.375 0.4171875 0.04765625 0.04921875
1 0.38125 0.5078125 0.0453125 0.10625
1 0.43515625 0.47265625 0.0390625 0.02890625
1 0.43046875 0.53203125 0.04609375 0.07578125
1 0.4640625 0.440625 0.01328125 0.0484375
1 0.48359375 0.47578125 0.01875 0.01640625
1 0.4984375 0.44609375 0.0171875 0.04453125
1 0.47734375 0.5015625 0.02734375 0.01796875
1 0.4703125 0.54140625 0.01484375 0.0390625
1 0.503125 0.525 0.01484375 0.06328125
1 0.52578125 0.4578125 0.01953125 0.065625
1 0.540625 0.5328125 0.04453125 0.0546875
1 0.58125 0.4703125 0.04296875 0.12578125
1 0.52265625 0.37421875 0.03515625 0.0484375
1 0.48046875 0.365625 0.0390625 0.04609375
1 0.440625 0.36796875 0.02890625 0.053125