1 0.37578125 0.4234375 0.04765625 0.0515625
1 0.37890625 0.51640625 0.04921875 0.0953125
1 0.43359375 0.478125 0.0421875 0.03359375
1 0.43125 0.5359375 0.04765625 0.0703125
1 0.46640625 0.44921875 0.0171875 0.0453125
1 0.48203125 0.4828125 0.01953125 0.01796875
1 0.47578125 0.50625 0.03125 0.01953125
1 0.46796875 0.5453125 0.01796875 0.04453125
1 0.49765625 0.453125 0.01953125 0.04296875
1 0.50234375 0.53203125 0.01796875 0.0734375
1 0.5265625 0.4609375 0.02578125 0.0703125
1 0.53828125 0.53828125 0.0453125 0.053125
1 0.58203125 0.478125 0.03984375 0.11640625
1 0.521875 0.3796875 0.03046875 0.05546875
1 0.478125 0.37421875 0.040625 0.06015625
1 0.4390625 0.36875 0.02734375 0.0546875