1 0.3859375 0.60234375 0.05 0.0609375
1 0.4 0.5046875 0.0578125 0.1171875
1 0.45390625 0.50546875 0.0640625 0.11875
1 0.4859375 0.58359375 0.0203125 0.0484375
1 0.50703125 0.55 0.025 0.01875
1 0.509375 0.52109375 0.0484375 0.025
1 0.4984375 0.478125 0.0203125 0.04375
1 0.53671875 0.484375 0.01875 0.0515625
1 0.52109375 0.58359375 0.0234375 0.046875
1 0.5546875 0.56796875 0.0296875 0.0703125
1 0.571875 0.49375 0.0546875 0.059375
1 0.6125 0.5625 0.0484375 0.1328125
1 0.5390625 0.66328125 0.0421875 0.0640625
1 0.49296875 0.665625 0.05 0.0640625
1 0.45078125 0.66015625 0.034375 0.0625