1 0.63359375 0.59609375 0.0484375 0.053125
1 0.6234375 0.50390625 0.059375 0.115625
1 0.56953125 0.54296875 0.0421875 0.040625
1 0.56640625 0.48203125 0.05 0.0796875
1 0.540625 0.57421875 0.0265625 0.0484375
1 0.50859375 0.57109375 0.0234375 0.05
1 0.5234375 0.546875 0.0140625 0.0140625
1 0.51796875 0.51953125 0.04375 0.0265625
1 0.528125 0.47578125 0.015625 0.046875
1 0.46953125 0.48125 0.06875 0.046875
1 0.478125 0.5640625 0.025 0.0640625
1 0.421875 0.5578125 0.0484375 0.1296875
1 0.48828125 0.65390625 0.0375 0.05625
1 0.53359375 0.65625 0.0421875 0.0625
1 0.575 0.65 0.034375 0.0625