1 0.3796875 0.48125 0.05234375 0.17421875
1 0.43671875 0.47578125 0.0390625 0.03359375
1 0.43125 0.5328125 0.0453125 0.0734375
1 0.46640625 0.4453125 0.01484375 0.0515625
1 0.484375 0.47578125 0.01796875 0.01484375
1 0.47578125 0.50078125 0.034375 0.01875
1 0.4671875 0.54140625 0.01640625 0.0390625
1 0.50234375 0.5265625 0.01640625 0.07109375
1 0.49921875 0.446875 0.015625 0.04296875
1 0.525 0.4609375 0.02421875 0.065625
1 0.53828125 0.53125 0.04921875 0.05703125
1 0.58203125 0.471875 0.03671875 0.12421875
1 0.52421875 0.36875 0.0328125 0.059375
1 0.48046875 0.36796875 0.03984375 0.0484375
1 0.440625 0.36953125 0.02265625 0.04921875