1 0.35859375 0.546875 0.05625 0.0640625
1 0.39140625 0.4515625 0.075 0.1171875
1 0.43359375 0.50390625 0.0453125 0.04375
1 0.44609375 0.4421875 0.0640625 0.0859375
1 0.45703125 0.53828125 0.028125 0.05
1 0.484375 0.5125 0.021875 0.0171875
1 0.48125 0.4859375 0.0375 0.034375
1 0.484375 0.44375 0.028125 0.05
1 0.5140625 0.465625 0.0359375 0.084375
1 0.48984375 0.54453125 0.0265625 0.040625
1 0.52109375 0.5375 0.0359375 0.071875
1 0.5515625 0.46875 0.0546875 0.059375
1 0.57578125 0.540625 0.0625 0.1296875
1 0.49375 0.62890625 0.046875 0.065625
1 0.4515625 0.61640625 0.053125 0.0625
1 0.41328125 0.60703125 0.034375 0.05625