1 0.6265625 0.59296875 0.0375 0.046875
1 0.61953125 0.5 0.05 0.1015625
1 0.56796875 0.49765625 0.046875 0.1125
1 0.53203125 0.565625 0.0125 0.0375
1 0.51328125 0.53671875 0.0140625 0.0125
1 0.49921875 0.56328125 0.015625 0.0421875
1 0.52109375 0.51171875 0.03125 0.028125
1 0.52734375 0.46875 0.0125 0.04375
1 0.49453125 0.48515625 0.0125 0.06875
1 0.46875 0.55078125 0.01875 0.059375
1 0.45703125 0.475 0.05 0.05
1 0.41484375 0.53671875 0.034375 0.125
1 0.4734375 0.64296875 0.028125 0.059375
1 0.51640625 0.6453125 0.0421875 0.059375
1 0.55703125 0.64609375 0.028125 0.0609375