1 0.38828125 0.44609375 0.0890625 0.1828125
1 0.43515625 0.48984375 0.06875 0.1171875
1 0.4859375 0.42421875 0.021875 0.046875
1 0.49609375 0.4625 0.021875 0.0171875
1 0.48359375 0.484375 0.0359375 0.0234375
1 0.46796875 0.52265625 0.025 0.0421875
1 0.51640625 0.43828125 0.0234375 0.04375
1 0.50546875 0.51640625 0.0328125 0.0765625
1 0.5421875 0.45546875 0.034375 0.065625
1 0.5390625 0.53046875 0.059375 0.0703125
1 0.59453125 0.48125 0.059375 0.128125
1 0.5578125 0.36328125 0.0421875 0.059375
1 0.5140625 0.35390625 0.05 0.0609375
1 0.475 0.3453125 0.040625 0.0625