1 0.37421875 0.4109375 0.04375 0.05
1 0.3796875 0.50390625 0.04765625 0.10078125
1 0.43515625 0.46171875 0.03359375 0.040625
1 0.43203125 0.52109375 0.04140625 0.06328125
1 0.46484375 0.43046875 0.01796875 0.046875
1 0.48515625 0.46796875 0.01328125 0.015625
1 0.48359375 0.48984375 0.03828125 0.021875
1 0.46875 0.53203125 0.01640625 0.0359375
1 0.528125 0.528125 0.0671875 0.0390625
1 0.4984375 0.440625 0.01328125 0.04375
1 0.52578125 0.4515625 0.02265625 0.06328125
1 0.58046875 0.4640625 0.03203125 0.1140625
1 0.5234375 0.365625 0.03203125 0.05625
1 0.48359375 0.3671875 0.03984375 0.0453125
1 0.43828125 0.3609375 0.025 0.06328125
1 0.396875 0.33828125 0.01953125 0.01640625