1 0.3734375 0.40703125 0.03984375 0.04453125
1 0.38046875 0.5015625 0.04765625 0.0953125
1 0.43203125 0.46171875 0.0359375 0.03046875
1 0.43203125 0.51796875 0.04140625 0.06328125
1 0.465625 0.43125 0.01640625 0.04140625
1 0.48203125 0.46484375 0.01953125 0.01328125
1 0.48515625 0.4890625 0.04921875 0.02109375
1 0.46875 0.52890625 0.01640625 0.04375
1 0.52890625 0.525 0.07109375 0.040625
1 0.49765625 0.43828125 0.01640625 0.04140625
1 0.5234375 0.446875 0.0234375 0.0609375
1 0.58203125 0.46171875 0.03203125 0.11640625
1 0.52265625 0.359375 0.03203125 0.046875
1 0.48046875 0.35859375 0.0359375 0.04921875
1 0.4390625 0.35859375 0.02890625 0.0640625