1 0.35390625 0.4203125 0.046875 0.053125
1 0.37265625 0.51640625 0.065625 0.109375
1 0.42421875 0.46796875 0.0453125 0.0359375
1 0.43046875 0.5296875 0.0578125 0.08125
1 0.4515625 0.43203125 0.0234375 0.0453125
1 0.47421875 0.4640625 0.0234375 0.01875
1 0.47421875 0.49375 0.034375 0.025
1 0.46953125 0.53125 0.021875 0.05
1 0.48671875 0.43125 0.0234375 0.04375
1 0.503125 0.515625 0.0234375 0.075
1 0.51640625 0.440625 0.0328125 0.06875
1 0.540625 0.5140625 0.05625 0.059375
1 0.57265625 0.44453125 0.0515625 0.128125
1 0.49921875 0.34921875 0.04375 0.0640625
1 0.45625 0.35 0.04375 0.0515625
1 0.41171875 0.359375 0.0359375 0.05625