1 0.65 0.4609375 0.059375 0.065625
1 0.62109375 0.5515625 0.0734375 0.1171875
1 0.57890625 0.49921875 0.0484375 0.0421875
1 0.56484375 0.55703125 0.0671875 0.0890625
1 0.55625 0.46171875 0.025 0.046875
1 0.52890625 0.48515625 0.0203125 0.0171875
1 0.528125 0.51640625 0.0375 0.028125
1 0.525 0.559375 0.0296875 0.0515625
1 0.52265625 0.45546875 0.0296875 0.0515625
1 0.4984375 0.52578125 0.0296875 0.0609375
1 0.48984375 0.459375 0.0375 0.071875
1 0.45625 0.53125 0.059375 0.065625
1 0.43203125 0.45859375 0.0671875 0.1359375
1 0.51640625 0.36953125 0.046875 0.065625
1 0.56171875 0.3796875 0.05625 0.06875
1 0.603125 0.3875 0.0421875 0.065625