1 0.375 0.41953125 0.03828125 0.05078125
1 0.3796875 0.51328125 0.04765625 0.1015625
1 0.43671875 0.471875 0.04140625 0.03671875
1 0.43203125 0.53203125 0.04765625 0.07421875
1 0.4671875 0.43984375 0.01796875 0.04609375
1 0.48125 0.47578125 0.01953125 0.01171875
1 0.47734375 0.50234375 0.0296875 0.01796875
1 0.46875 0.53828125 0.0203125 0.04296875
1 0.4984375 0.45 0.0109375 0.04609375
1 0.503125 0.5234375 0.01640625 0.06484375
1 0.52578125 0.4609375 0.02109375 0.06875
1 0.540625 0.53359375 0.04453125 0.046875
1 0.5828125 0.475 0.03828125 0.121875
1 0.52421875 0.36875 0.03203125 0.05625
1 0.48125 0.37421875 0.03515625 0.05078125
1 0.44296875 0.3703125 0.025 0.059375