1 0.36796875 0.3671875 0.025 0.01875
1 0.36015625 0.44921875 0.05 0.05
1 0.3828125 0.540625 0.0640625 0.115625
1 0.42890625 0.496875 0.053125 0.0453125
1 0.4359375 0.55625 0.05625 0.08125
1 0.45546875 0.45625 0.0296875 0.05
1 0.4875 0.4671875 0.0375 0.065625
1 0.49140625 0.546875 0.0671875 0.0890625
1 0.540625 0.50234375 0.0703125 0.1390625
1 0.584375 0.4765625 0.053125 0.1296875
1 0.50546875 0.375 0.0421875 0.0640625
1 0.4609375 0.37578125 0.0453125 0.053125
1 0.41875 0.38359375 0.0328125 0.0515625