1 0.36328125 0.3640625 0.05625 0.05625
1 0.34609375 0.4578125 0.0734375 0.1234375
1 0.40859375 0.434375 0.05 0.04375
1 0.39453125 0.49453125 0.0640625 0.0828125
1 0.46015625 0.44921875 0.025 0.01875
1 0.44921875 0.41640625 0.0234375 0.0484375
1 0.484375 0.42265625 0.0265625 0.0390625
1 0.4484375 0.475 0.040625 0.0265625
1 0.43046875 0.51328125 0.028125 0.05
1 0.46875 0.5046875 0.03125 0.0859375
1 0.51015625 0.44453125 0.04375 0.071875
1 0.5046875 0.51875 0.0625 0.0734375
1 0.56328125 0.46796875 0.0703125 0.1421875
1 0.52734375 0.34609375 0.0484375 0.0703125
1 0.48515625 0.33984375 0.053125 0.0609375
1 0.43984375 0.3265625 0.0359375 0.0609375