1 0.37578125 0.4109375 0.0421875 0.04375
1 0.38203125 0.496875 0.04609375 0.10625
1 0.43515625 0.46328125 0.03671875 0.03828125
1 0.43203125 0.52109375 0.04296875 0.0765625
1 0.465625 0.43125 0.01796875 0.0453125
1 0.49765625 0.434375 0.01953125 0.040625
1 0.484375 0.465625 0.01640625 0.00703125
1 0.484375 0.490625 0.04140625 0.021875
1 0.46953125 0.52890625 0.0140625 0.04375
1 0.528125 0.5265625 0.06484375 0.03984375
1 0.52578125 0.44921875 0.02421875 0.059375
1 0.58125 0.459375 0.03359375 0.1140625
1 0.5234375 0.359375 0.03515625 0.053125
1 0.48203125 0.36015625 0.04296875 0.0515625
1 0.43828125 0.35703125 0.02578125 0.06328125