1 0.35078125 0.5859375 0.0453125 0.05625
1 0.35 0.48671875 0.0609375 0.1015625
1 0.41015625 0.52109375 0.040625 0.034375
1 0.40078125 0.46328125 0.053125 0.0765625
1 0.44453125 0.553125 0.0203125 0.0484375
1 0.46171875 0.51875 0.01875 0.0140625
1 0.453125 0.490625 0.0375 0.0203125
1 0.4390625 0.45078125 0.0203125 0.0421875
1 0.47734375 0.546875 0.021875 0.040625
1 0.47734375 0.46640625 0.021875 0.0703125
1 0.50390625 0.52890625 0.028125 0.0609375
1 0.51484375 0.45703125 0.0484375 0.0578125
1 0.5640625 0.5109375 0.04375 0.1375
1 0.5078125 0.6265625 0.0375 0.0578125
1 0.46640625 0.63359375 0.040625 0.0578125
1 0.42578125 0.6296875 0.028125 0.05625