1 0.36796875 0.57265625 0.0546875 0.059375
1 0.3921875 0.4796875 0.06875 0.1109375
1 0.440625 0.5328125 0.0421875 0.0484375
1 0.44921875 0.47265625 0.0546875 0.071875
1 0.4640625 0.571875 0.0265625 0.0515625
1 0.4921875 0.53671875 0.0171875 0.01875
1 0.49453125 0.51484375 0.04375 0.0296875
1 0.4875 0.46875 0.0234375 0.040625
1 0.54765625 0.484375 0.0765625 0.053125
1 0.49921875 0.5671875 0.021875 0.046875
1 0.53046875 0.56171875 0.0359375 0.06875
1 0.58828125 0.559375 0.0546875 0.121875
1 0.51015625 0.6484375 0.04375 0.0640625
1 0.4703125 0.6390625 0.0484375 0.053125
1 0.4234375 0.6359375 0.0375 0.06875
1 0.3765625 0.65078125 0.021875 0.0203125