1 0.63203125 0.421875 0.053125 0.06875
1 0.6046875 0.5171875 0.0703125 0.1140625
1 0.55859375 0.4625 0.053125 0.046875
1 0.55078125 0.5234375 0.0625 0.084375
1 0.53515625 0.42109375 0.0296875 0.0546875
1 0.5109375 0.45390625 0.0265625 0.021875
1 0.51015625 0.48203125 0.0359375 0.021875
1 0.509375 0.5234375 0.0265625 0.046875
1 0.5015625 0.421875 0.0265625 0.046875
1 0.46796875 0.43046875 0.0375 0.0671875
1 0.43828125 0.5046875 0.05625 0.059375
1 0.47890625 0.49609375 0.0296875 0.0734375
1 0.41015625 0.428125 0.0640625 0.13125
1 0.49140625 0.33359375 0.0390625 0.0609375
1 0.53203125 0.34765625 0.0515625 0.0625
1 0.57890625 0.3515625 0.040625 0.0609375