1 0.375 0.4078125 0.03984375 0.053125
1 0.38203125 0.50546875 0.05078125 0.103125
1 0.43515625 0.46171875 0.03671875 0.03984375
1 0.4328125 0.5265625 0.04375 0.07890625
1 0.48359375 0.46875 0.01796875 0.01640625
1 0.48515625 0.49296875 0.040625 0.025
1 0.46875 0.53125 0.01796875 0.040625
1 0.4984375 0.43828125 0.01796875 0.04296875
1 0.5265625 0.453125 0.02421875 0.05625
1 0.52734375 0.52578125 0.06640625 0.04140625
1 0.58203125 0.459375 0.03359375 0.11328125
1 0.5234375 0.36015625 0.0296875 0.05546875
1 0.4828125 0.359375 0.0328125 0.05859375
1 0.43828125 0.3609375 0.03203125 0.059375