1 0.375 0.43125 0.0375 0.05625
1 0.38046875 0.52890625 0.04609375 0.10546875
1 0.43359375 0.48515625 0.03515625 0.03359375
1 0.43125 0.54921875 0.0484375 0.0796875
1 0.4671875 0.459375 0.01953125 0.05078125
1 0.484375 0.49375 0.01484375 0.0140625
1 0.49921875 0.465625 0.01640625 0.03671875
1 0.478125 0.5171875 0.02890625 0.0234375
1 0.46875 0.55859375 0.0171875 0.040625
1 0.503125 0.5390625 0.0171875 0.0734375
1 0.525 0.475 0.01796875 0.059375
1 0.5390625 0.54375 0.04296875 0.05078125
1 0.5796875 0.4890625 0.03515625 0.11953125
1 0.5234375 0.38671875 0.03359375 0.04921875
1 0.4796875 0.384375 0.03828125 0.06015625
1 0.44140625 0.37890625 0.02734375 0.06484375