1 0.37421875 0.60078125 0.040625 0.059375
1 0.378125 0.49765625 0.0515625 0.1125
1 0.43515625 0.54140625 0.0375 0.0359375
1 0.43046875 0.475 0.0515625 0.0859375
1 0.471875 0.56875 0.021875 0.0546875
1 0.4890625 0.53203125 0.015625 0.015625
1 0.50390625 0.56171875 0.01875 0.0390625
1 0.48125 0.50703125 0.03125 0.025
1 0.47109375 0.46484375 0.01875 0.04375
1 0.50703125 0.48359375 0.01875 0.078125
1 0.53203125 0.55078125 0.0203125 0.0625
1 0.5453125 0.478125 0.046875 0.0546875
1 0.5890625 0.53515625 0.0390625 0.1265625
1 0.53125 0.64453125 0.0359375 0.0515625
1 0.48515625 0.646875 0.0421875 0.0640625
1 0.44453125 0.65390625 0.0296875 0.06875