1 0.60859375 0.4484375 0.040625 0.0609375
1 0.6046875 0.553125 0.0515625 0.1140625
1 0.546875 0.50703125 0.0375 0.0359375
1 0.5515625 0.575 0.053125 0.0859375
1 0.5109375 0.48046875 0.021875 0.0546875
1 0.4921875 0.5171875 0.0171875 0.015625
1 0.47734375 0.48828125 0.01875 0.040625
1 0.5 0.5421875 0.03125 0.025
1 0.5109375 0.5859375 0.01875 0.04375
1 0.47421875 0.56640625 0.01875 0.078125
1 0.44921875 0.49765625 0.0203125 0.0640625
1 0.4359375 0.57109375 0.046875 0.05625
1 0.39140625 0.5140625 0.0390625 0.128125
1 0.44921875 0.403125 0.0375 0.053125
1 0.49609375 0.40078125 0.0421875 0.0640625
1 0.5375 0.39375 0.0296875 0.0703125