0 0.04921875 0.30703125 0.01640625 0.028125
0 0.04375 0.22578125 0.01796875 0.0265625
0 0.05859375 0.37265625 0.01875 0.04921875
0 0.059375 0.45625 0.01640625 0.03984375
0 0.065625 0.5 0.01796875 0.04140625
0 0.0984375 0.4703125 0.01640625 0.015625
0 0.0953125 0.34453125 0.01875 0.0265625
0 0.09140625 0.30703125 0.0234375 0.01875
0 0.1046875 0.259375 0.01953125 0.04765625
0 0.1953125 0.11796875 0.01640625 0.0265625
0 0.23046875 0.3578125 0.01328125 0.025
0 0.2390625 0.546875 0.01796875 0.0265625
0 0.2421875 0.59296875 0.015625 0.021875
0 0.24140625 0.64296875 0.0109375 0.0171875
0 0.24921875 0.67421875 0.0171875 0.04140625
0 0.1078125 0.60390625 0.01640625 0.04296875
0 0.1046875 0.521875 0.0171875 0.04140625
0 0.10625 0.565625 0.01796875 0.0234375
0 0.0984375 0.43125 0.01953125 0.04296875
0 0.1984375 0.18359375 0.01328125 0.028125
0 0.16796875 0.10234375 0.0109375 0.03359375
0 0.175 0.1921875 0.0234375 0.03984375
0 0.49765625 0.35234375 0.028125 0.33046875