0 0.0078125 0.640625 0.015625 0.03125
0 0.02578125 0.5734375 0.028125 0.0546875
0 0.03984375 0.4875 0.0234375 0.04375
0 0.053125 0.44296875 0.025 0.0453125
0 0.0828125 0.47890625 0.0203125 0.01875
0 0.05859375 0.609375 0.0234375 0.03125
0 0.0484375 0.64765625 0.028125 0.0234375
0 0.0546875 0.6984375 0.028125 0.053125
0 0.125 0.8609375 0.021875 0.0296875
0 0.2015625 0.61796875 0.01875 0.028125
0 0.24140625 0.42265625 0.0234375 0.03125
0 0.2515625 0.37421875 0.0203125 0.025
0 0.259375 0.32265625 0.0140625 0.0203125
0 0.27265625 0.2921875 0.025 0.0453125
0 0.1140625 0.3421875 0.0234375 0.046875
0 0.096875 0.42578125 0.025 0.0453125
0 0.10703125 0.38125 0.021875 0.028125
0 0.07578125 0.51953125 0.028125 0.046875
0 0.1390625 0.79296875 0.01875 0.03125
0 0.09375 0.87265625 0.0171875 0.0359375
0 0.11640625 0.78046875 0.03125 0.0453125
0 0.4765625 0.6671875 0.084375 0.3484375