0 0.640625 0.315625 0.0546875 0.053125
0 0.61796875 0.228125 0.06875 0.06875
0 0.63046875 0.16953125 0.06875 0.0703125
0 0.71015625 0.11171875 0.059375 0.05625
0 0.75390625 0.06953125 0.046875 0.0546875
0 0.71640625 0.309375 0.053125 0.053125
0 0.50625 0.171875 0.053125 0.0515625
0 0.50390625 0.1328125 0.0625 0.0578125
0 0.50234375 0.06328125 0.05625 0.06875
0 0.55859375 0.096875 0.046875 0.0484375
0 0.47265625 0.015625 0.0484375 0.03125
0 0.43515625 0.07109375 0.0578125 0.0609375
0 0.6 0.44140625 0.0484375 0.0421875