0 0.60234375 0.31171875 0.05 0.0484375
0 0.55625 0.234375 0.0625 0.0625
0 0.553125 0.1734375 0.0625 0.0640625
0 0.615625 0.096875 0.0546875 0.05
0 0.646875 0.04453125 0.0421875 0.0515625
0 0.671875 0.28671875 0.0484375 0.0484375
0 0.434375 0.2078125 0.0484375 0.046875
0 0.421875 0.17109375 0.0578125 0.0515625
0 0.4015625 0.1046875 0.05 0.0640625
0 0.465625 0.121875 0.0421875 0.0453125
0 0.36015625 0.053125 0.04375 0.0515625
0 0.33984375 0.12890625 0.0515625 0.05625
0 0.59453125 0.44375 0.0453125 0.0375