0 0.3390625 0.64375 0.05625 0.05625
0 0.36484375 0.734375 0.0703125 0.071875
0 0.353125 0.796875 0.071875 0.0734375
0 0.2703125 0.85859375 0.0609375 0.0578125
0 0.225 0.9046875 0.0484375 0.0578125
0 0.26015625 0.6515625 0.0546875 0.0546875
0 0.4828125 0.7921875 0.0546875 0.053125
0 0.4859375 0.8328125 0.065625 0.059375
0 0.48984375 0.90625 0.0578125 0.071875
0 0.42890625 0.871875 0.046875 0.05
0 0.51953125 0.96875 0.05 0.0578125
0 0.559375 0.896875 0.059375 0.0640625
0 0.37890625 0.51015625 0.05 0.04375