0 0.553125 0.7171875 0.0546875 0.0546875
0 0.496875 0.7875 0.06875 0.0703125
0 0.48515625 0.84765625 0.06875 0.071875
0 0.53671875 0.93203125 0.0609375 0.05625
0 0.56015625 0.9796875 0.0484375 0.040625
0 0.61953125 0.75234375 0.053125 0.053125
0 0.371875 0.796875 0.053125 0.0515625
0 0.35546875 0.83203125 0.0640625 0.059375
0 0.32578125 0.8953125 0.05625 0.06875
0 0.39140625 0.88671875 0.046875 0.05
0 0.27734375 0.9390625 0.05 0.05625
0 0.26796875 0.86171875 0.0578125 0.0625
0 0.5640625 0.58515625 0.0484375 0.04375