0 0.34609375 0.36328125 0.05625 0.0578125
0 0.2546875 0.38671875 0.0734375 0.071875
0 0.19296875 0.37265625 0.075 0.0734375
0 0.13359375 0.2875 0.0578125 0.0625
0 0.08984375 0.24140625 0.0578125 0.05
0 0.34140625 0.28515625 0.05625 0.05625
0 0.19296875 0.5015625 0.0546875 0.05625
0 0.1515625 0.503125 0.0609375 0.0671875
0 0.0796875 0.5046875 0.071875 0.059375
0 0.115625 0.44609375 0.0515625 0.0484375
0 0.021875 0.53203125 0.04375 0.0515625
0 0.08671875 0.57421875 0.0640625 0.0609375
0 0.47734375 0.40859375 0.0453125 0.05