0 0.671875 0.64609375 0.053125 0.0546875
0 0.7578125 0.62421875 0.0703125 0.06875
0 0.815625 0.6375 0.071875 0.06875
0 0.87109375 0.71796875 0.0546875 0.059375
0 0.91328125 0.76171875 0.0546875 0.046875
0 0.67578125 0.7203125 0.053125 0.053125
0 0.81640625 0.515625 0.0515625 0.053125
0 0.8546875 0.51328125 0.0578125 0.0640625
0 0.9234375 0.5125 0.06875 0.05625
0 0.88984375 0.56875 0.0484375 0.0453125
0 0.978125 0.48515625 0.04375 0.0484375
0 0.9171875 0.446875 0.0609375 0.0578125
0 0.54765625 0.60390625 0.04375 0.0484375