0 0.2828125 0.40703125 0.0515625 0.0515625
0 0.20546875 0.45625 0.0671875 0.065625
0 0.14375 0.4609375 0.06875 0.065625
0 0.06484375 0.40078125 0.0515625 0.05625
0 0.01796875 0.3703125 0.0359375 0.04375
0 0.25390625 0.33671875 0.05 0.05
0 0.18359375 0.58125 0.0484375 0.05
0 0.1453125 0.59453125 0.0546875 0.0609375
0 0.07890625 0.6171875 0.0671875 0.053125
0 0.09375 0.553125 0.046875 0.04375
0 0.0328125 0.6625 0.0421875 0.04375
0 0.10546875 0.6796875 0.059375 0.0546875
0 0.4171875 0.409375 0.040625 0.046875