0 0.3125 0.396875 0.04375 0.0453125
0 0.234375 0.43515625 0.0578125 0.05625
0 0.17578125 0.434375 0.059375 0.05625
0 0.10625 0.36875 0.04375 0.05
0 0.0578125 0.33515625 0.046875 0.0375
0 0.29296875 0.3265625 0.04375 0.04375
0 0.20078125 0.5515625 0.0421875 0.04375
0 0.1640625 0.5609375 0.046875 0.053125
0 0.0984375 0.57578125 0.059375 0.04375
0 0.11953125 0.515625 0.040625 0.0375
0 0.04609375 0.61328125 0.046875 0.0390625
0 0.11796875 0.6375 0.0515625 0.046875
0 0.43984375 0.4125 0.034375 0.040625