0 0.51953125 0.66328125 0.0296875 0.03125
0 0.46171875 0.68203125 0.028125 0.028125
0 0.478125 0.71796875 0.025 0.0234375
0 0.42890625 0.7015625 0.0171875 0.021875
0 0.40859375 0.734375 0.0234375 0.021875
0 0.403125 0.7234375 0.01875 0.0171875
0 0.35546875 0.7515625 0.0234375 0.0203125
0 0.30703125 0.71328125 0.01875 0.0171875
0 0.31171875 0.68359375 0.0234375 0.0203125
0 0.32265625 0.621875 0.0171875 0.025
0 0.5484375 0.81875 0.025 0.0265625
0 0.57578125 0.7828125 0.028125 0.028125
0 0.6 0.77578125 0.0234375 0.0203125
0 0.5921875 0.81015625 0.028125 0.028125
0 0.42734375 0.765625 0.0296875 0.025