0 0.4515625 0.359375 0.028125 0.028125
0 0.50546875 0.33828125 0.025 0.025
0 0.48828125 0.30546875 0.0234375 0.0203125
0 0.5359375 0.31953125 0.015625 0.0203125
0 0.553125 0.28828125 0.021875 0.0203125
0 0.559375 0.29765625 0.0171875 0.0171875
0 0.603125 0.26953125 0.021875 0.01875
0 0.65 0.30546875 0.0171875 0.0171875
0 0.646875 0.33203125 0.021875 0.01875
0 0.6390625 0.39140625 0.015625 0.0234375
0 0.41953125 0.2140625 0.021875 0.025
0 0.3953125 0.24765625 0.025 0.025
0 0.371875 0.2546875 0.021875 0.01875
0 0.378125 0.22265625 0.025 0.025
0 0.53515625 0.25859375 0.028125 0.0234375