0 0.30390625 0.53984375 0.0328125 0.03125
0 0.2875 0.48125 0.028125 0.028125
0 0.25078125 0.4953125 0.0234375 0.0265625
0 0.2703125 0.44609375 0.0234375 0.01875
0 0.23828125 0.42421875 0.0234375 0.025
0 0.24921875 0.41875 0.0203125 0.0203125
0 0.2234375 0.3703125 0.021875 0.0234375
0 0.26484375 0.32265625 0.0203125 0.0203125
0 0.29453125 0.32890625 0.021875 0.0234375
0 0.35625 0.34296875 0.0265625 0.01875
0 0.14609375 0.56015625 0.028125 0.025
0 0.1796875 0.58984375 0.028125 0.028125
0 0.1859375 0.61484375 0.021875 0.0234375
0 0.1515625 0.6046875 0.028125 0.028125
0 0.20546875 0.44140625 0.0265625 0.03125