0 0.3734375 0.60703125 0.03125 0.0296875
0 0.3328125 0.565625 0.028125 0.028125
0 0.3078125 0.5953125 0.021875 0.025
0 0.30234375 0.5453125 0.021875 0.0171875
0 0.26484375 0.54140625 0.021875 0.0234375
0 0.271875 0.53203125 0.01875 0.01875
0 0.228125 0.503125 0.0203125 0.0234375
0 0.240625 0.4453125 0.01875 0.01875
0 0.26796875 0.4375 0.0203125 0.0234375
0 0.3265625 0.4203125 0.025 0.0171875
0 0.25234375 0.696875 0.0265625 0.025
0 0.29375 0.70546875 0.028125 0.028125
0 0.309375 0.72421875 0.0203125 0.0234375
0 0.2765625 0.73125 0.028125 0.028125
0 0.24609375 0.5703125 0.025 0.0296875