0 0.3671875 0.46640625 0.03125 0.0296875
0 0.3453125 0.5234375 0.0265625 0.0265625
0 0.31015625 0.50546875 0.021875 0.025
0 0.32578125 0.55546875 0.021875 0.0171875
0 0.29140625 0.57421875 0.021875 0.0234375
0 0.30234375 0.58046875 0.0171875 0.01875
0 0.27265625 0.62734375 0.0203125 0.0234375
0 0.309375 0.6765625 0.0171875 0.01875
0 0.33828125 0.6734375 0.0203125 0.0234375
0 0.4015625 0.66484375 0.025 0.0171875
0 0.2125 0.4328125 0.0265625 0.0234375
0 0.24921875 0.40625 0.0265625 0.0265625
0 0.25703125 0.38203125 0.0203125 0.0234375
0 0.22265625 0.3890625 0.0265625 0.0265625
0 0.2609375 0.5546875 0.025 0.0296875