0 0.39921875 0.3890625 0.0296875 0.03125
0 0.43984375 0.3484375 0.028125 0.028125
0 0.4109375 0.325 0.025 0.021875
0 0.46015625 0.31875 0.0171875 0.021875
0 0.46328125 0.28203125 0.0234375 0.021875
0 0.4734375 0.28828125 0.01875 0.0171875
0 0.50234375 0.2453125 0.0234375 0.0203125
0 0.559375 0.2578125 0.01875 0.0171875
0 0.56796875 0.28515625 0.0234375 0.0203125
0 0.584375 0.3421875 0.0171875 0.025
0 0.309375 0.26796875 0.025 0.0265625
0 0.30078125 0.309375 0.028125 0.028125
0 0.2828125 0.3265625 0.0234375 0.0203125
0 0.27578125 0.29375 0.028125 0.028125
0 0.43515625 0.2625 0.0296875 0.025