0 0.43203125 0.6234375 0.025 0.0265625
0 0.48203125 0.65390625 0.0234375 0.0234375
0 0.45859375 0.684375 0.021875 0.01875
0 0.509375 0.67890625 0.0140625 0.0203125
0 0.5203125 0.7140625 0.0203125 0.01875
0 0.52890625 0.70625 0.0171875 0.015625
0 0.5671875 0.74296875 0.0203125 0.0171875
0 0.62109375 0.71640625 0.0171875 0.015625
0 0.6234375 0.68828125 0.0203125 0.0171875
0 0.6265625 0.62734375 0.0140625 0.0234375
0 0.37109375 0.76328125 0.0203125 0.0234375
0 0.353125 0.72421875 0.0234375 0.0234375
0 0.33125 0.71171875 0.0203125 0.0171875
0 0.33125 0.74609375 0.0234375 0.0234375
0 0.496875 0.740625 0.0265625 0.0203125