0 0.63203125 0.43359375 0.025 0.0234375
0 0.6609375 0.48203125 0.021875 0.021875
0 0.690625 0.46015625 0.0171875 0.0203125
0 0.684375 0.50859375 0.01875 0.0125
0 0.71875 0.5203125 0.0171875 0.01875
0 0.71015625 0.528125 0.0140625 0.015625
0 0.74453125 0.565625 0.015625 0.01875
0 0.71875 0.6171875 0.0140625 0.015625
0 0.69140625 0.61875 0.015625 0.01875
0 0.6328125 0.62109375 0.021875 0.0125
0 0.76796875 0.37734375 0.021875 0.01875
0 0.73046875 0.359375 0.021875 0.021875
0 0.71953125 0.33828125 0.015625 0.01875
0 0.75234375 0.3390625 0.021875 0.021875
0 0.74375 0.49765625 0.01875 0.025