0 0.3515625 0.44921875 0.0265625 0.025
0 0.325 0.50078125 0.0234375 0.0234375
0 0.29296875 0.4796875 0.01875 0.021875
0 0.30234375 0.52890625 0.0203125 0.0140625
0 0.2671875 0.54296875 0.01875 0.0203125
0 0.2765625 0.55 0.015625 0.0171875
0 0.24375 0.590625 0.0171875 0.0203125
0 0.27265625 0.6421875 0.015625 0.0171875
0 0.30078125 0.64296875 0.0171875 0.0203125
0 0.3609375 0.6421875 0.0234375 0.0140625
0 0.209375 0.3984375 0.0234375 0.0203125
0 0.24609375 0.378125 0.0234375 0.0234375
0 0.25703125 0.35546875 0.0171875 0.0203125
0 0.22265625 0.3578125 0.0234375 0.0234375
0 0.240625 0.5203125 0.0203125 0.0265625