0 0.6421875 0.53125 0.0296875 0.028125
0 0.6640625 0.4765625 0.0265625 0.0265625
0 0.6984375 0.49453125 0.0203125 0.0234375
0 0.68359375 0.44453125 0.021875 0.015625
0 0.71796875 0.42734375 0.0203125 0.021875
0 0.70703125 0.4203125 0.0171875 0.01875
0 0.73671875 0.3765625 0.01875 0.021875
0 0.70234375 0.32734375 0.0171875 0.01875
0 0.6734375 0.33046875 0.01875 0.021875
0 0.61171875 0.33671875 0.025 0.0171875
0 0.7921875 0.56796875 0.025 0.0234375
0 0.75625 0.5921875 0.0265625 0.0265625
0 0.7484375 0.615625 0.01875 0.021875
0 0.78203125 0.609375 0.0265625 0.0265625
0 0.746875 0.446875 0.0234375 0.0296875