0 0.56640625 0.63203125 0.0234375 0.025
0 0.51796875 0.6609375 0.021875 0.021875
0 0.53984375 0.690625 0.0203125 0.0171875
0 0.49140625 0.684375 0.0125 0.01875
0 0.4796875 0.71875 0.01875 0.0171875
0 0.471875 0.71015625 0.015625 0.0140625
0 0.434375 0.74453125 0.01875 0.015625
0 0.3828125 0.71875 0.015625 0.0140625
0 0.38125 0.69140625 0.01875 0.015625
0 0.37890625 0.6328125 0.0125 0.021875
0 0.62265625 0.76796875 0.01875 0.021875
0 0.640625 0.73046875 0.021875 0.021875
0 0.66171875 0.71953125 0.01875 0.015625
0 0.6609375 0.75234375 0.021875 0.021875
0 0.50234375 0.74375 0.025 0.01875