0 0.5421875 0.653125 0.0296875 0.03125
0 0.48671875 0.66953125 0.028125 0.028125
0 0.5015625 0.7046875 0.025 0.021875
0 0.45390625 0.68671875 0.0171875 0.021875
0 0.434375 0.71796875 0.0234375 0.021875
0 0.428125 0.7078125 0.01875 0.01875
0 0.3828125 0.73203125 0.0234375 0.0203125
0 0.3375 0.69375 0.01875 0.01875
0 0.3421875 0.665625 0.0234375 0.0203125
0 0.35390625 0.60703125 0.01875 0.025
0 0.56484375 0.803125 0.025 0.0265625
0 0.5921875 0.7703125 0.028125 0.028125
0 0.61640625 0.7640625 0.0234375 0.0203125
0 0.60703125 0.79609375 0.028125 0.028125
0 0.45 0.7484375 0.0296875 0.025