0 0.44140625 0.365625 0.025 0.0265625
0 0.4921875 0.3390625 0.0234375 0.0234375
0 0.471875 0.3078125 0.021875 0.01875
0 0.51953125 0.3171875 0.0140625 0.01875
0 0.53359375 0.2828125 0.0203125 0.01875
0 0.540625 0.29140625 0.015625 0.015625
0 0.58046875 0.259375 0.0203125 0.0171875
0 0.63046875 0.2875 0.015625 0.015625
0 0.63125 0.31484375 0.0203125 0.0171875
0 0.63046875 0.375 0.0140625 0.021875
0 0.3921875 0.22578125 0.0203125 0.0234375
0 0.37265625 0.2625 0.0234375 0.0234375
0 0.35078125 0.27265625 0.0203125 0.0171875
0 0.353125 0.23984375 0.0234375 0.0234375
0 0.51171875 0.25625 0.0265625 0.0203125