0 0.61796875 0.575 0.028125 0.0265625
0 0.65390625 0.52890625 0.025 0.025
0 0.68125 0.55546875 0.0203125 0.0234375
0 0.68125 0.5046875 0.0203125 0.015625
0 0.71796875 0.49765625 0.0203125 0.021875
0 0.71015625 0.4890625 0.0171875 0.01875
0 0.75078125 0.4546875 0.01875 0.021875
0 0.73046875 0.3984375 0.0171875 0.01875
0 0.703125 0.39375 0.01875 0.021875
0 0.64296875 0.38359375 0.0234375 0.015625
0 0.75078125 0.65078125 0.025 0.021875
0 0.709375 0.66328125 0.025 0.025
0 0.69609375 0.68359375 0.01875 0.021875
0 0.7296875 0.6875 0.025 0.025
0 0.74140625 0.52421875 0.021875 0.028125