0 0.45078125 0.6296875 0.0296875 0.03125
0 0.5078125 0.6484375 0.028125 0.028125
0 0.4921875 0.684375 0.025 0.021875
0 0.540625 0.66640625 0.0171875 0.0234375
0 0.5609375 0.69921875 0.0234375 0.021875
0 0.5671875 0.68828125 0.01875 0.01875
0 0.61484375 0.71484375 0.0234375 0.0203125
0 0.66171875 0.67578125 0.01875 0.01875
0 0.65703125 0.64765625 0.0234375 0.0203125
0 0.6453125 0.5859375 0.01875 0.0265625
0 0.425 0.784375 0.025 0.028125
0 0.39765625 0.75 0.028125 0.028125
0 0.37265625 0.74375 0.0234375 0.0203125
0 0.38125 0.7765625 0.028125 0.028125
0 0.54375 0.73046875 0.0296875 0.025