0 0.615625 0.6578125 0.028125 0.0296875
0 0.56875 0.6953125 0.0265625 0.0265625
0 0.59609375 0.72421875 0.0234375 0.0203125
0 0.54375 0.72421875 0.015625 0.021875
0 0.53671875 0.7625 0.021875 0.0203125
0 0.52734375 0.75390625 0.01875 0.0171875
0 0.49296875 0.79609375 0.021875 0.01875
0 0.434375 0.7765625 0.01875 0.0171875
0 0.42890625 0.7484375 0.021875 0.01875
0 0.4171875 0.68671875 0.0171875 0.025
0 0.6953125 0.79296875 0.0234375 0.0265625
0 0.70859375 0.75078125 0.0265625 0.0265625
0 0.7296875 0.7359375 0.021875 0.01875
0 0.7328125 0.77109375 0.0265625 0.0265625
0 0.56484375 0.78515625 0.0296875 0.0234375