0 0.5375 0.35703125 0.028125 0.0296875
0 0.48359375 0.33828125 0.025 0.025
0 0.5 0.30390625 0.0234375 0.0203125
0 0.453125 0.31953125 0.015625 0.0203125
0 0.43515625 0.28828125 0.021875 0.0203125
0 0.428125 0.2984375 0.01875 0.0171875
0 0.384375 0.27109375 0.021875 0.01875
0 0.33828125 0.30703125 0.01875 0.0171875
0 0.3421875 0.334375 0.021875 0.01875
0 0.35 0.39296875 0.0171875 0.0234375
0 0.5671875 0.21171875 0.021875 0.025
0 0.59296875 0.24453125 0.025 0.025
0 0.615625 0.25234375 0.021875 0.01875
0 0.60859375 0.21953125 0.025 0.025
0 0.45234375 0.25859375 0.028125 0.0234375