0 0.4296875 0.609375 0.0265625 0.028125
0 0.478125 0.64375 0.025 0.025
0 0.45234375 0.6734375 0.021875 0.0203125
0 0.50390625 0.67109375 0.015625 0.0203125
0 0.51328125 0.7078125 0.0203125 0.0203125
0 0.52265625 0.69921875 0.0171875 0.015625
0 0.55859375 0.73984375 0.0203125 0.01875
0 0.61484375 0.7171875 0.0171875 0.015625
0 0.61953125 0.68828125 0.0203125 0.01875
0 0.6265625 0.62734375 0.015625 0.025
0 0.35859375 0.746875 0.021875 0.025
0 0.34296875 0.70625 0.025 0.025
0 0.321875 0.6921875 0.0203125 0.01875
0 0.31953125 0.7265625 0.025 0.025
0 0.4875 0.7328125 0.028125 0.021875