0 0.39453125 0.6140625 0.03125 0.0296875
0 0.3546875 0.56875 0.0265625 0.0265625
0 0.328125 0.596875 0.021875 0.025
0 0.32578125 0.5453125 0.021875 0.0171875
0 0.28828125 0.5390625 0.021875 0.0234375
0 0.29453125 0.52890625 0.0171875 0.01875
0 0.25234375 0.49609375 0.0203125 0.0234375
0 0.2703125 0.4375 0.0171875 0.01875
0 0.2984375 0.43125 0.0203125 0.0234375
0 0.359375 0.41796875 0.025 0.0171875
0 0.2625 0.6984375 0.0265625 0.0234375
0 0.30546875 0.709375 0.0265625 0.0265625
0 0.32109375 0.7296875 0.0203125 0.0234375
0 0.2859375 0.73515625 0.0265625 0.0265625
0 0.265625 0.5671875 0.025 0.0296875