0 0.19609375 0.3453125 0.0390625 0.0390625
0 0.25078125 0.23046875 0.04375 0.04375
0 0.25078125 0.35859375 0.046875 0.0453125
0 0.27890625 0.2859375 0.04375 0.04375
0 0.040625 0.34140625 0.0390625 0.0484375
0 0.0234375 0.4671875 0.046875 0.059375
0 0.121875 0.48359375 0.0484375 0.0515625
0 0.16796875 0.52578125 0.046875 0.0453125
0 0.2296875 0.428125 0.040625 0.040625
0 0.26171875 0.4265625 0.0484375 0.0390625
0 0.26875 0.69296875 0.053125 0.0546875
0 0.16328125 0.6984375 0.0515625 0.046875
0 0.1125 0.53359375 0.0421875 0.046875
0 0.19921875 0.371875 0.0515625 0.0484375
0 0.909375 0.3640625 0.0453125 0.04375
0 0.90078125 0.39609375 0.03125 0.0375
0 0.88125 0.4203125 0.0328125 0.0359375
0 0.8671875 0.43828125 0.0390625 0.0328125
0 0.76953125 0.52421875 0.04375 0.040625
0 0.74453125 0.5515625 0.0484375 0.0515625
0 0.80078125 0.59921875 0.0453125 0.040625
0 0.7640625 0.596875 0.0390625 0.0328125
0 0.69765625 0.73984375 0.040625 0.040625
0 0.7484375 0.74296875 0.0453125 0.0375
0 0.7015625 0.778125 0.0359375 0.0359375
0 0.67578125 0.7890625 0.034375 0.0296875
0 0.65 0.79921875 0.04375 0.040625
0 0.61875 0.78515625 0.0390625 0.0328125
0 0.846875 0.85859375 0.0390625 0.0375
0 0.875 0.82890625 0.0375 0.0359375
0 0.859375 0.52421875 0.0421875 0.04375
0 0.78203125 0.28046875 0.040625 0.03125
0 0.1828125 0.45078125 0.04375 0.0375