0 0.4796875 0.84609375 0.0375 0.0375
0 0.609375 0.84296875 0.0421875 0.0421875
0 0.48984375 0.78984375 0.0421875 0.0453125
0 0.56875 0.79296875 0.0421875 0.0421875
0 0.41953125 0.98671875 0.04375 0.0203125
0 0.29296875 0.95625 0.0546875 0.0421875
0 0.31953125 0.85859375 0.0484375 0.0453125
0 0.29921875 0.79765625 0.0421875 0.0453125
0 0.41640625 0.78046875 0.0390625 0.0390625
0 0.43125 0.7515625 0.0359375 0.046875
0 0.1859375 0.634375 0.053125 0.05
0 0.13671875 0.73125 0.0453125 0.05
0 0.0203125 0.9140625 0.040625 0.0375
0 0.26875 0.84609375 0.0453125 0.0390625
0 0.45625 0.83203125 0.0453125 0.0484375
0 0.7578125 0.17421875 0.0421875 0.04375
0 0.725 0.16875 0.0375 0.0296875
0 0.69375 0.1765625 0.0328125 0.03125
0 0.67109375 0.18203125 0.03125 0.0375
0 0.55 0.23828125 0.0390625 0.0421875
0 0.5140625 0.24921875 0.0484375 0.0453125
0 0.49296875 0.178125 0.0375 0.04375
0 0.48046875 0.21328125 0.03125 0.0375
0 0.31953125 0.21484375 0.0390625 0.0390625
0 0.33828125 0.16640625 0.034375 0.04375
0 0.28515625 0.19609375 0.034375 0.034375
0 0.26484375 0.21484375 0.028125 0.0328125
0 0.2453125 0.23515625 0.0390625 0.0421875
0 0.2453125 0.2703125 0.0296875 0.0390625
0 0.27109375 0.0265625 0.034375 0.0390625
0 0.31015625 0.01484375 0.0328125 0.0296875
0 0.58828125 0.1546875 0.0421875 0.040625
0 0.7828125 0.32734375 0.028125 0.040625
0 0.37578125 0.81484375 0.034375 0.0421875