0 0.81484375 0.484375 0.0359375 0.034375
0 0.81171875 0.36015625 0.040625 0.040625
0 0.76015625 0.475 0.04375 0.040625
0 0.7640625 0.3984375 0.040625 0.040625
0 0.9625 0.54453125 0.046875 0.046875
0 0.925 0.66484375 0.053125 0.0546875
0 0.8265625 0.6375 0.04375 0.046875
0 0.76796875 0.65703125 0.04375 0.040625
0 0.7515625 0.5453125 0.0359375 0.0359375
0 0.7234375 0.53125 0.0453125 0.034375
0 0.6109375 0.765625 0.0484375 0.05
0 0.7046875 0.81328125 0.0484375 0.04375
0 0.89140625 0.9296875 0.0609375 0.046875
0 0.815625 0.68671875 0.0375 0.0421875
0 0.80078125 0.50703125 0.046875 0.04375
0 0.1703125 0.21796875 0.0421875 0.040625
0 0.165625 0.25 0.0296875 0.0359375
0 0.17265625 0.27890625 0.0296875 0.0328125
0 0.178125 0.30078125 0.0359375 0.03125
0 0.23125 0.4171875 0.0390625 0.0375
0 0.24296875 0.4515625 0.04375 0.046875
0 0.17421875 0.47109375 0.0421875 0.0359375
0 0.2078125 0.48359375 0.0359375 0.03125
0 0.21015625 0.6375 0.0359375 0.0359375
0 0.16328125 0.61953125 0.0421875 0.0328125
0 0.19140625 0.6703125 0.0328125 0.0328125
0 0.21015625 0.690625 0.0328125 0.0265625
0 0.22890625 0.709375 0.0390625 0.0375
0 0.2625 0.709375 0.0375 0.0296875
0 0.0296875 0.684375 0.0359375 0.0328125
0 0.01640625 0.6453125 0.0328125 0.03125
0 0.1515625 0.38046875 0.0390625 0.040625
0 0.31796875 0.19375 0.0375 0.028125
0 0.78515625 0.58359375 0.040625 0.0328125