0 0.39375 0.784375 0.034375 0.0359375
0 0.2703125 0.7484375 0.040625 0.040625
0 0.39921875 0.72734375 0.040625 0.04375
0 0.321875 0.7109375 0.040625 0.040625
0 0.41484375 0.95 0.046875 0.046875
0 0.5453125 0.94375 0.0546875 0.053125
0 0.54453125 0.83671875 0.046875 0.04375
0 0.58046875 0.784375 0.040625 0.04375
0 0.47265625 0.7375 0.0375 0.0375
0 0.465625 0.70625 0.034375 0.0453125
0 0.73203125 0.65625 0.0515625 0.046875
0 0.75390625 0.7625 0.0421875 0.0484375
0 0.82109375 0.975 0.0453125 0.05
0 0.596875 0.8390625 0.04375 0.0375
0 0.4203125 0.77734375 0.04375 0.046875
0 0.29921875 0.065625 0.040625 0.0421875
0 0.3328125 0.06953125 0.0359375 0.028125
0 0.3609375 0.084375 0.0328125 0.0296875
0 0.38125 0.0953125 0.0296875 0.0359375
0 0.48359375 0.18125 0.0375 0.040625
0 0.51484375 0.20078125 0.046875 0.04375
0 0.553125 0.1375 0.0359375 0.0421875
0 0.55703125 0.17421875 0.0296875 0.0359375
0 0.7109375 0.21796875 0.0375 0.0375
0 0.70546875 0.16640625 0.0328125 0.0421875
0 0.7484375 0.20859375 0.0328125 0.0328125
0 0.7640625 0.2328125 0.0265625 0.03125
0 0.778125 0.25625 0.0375 0.040625
0 0.76875 0.290625 0.028125 0.0375
0 0.80625 0.05 0.0328125 0.0375
0 0.7703125 0.034375 0.0296875 0.01875
0 0.46875 0.090625 0.040625 0.0390625
0 0.2359375 0.20703125 0.0265625 0.0390625
0 0.5015625 0.78125 0.03125 0.040625