0 0.44453125 0.81015625 0.03125 0.0328125
0 0.32265625 0.7828125 0.0359375 0.0359375
0 0.44609375 0.7546875 0.0359375 0.0390625
0 0.3703125 0.74375 0.0359375 0.0359375
0 0.4765625 0.96796875 0.04375 0.04375
0 0.6015625 0.95390625 0.05 0.0484375
0 0.59375 0.85078125 0.04375 0.0390625
0 0.625 0.79765625 0.0359375 0.0390625
0 0.5171875 0.759375 0.0328125 0.0328125
0 0.509375 0.7296875 0.0296875 0.04375
0 0.7625 0.6640625 0.046875 0.04375
0 0.790625 0.7640625 0.0375 0.0453125
0 0.8703125 0.97109375 0.040625 0.0578125
0 0.6453125 0.84921875 0.0390625 0.0328125
0 0.4703125 0.8015625 0.0390625 0.04375
0 0.30546875 0.12265625 0.0359375 0.0375
0 0.33828125 0.1234375 0.0328125 0.025
0 0.365625 0.13671875 0.0296875 0.0265625
0 0.3859375 0.14609375 0.0265625 0.0328125
0 0.48984375 0.22109375 0.0328125 0.0359375
0 0.521875 0.2390625 0.04375 0.0390625
0 0.55546875 0.17421875 0.03125 0.0390625
0 0.5609375 0.209375 0.0265625 0.0328125
0 0.7125 0.24140625 0.0328125 0.0328125
0 0.70390625 0.19296875 0.028125 0.0390625
0 0.7484375 0.23046875 0.0296875 0.0296875
0 0.7640625 0.253125 0.0234375 0.0296875
0 0.7796875 0.275 0.0328125 0.0359375
0 0.7734375 0.30859375 0.025 0.034375
0 0.79296875 0.07265625 0.0296875 0.034375
0 0.75859375 0.05234375 0.028125 0.03125
0 0.46953125 0.13515625 0.0359375 0.034375
0 0.253125 0.26328125 0.0234375 0.0359375
0 0.54921875 0.8 0.028125 0.0375