0 0.43515625 0.18828125 0.03125 0.03125
0 0.31328125 0.2109375 0.034375 0.034375
0 0.434375 0.24375 0.034375 0.0375
0 0.35859375 0.2515625 0.034375 0.034375
0 0.471875 0.0328125 0.040625 0.040625
0 0.59609375 0.05078125 0.046875 0.046875
0 0.584375 0.153125 0.040625 0.0375
0 0.61328125 0.2078125 0.034375 0.0375
0 0.50546875 0.24140625 0.03125 0.03125
0 0.49609375 0.27109375 0.028125 0.040625
0 0.7453125 0.3453125 0.04375 0.040625
0 0.77734375 0.24609375 0.0375 0.04375
0 0.86328125 0.04296875 0.0375 0.05625
0 0.63515625 0.15625 0.0375 0.03125
0 0.46015625 0.1984375 0.0375 0.040625
0 0.27265625 0.86640625 0.034375 0.0375
0 0.30546875 0.86640625 0.03125 0.025
0 0.3328125 0.8546875 0.028125 0.025
0 0.35390625 0.84609375 0.025 0.03125
0 0.46015625 0.775 0.03125 0.034375
0 0.4921875 0.75859375 0.040625 0.0375
0 0.52265625 0.8234375 0.03125 0.0375
0 0.5296875 0.78828125 0.025 0.03125
0 0.68125 0.76171875 0.03125 0.03125
0 0.67109375 0.8109375 0.028125 0.0375
0 0.71640625 0.775 0.028125 0.028125
0 0.73359375 0.753125 0.021875 0.028125
0 0.74921875 0.73125 0.03125 0.034375
0 0.74375 0.6984375 0.025 0.034375
0 0.75546875 0.9328125 0.028125 0.034375
0 0.7203125 0.95234375 0.028125 0.03125
0 0.43671875 0.859375 0.034375 0.034375
0 0.22578125 0.725 0.021875 0.034375
0 0.53828125 0.20234375 0.028125 0.0375