0 0.378125 0.7859375 0.0359375 0.0375
0 0.253125 0.74921875 0.040625 0.040625
0 0.38359375 0.728125 0.040625 0.04375
0 0.3046875 0.7109375 0.040625 0.040625
0 0.39921875 0.953125 0.0484375 0.0484375
0 0.53046875 0.946875 0.0546875 0.053125
0 0.53046875 0.83828125 0.0484375 0.0453125
0 0.565625 0.78515625 0.040625 0.04375
0 0.45703125 0.73828125 0.0375 0.0375
0 0.45078125 0.70703125 0.034375 0.046875
0 0.71953125 0.65625 0.0515625 0.0484375
0 0.74140625 0.76328125 0.0421875 0.0484375
0 0.809375 0.9765625 0.046875 0.046875
0 0.5828125 0.840625 0.04375 0.0375
0 0.4046875 0.778125 0.0453125 0.0484375
0 0.28203125 0.059375 0.040625 0.0421875
0 0.31640625 0.0625 0.0359375 0.028125
0 0.34453125 0.07890625 0.0328125 0.0296875
0 0.36484375 0.08984375 0.0296875 0.0359375
0 0.46796875 0.17578125 0.0375 0.040625
0 0.5 0.19609375 0.0484375 0.0453125
0 0.5390625 0.13203125 0.0359375 0.04375
0 0.5421875 0.16953125 0.0296875 0.0359375
0 0.6984375 0.2140625 0.0375 0.0375
0 0.69296875 0.16171875 0.0328125 0.04375
0 0.7359375 0.2046875 0.0328125 0.0328125
0 0.75078125 0.22890625 0.0265625 0.0328125
0 0.765625 0.253125 0.0375 0.040625
0 0.75546875 0.2875 0.028125 0.0375
0 0.79375 0.0453125 0.0328125 0.0375
0 0.7578125 0.03046875 0.0296875 0.0140625
0 0.453125 0.08515625 0.040625 0.0390625
0 0.21875 0.20234375 0.0265625 0.0390625
0 0.48671875 0.7828125 0.0328125 0.040625