0 0.20546875 0.40078125 0.0359375 0.034375
0 0.24609375 0.28515625 0.0390625 0.0390625
0 0.259375 0.4078125 0.0421875 0.0390625
0 0.27890625 0.33515625 0.0390625 0.0390625
0 0.0484375 0.41171875 0.046875 0.046875
0 0.046875 0.53515625 0.0515625 0.053125
0 0.14765625 0.53984375 0.04375 0.0453125
0 0.196875 0.57578125 0.0421875 0.0390625
0 0.24609375 0.4765625 0.0359375 0.0359375
0 0.27578125 0.471875 0.04375 0.034375
0 0.31015625 0.72578125 0.046875 0.05
0 0.20859375 0.740625 0.046875 0.0421875
0 0.01328125 0.79296875 0.0265625 0.0453125
0 0.14375 0.5890625 0.0375 0.0421875
0 0.2109375 0.42578125 0.0453125 0.04375
0 0.88984375 0.34609375 0.040625 0.0390625
0 0.884375 0.378125 0.028125 0.034375
0 0.86875 0.403125 0.0296875 0.03125
0 0.85703125 0.421875 0.034375 0.0296875
0 0.77109375 0.51484375 0.0390625 0.0359375
0 0.75078125 0.54296875 0.04375 0.0453125
0 0.809375 0.58203125 0.0421875 0.0359375
0 0.77421875 0.58359375 0.034375 0.0296875
0 0.725 0.728125 0.0359375 0.0359375
0 0.7734375 0.72421875 0.040625 0.0328125
0 0.73203125 0.7640625 0.0328125 0.0328125
0 0.70859375 0.7765625 0.03125 0.0265625
0 0.68515625 0.7890625 0.0390625 0.0359375
0 0.65390625 0.778125 0.0359375 0.028125
0 0.8796875 0.82578125 0.0359375 0.0328125
0 0.90390625 0.7953125 0.0328125 0.03125
0 0.8578125 0.50546875 0.0375 0.0390625
0 0.759375 0.2796875 0.0375 0.0265625
0 0.203125 0.50234375 0.0390625 0.03125