0 0.54609375 0.80546875 0.0328125 0.0328125
0 0.6703125 0.7890625 0.0375 0.0375
0 0.54921875 0.75 0.0375 0.040625
0 0.6265625 0.74609375 0.0375 0.0375
0 0.50078125 0.96015625 0.04375 0.04375
0 0.37734375 0.93515625 0.0515625 0.05
0 0.39453125 0.83203125 0.04375 0.040625
0 0.36796875 0.7765625 0.0375 0.040625
0 0.478125 0.7484375 0.034375 0.034375
0 0.4890625 0.71953125 0.03125 0.04375
0 0.24296875 0.63125 0.046875 0.04375
0 0.20546875 0.7296875 0.0390625 0.0453125
0 0.10859375 0.92890625 0.040625 0.0578125
0 0.34375 0.8265625 0.040625 0.034375
0 0.52109375 0.79453125 0.040625 0.04375
0 0.7453125 0.13203125 0.0375 0.0390625
0 0.7125 0.13046875 0.0328125 0.0265625
0 0.68359375 0.14140625 0.0296875 0.0265625
0 0.6625 0.1484375 0.028125 0.0328125
0 0.5515625 0.21484375 0.034375 0.0375
0 0.51875 0.22890625 0.04375 0.040625
0 0.4921875 0.1625 0.0328125 0.0390625
0 0.4828125 0.196875 0.028125 0.0328125
0 0.32890625 0.215625 0.034375 0.034375
0 0.3421875 0.1671875 0.0296875 0.0390625
0 0.29453125 0.2015625 0.0296875 0.0296875
0 0.27578125 0.221875 0.0234375 0.0296875
0 0.259375 0.2421875 0.034375 0.0375
0 0.26328125 0.2765625 0.0265625 0.034375
0 0.26328125 0.03984375 0.03125 0.034375
0 0.3 0.02265625 0.028125 0.03125
0 0.5796875 0.13125 0.0375 0.0359375
0 0.784375 0.2765625 0.025 0.0359375
0 0.44296875 0.7859375 0.0296875 0.0375