0 0.53828125 0.8171875 0.0359375 0.0375
0 0.66640625 0.8109375 0.040625 0.040625
0 0.546875 0.7609375 0.040625 0.04375
0 0.62578125 0.7640625 0.040625 0.040625
0 0.478125 0.97109375 0.0484375 0.0484375
0 0.35390625 0.934375 0.0546875 0.0546875
0 0.38046875 0.83125 0.0484375 0.0453125
0 0.35859375 0.771875 0.040625 0.04375
0 0.47421875 0.753125 0.0375 0.0375
0 0.4875 0.72421875 0.0359375 0.046875
0 0.24375 0.6125 0.0515625 0.0484375
0 0.196875 0.709375 0.04375 0.05
0 0.07890625 0.90390625 0.046875 0.0625
0 0.3296875 0.82109375 0.04375 0.0375
0 0.5140625 0.803125 0.0453125 0.0484375
0 0.80234375 0.14609375 0.040625 0.0421875
0 0.76875 0.14140625 0.0359375 0.0296875
0 0.73828125 0.15 0.0328125 0.0296875
0 0.715625 0.15625 0.03125 0.0359375
0 0.596875 0.2140625 0.0375 0.040625
0 0.5625 0.22578125 0.0484375 0.0453125
0 0.53984375 0.1546875 0.0359375 0.04375
0 0.528125 0.18984375 0.03125 0.0359375
0 0.36875 0.1953125 0.0375 0.0375
0 0.38671875 0.14609375 0.0328125 0.04375
0 0.334375 0.17734375 0.0328125 0.0328125
0 0.31484375 0.19609375 0.0265625 0.0328125
0 0.2953125 0.21640625 0.0375 0.040625
0 0.29609375 0.2515625 0.0296875 0.0375
0 0.3171875 0.0140625 0.034375 0.028125
0 0.35546875 0.00546875 0.0328125 0.0109375
0 0.63203125 0.13046875 0.040625 0.0390625
0 0.82890625 0.29765625 0.028125 0.0390625
0 0.434375 0.78828125 0.0328125 0.0421875