0 0.54453125 0.15703125 0.034375 0.0359375
0 0.67265625 0.16953125 0.0390625 0.0390625
0 0.55 0.21484375 0.040625 0.0421875
0 0.6296875 0.215625 0.0390625 0.0390625
0 0.49296875 0.0109375 0.0453125 0.021875
0 0.365625 0.03203125 0.053125 0.046875
0 0.38671875 0.13515625 0.046875 0.04375
0 0.36171875 0.19375 0.040625 0.0421875
0 0.4765625 0.21875 0.0359375 0.0359375
0 0.4890625 0.2484375 0.0328125 0.0453125
0 0.2375 0.3484375 0.05 0.046875
0 0.1953125 0.2484375 0.0421875 0.0484375
0 0.0890625 0.0546875 0.04375 0.04375
0 0.334375 0.14296875 0.0421875 0.0375
0 0.51953125 0.16953125 0.04375 0.046875
0 0.77421875 0.8453125 0.040625 0.040625
0 0.740625 0.8484375 0.0359375 0.028125
0 0.7109375 0.83828125 0.03125 0.0296875
0 0.68828125 0.83125 0.0296875 0.0359375
0 0.571875 0.7671875 0.0359375 0.0390625
0 0.53671875 0.753125 0.046875 0.04375
0 0.51171875 0.8234375 0.034375 0.0421875
0 0.50078125 0.7875 0.0296875 0.0359375
0 0.34140625 0.77421875 0.0359375 0.0359375
0 0.35625 0.82421875 0.03125 0.0421875
0 0.30546875 0.790625 0.0328125 0.0328125
0 0.28671875 0.76953125 0.0265625 0.03125
0 0.26875 0.7484375 0.0359375 0.0390625
0 0.27109375 0.7140625 0.028125 0.0375
0 0.2796875 0.9578125 0.0328125 0.0375
0 0.31796875 0.975 0.03125 0.0328125
0 0.603125 0.85234375 0.0390625 0.0375
0 0.809375 0.69453125 0.0265625 0.0390625
0 0.43828125 0.18046875 0.03125 0.040625