0 0.46328125 0.80390625 0.0328125 0.034375
0 0.3375 0.7765625 0.0375 0.0375
0 0.46484375 0.746875 0.0375 0.040625
0 0.3859375 0.73515625 0.0375 0.0375
0 0.49609375 0.9671875 0.04375 0.04375
0 0.62578125 0.953125 0.0515625 0.05
0 0.61796875 0.84609375 0.04375 0.040625
0 0.65 0.790625 0.0375 0.040625
0 0.5390625 0.7515625 0.034375 0.034375
0 0.5296875 0.72109375 0.03125 0.04375
0 0.7921875 0.6515625 0.0484375 0.0453125
0 0.821875 0.75703125 0.0390625 0.046875
0 0.90390625 0.9703125 0.0421875 0.059375
0 0.67109375 0.84453125 0.040625 0.034375
0 0.48984375 0.7953125 0.040625 0.04375
0 0.31796875 0.09140625 0.0375 0.0390625
0 0.35234375 0.0921875 0.034375 0.0265625
0 0.38125 0.10546875 0.03125 0.028125
0 0.40234375 0.115625 0.028125 0.034375
0 0.5109375 0.19296875 0.034375 0.0375
0 0.54375 0.21171875 0.04375 0.040625
0 0.57734375 0.14453125 0.0328125 0.040625
0 0.58359375 0.18125 0.028125 0.034375
0 0.740625 0.215625 0.034375 0.034375
0 0.73203125 0.16328125 0.0296875 0.040625
0 0.778125 0.20234375 0.03125 0.03125
0 0.79453125 0.22578125 0.025 0.03125
0 0.81015625 0.24921875 0.034375 0.0375
0 0.80390625 0.28359375 0.0265625 0.0359375
0 0.825 0.0390625 0.03125 0.0359375
0 0.78828125 0.021875 0.0296875 0.0265625
0 0.48984375 0.10390625 0.0375 0.0359375
0 0.26484375 0.23671875 0.025 0.0375
0 0.571875 0.79296875 0.0296875 0.0390625