0 0.55390625 0.196875 0.0296875 0.03125
0 0.6734375 0.21875 0.034375 0.034375
0 0.5546875 0.25078125 0.034375 0.0375
0 0.62890625 0.25859375 0.034375 0.034375
0 0.51796875 0.04453125 0.040625 0.040625
0 0.396875 0.0625 0.046875 0.0453125
0 0.4078125 0.1625 0.040625 0.0375
0 0.3796875 0.215625 0.034375 0.0375
0 0.48515625 0.2484375 0.03125 0.03125
0 0.49453125 0.27734375 0.028125 0.040625
0 0.25078125 0.35 0.04375 0.040625
0 0.21953125 0.253125 0.0359375 0.0421875
0 0.13515625 0.0546875 0.0375 0.0546875
0 0.35859375 0.165625 0.0375 0.03125
0 0.5296875 0.20625 0.0375 0.040625
0 0.71328125 0.86015625 0.034375 0.0359375
0 0.68125 0.86015625 0.03125 0.0234375
0 0.65390625 0.8484375 0.028125 0.025
0 0.63359375 0.83984375 0.025 0.03125
0 0.5296875 0.7703125 0.03125 0.034375
0 0.4984375 0.7546875 0.040625 0.0375
0 0.46875 0.81796875 0.0296875 0.0375
0 0.46171875 0.78359375 0.025 0.03125
0 0.31328125 0.7578125 0.03125 0.03125
0 0.3234375 0.80546875 0.0265625 0.0375
0 0.27890625 0.7703125 0.028125 0.028125
0 0.2625 0.74921875 0.021875 0.028125
0 0.246875 0.728125 0.03125 0.034375
0 0.25234375 0.6953125 0.0234375 0.0328125
0 0.240625 0.925 0.028125 0.0328125
0 0.275 0.94375 0.0265625 0.0296875
0 0.55234375 0.853125 0.034375 0.0328125
0 0.75859375 0.721875 0.021875 0.034375
0 0.453125 0.21015625 0.0265625 0.0359375