0 0.49921875 0.82265625 0.0375 0.0375
0 0.62421875 0.82890625 0.0421875 0.0421875
0 0.5125 0.76796875 0.04375 0.0453125
0 0.5890625 0.778125 0.0421875 0.0421875
0 0.42734375 0.9671875 0.05 0.05
0 0.31015625 0.92109375 0.0578125 0.05625
0 0.34453125 0.8234375 0.05 0.046875
0 0.32890625 0.76328125 0.04375 0.0453125
0 0.4421875 0.7546875 0.0390625 0.0390625
0 0.4578125 0.72734375 0.0375 0.046875
0 0.2296875 0.59765625 0.053125 0.0515625
0 0.17578125 0.68828125 0.0453125 0.0515625
0 0.0453125 0.86796875 0.05 0.0640625
0 0.2953125 0.80859375 0.0453125 0.040625
0 0.47734375 0.8078125 0.046875 0.05
0 0.81328125 0.1921875 0.0421875 0.04375
0 0.78125 0.18515625 0.0359375 0.03125
0 0.75078125 0.190625 0.034375 0.03125
0 0.72890625 0.19453125 0.0328125 0.0375
0 0.6078125 0.240625 0.0390625 0.0421875
0 0.5734375 0.24921875 0.05 0.046875
0 0.5578125 0.178125 0.0390625 0.0453125
0 0.54296875 0.2109375 0.0328125 0.0375
0 0.3875 0.20234375 0.0390625 0.0390625
0 0.40859375 0.15625 0.0359375 0.04375
0 0.35625 0.18203125 0.034375 0.034375
0 0.334375 0.19921875 0.028125 0.0328125
0 0.31328125 0.2171875 0.0390625 0.0421875
0 0.3109375 0.2515625 0.03125 0.0375
0 0.35234375 0.01875 0.0359375 0.0375
0 0.39140625 0.0125 0.0328125 0.025
0 0.65 0.16171875 0.0421875 0.040625
0 0.8265625 0.3421875 0.0296875 0.0390625
0 0.40078125 0.7859375 0.034375 0.0421875