0 0.80859375 0.5734375 0.0328125 0.0328125
0 0.7796875 0.69375 0.0375 0.0375
0 0.753125 0.57109375 0.040625 0.0375
0 0.74140625 0.64609375 0.0375 0.0375
0 0.965625 0.54453125 0.04375 0.04375
0 0.95390625 0.41953125 0.0484375 0.05
0 0.8515625 0.425 0.040625 0.04375
0 0.7984375 0.39453125 0.040625 0.0375
0 0.75859375 0.5 0.034375 0.034375
0 0.72890625 0.5078125 0.0421875 0.03125
0 0.66796875 0.25546875 0.04375 0.046875
0 0.76875 0.22890625 0.0453125 0.0390625
0 0.9734375 0.153125 0.053125 0.040625
0 0.85078125 0.375 0.034375 0.040625
0 0.79921875 0.54765625 0.04375 0.040625
0 0.12265625 0.7 0.0390625 0.0375
0 0.12421875 0.6671875 0.0265625 0.0328125
0 0.1375 0.63984375 0.0265625 0.0296875
0 0.146875 0.6203125 0.0328125 0.028125
0 0.2234375 0.51796875 0.0375 0.034375
0 0.24140625 0.48671875 0.040625 0.04375
0 0.17890625 0.45234375 0.0390625 0.0328125
0 0.2140625 0.44765625 0.0328125 0.028125
0 0.2484375 0.29765625 0.034375 0.034375
0 0.19921875 0.3046875 0.0390625 0.0296875
0 0.2375 0.26171875 0.0296875 0.0296875
0 0.26015625 0.2453125 0.0296875 0.0234375
0 0.2828125 0.23125 0.0375 0.034375
0 0.31484375 0.23828125 0.034375 0.0265625
0 0.08125 0.2140625 0.0328125 0.03125
0 0.06015625 0.2484375 0.03125 0.028125
0 0.13828125 0.53671875 0.0359375 0.0375
0 0.26171875 0.753125 0.0359375 0.025
0 0.8 0.46953125 0.0375 0.0296875