0 0.44609375 0.196875 0.0296875 0.03125
0 0.3265625 0.21875 0.034375 0.034375
0 0.4453125 0.25078125 0.034375 0.0375
0 0.37109375 0.25859375 0.034375 0.034375
0 0.48203125 0.04453125 0.040625 0.040625
0 0.603125 0.0625 0.046875 0.0453125
0 0.5921875 0.1625 0.040625 0.0375
0 0.6203125 0.215625 0.034375 0.0375
0 0.51484375 0.2484375 0.03125 0.03125
0 0.50546875 0.27734375 0.028125 0.040625
0 0.74921875 0.35 0.04375 0.040625
0 0.78046875 0.253125 0.0359375 0.0421875
0 0.86484375 0.0546875 0.0375 0.0546875
0 0.64140625 0.165625 0.0375 0.03125
0 0.4703125 0.20625 0.0375 0.040625
0 0.28671875 0.86015625 0.034375 0.0359375
0 0.31875 0.86015625 0.03125 0.0234375
0 0.34609375 0.8484375 0.028125 0.025
0 0.36640625 0.83984375 0.025 0.03125
0 0.4703125 0.7703125 0.03125 0.034375
0 0.5015625 0.7546875 0.040625 0.0375
0 0.53125 0.81796875 0.0296875 0.0375
0 0.53828125 0.78359375 0.025 0.03125
0 0.68671875 0.7578125 0.03125 0.03125
0 0.6765625 0.80546875 0.0265625 0.0375
0 0.72109375 0.7703125 0.028125 0.028125
0 0.7375 0.74921875 0.021875 0.028125
0 0.753125 0.728125 0.03125 0.034375
0 0.74765625 0.6953125 0.0234375 0.0328125
0 0.759375 0.925 0.028125 0.0328125
0 0.725 0.94375 0.0265625 0.0296875
0 0.44765625 0.853125 0.034375 0.0328125
0 0.24140625 0.721875 0.021875 0.034375
0 0.546875 0.21015625 0.0265625 0.0359375