0 0.459375 0.1859375 0.0328125 0.0328125
0 0.3359375 0.2015625 0.0375 0.0375
0 0.45546875 0.24140625 0.0375 0.040625
0 0.37890625 0.24453125 0.0375 0.0375
0 0.50390625 0.03046875 0.04375 0.04375
0 0.628125 0.05625 0.0515625 0.05
0 0.6109375 0.1578125 0.04375 0.040625
0 0.63671875 0.2140625 0.0375 0.040625
0 0.5265625 0.2421875 0.034375 0.034375
0 0.515625 0.271875 0.03125 0.04375
0 0.7625 0.35859375 0.046875 0.04375
0 0.8 0.26171875 0.0390625 0.0453125
0 0.896875 0.0625 0.040625 0.0578125
0 0.66171875 0.1640625 0.040625 0.034375
0 0.48359375 0.19609375 0.040625 0.04375
0 0.26015625 0.85859375 0.0375 0.0390625
0 0.29296875 0.86015625 0.0328125 0.0265625
0 0.32109375 0.85 0.0296875 0.0265625
0 0.34296875 0.8421875 0.028125 0.0328125
0 0.453125 0.77578125 0.034375 0.0375
0 0.4859375 0.76171875 0.04375 0.040625
0 0.51328125 0.828125 0.0328125 0.0390625
0 0.521875 0.79375 0.028125 0.0328125
0 0.6765625 0.775 0.034375 0.034375
0 0.66328125 0.82265625 0.0296875 0.0390625
0 0.7109375 0.78984375 0.0296875 0.0296875
0 0.72890625 0.76875 0.0234375 0.0296875
0 0.74609375 0.74765625 0.034375 0.0375
0 0.7421875 0.7140625 0.0265625 0.034375
0 0.7421875 0.95078125 0.03125 0.034375
0 0.70546875 0.96796875 0.028125 0.03125
0 0.42578125 0.86015625 0.0375 0.0359375
0 0.2203125 0.7140625 0.025 0.0359375
0 0.5625 0.2046875 0.0296875 0.0375