0 0.546875 0.8453125 0.0390625 0.0390625
0 0.415625 0.8484375 0.04375 0.04375
0 0.534375 0.78828125 0.04375 0.046875
0 0.4546875 0.796875 0.04375 0.04375
0 0.61640625 0.98125 0.0453125 0.01875
0 0.74140625 0.94375 0.0546875 0.040625
0 0.70859375 0.8484375 0.0515625 0.0484375
0 0.72578125 0.78671875 0.04375 0.046875
0 0.60703125 0.77578125 0.040625 0.040625
0 0.590625 0.74765625 0.0390625 0.0484375
0 0.83046875 0.61640625 0.0546875 0.053125
0 0.88515625 0.7109375 0.046875 0.0515625
0 0.75859375 0.834375 0.046875 0.040625
0 0.5703125 0.83046875 0.0484375 0.0515625
0 0.23125 0.184375 0.04375 0.0453125
0 0.26484375 0.1765625 0.0375 0.03125
0 0.29609375 0.1828125 0.0359375 0.0328125
0 0.31953125 0.1875 0.0328125 0.0390625
0 0.44375 0.2375 0.040625 0.0421875
0 0.48046875 0.246875 0.0515625 0.0484375
0 0.49765625 0.1734375 0.0390625 0.046875
0 0.5125 0.20859375 0.0328125 0.0390625
0 0.67421875 0.20234375 0.040625 0.040625
0 0.65234375 0.1546875 0.0375 0.0453125
0 0.7078125 0.18125 0.0359375 0.0359375
0 0.72890625 0.2 0.0296875 0.034375
0 0.75078125 0.21796875 0.040625 0.0421875
0 0.75234375 0.25390625 0.03125 0.0390625
0 0.7125 0.015625 0.0375 0.03125
0 0.671875 0.00859375 0.034375 0.0171875
0 0.40234375 0.15546875 0.04375 0.0421875
0 0.2140625 0.33984375 0.03125 0.040625
0 0.64921875 0.80859375 0.0359375 0.04375