0 0.4421875 0.4828125 0.05 0.04375
0 0.5890625 0.51796875 0.046875 0.0375
0 0.565625 0.63359375 0.0546875 0.046875
0 0.425 0.5984375 0.053125 0.0421875
0 0.8765625 0.5921875 0.0390625 0.0375
0 0.9859375 0.56953125 0.0234375 0.0359375
0 0.13203125 0.4328125 0.0453125 0.0453125
0 0.1875 0.4359375 0.0390625 0.03125
0 0.13671875 0.38828125 0.04375 0.040625
0 0.125 0.49921875 0.0390625 0.034375
0 0.11953125 0.54921875 0.0359375 0.034375
0 0.03359375 0.46796875 0.0390625 0.0375
0 0.16171875 0.28828125 0.04375 0.0359375
0 0.159375 0.3171875 0.0359375 0.0328125