0 0.49375 0.45234375 0.0421875 0.0484375
0 0.52890625 0.5953125 0.0375 0.0453125
0 0.640625 0.5734375 0.04375 0.0515625
0 0.60625 0.43671875 0.040625 0.0515625
0 0.6 0.87421875 0.0359375 0.0390625
0 0.578125 0.9828125 0.034375 0.0265625
0 0.44609375 0.15234375 0.0421875 0.0421875
0 0.44921875 0.20625 0.0296875 0.0375
0 0.403125 0.15703125 0.0390625 0.0421875
0 0.51015625 0.14609375 0.0328125 0.0390625
0 0.55859375 0.14140625 0.034375 0.0359375
0 0.4796875 0.0578125 0.0359375 0.040625
0 0.30546875 0.18203125 0.0359375 0.0421875
0 0.33359375 0.1796875 0.0328125 0.0359375