0 0.4921875 0.4421875 0.0390625 0.046875
0 0.4875 0.5953125 0.034375 0.04375
0 0.36875 0.596875 0.0421875 0.05
0 0.37421875 0.45 0.0390625 0.05
0 0.475 0.89375 0.034375 0.0375
0 0.51953125 0.99296875 0.0328125 0.0140625
0 0.4765625 0.12734375 0.040625 0.040625
0 0.484375 0.18359375 0.028125 0.0375
0 0.52109375 0.12265625 0.0375 0.040625
0 0.409375 0.134375 0.03125 0.0375
0 0.359375 0.13984375 0.0328125 0.034375
0 0.42109375 0.03828125 0.034375 0.0375
0 0.625 0.1265625 0.0328125 0.040625
0 0.59609375 0.13125 0.03125 0.034375