0 0.409375 0.528125 0.0515625 0.04375
0 0.56875 0.52890625 0.046875 0.0375
0 0.57578125 0.40546875 0.0546875 0.0453125
0 0.421875 0.40546875 0.053125 0.0421875
0 0.88125 0.5265625 0.040625 0.0375
0 0.98671875 0.57890625 0.0203125 0.034375
0 0.08125 0.5 0.04375 0.04375
0 0.1390625 0.51015625 0.0390625 0.03125
0 0.075 0.54609375 0.04375 0.040625
0 0.0921875 0.43046875 0.040625 0.034375
0 0.09921875 0.378125 0.0359375 0.034375
0 0.07578125 0.6546875 0.04375 0.0359375
0 0.08046875 0.625 0.0359375 0.0328125