0 0.4984375 0.54765625 0.0359375 0.04375
0 0.48671875 0.4015625 0.03125 0.040625
0 0.37265625 0.40546875 0.0375 0.046875
0 0.38515625 0.54609375 0.034375 0.046875
0 0.459375 0.11484375 0.03125 0.034375
0 0.4984375 0.0109375 0.03125 0.021875
0 0.49921875 0.8515625 0.0375 0.0375
0 0.50390625 0.79765625 0.025 0.034375
0 0.5421875 0.85390625 0.034375 0.0375
0 0.434375 0.84765625 0.028125 0.034375
0 0.3859375 0.8453125 0.0296875 0.03125
0 0.45078125 0.93984375 0.03125 0.0359375
0 0.6421875 0.84453125 0.0296875 0.0375
0 0.6140625 0.8421875 0.028125 0.03125