0 0.5015625 0.54453125 0.0375 0.046875
0 0.484375 0.39453125 0.0328125 0.04375
0 0.3671875 0.40234375 0.040625 0.05
0 0.384375 0.546875 0.0375 0.05
0 0.4453125 0.09921875 0.0328125 0.0359375
0 0.51328125 0.8578125 0.040625 0.040625
0 0.51640625 0.80234375 0.0265625 0.0359375
0 0.5578125 0.85859375 0.0359375 0.040625
0 0.44609375 0.85625 0.0296875 0.0359375
0 0.39609375 0.85546875 0.03125 0.0328125
0 0.46640625 0.95078125 0.0328125 0.0359375
0 0.6609375 0.8453125 0.03125 0.040625
0 0.63125 0.84375 0.0296875 0.0328125