0 0.4671875 0.51328125 0.053125 0.0453125
0 0.62265625 0.49765625 0.0484375 0.040625
0 0.63984375 0.61796875 0.05625 0.0484375
0 0.490625 0.63125 0.05625 0.0453125
0 0.92734375 0.4734375 0.0421875 0.0390625
0 0.14921875 0.5671875 0.046875 0.046875
0 0.2046875 0.553125 0.040625 0.0328125
0 0.1390625 0.5234375 0.0453125 0.04375
0 0.165625 0.63515625 0.040625 0.0359375
0 0.1765625 0.6859375 0.0390625 0.0359375
0 0.065625 0.634375 0.0421875 0.0390625
0 0.1296875 0.4171875 0.0453125 0.0375
0 0.13828125 0.4453125 0.0375 0.034375