0 0.5125 0.546875 0.040625 0.0484375
0 0.5328125 0.39140625 0.0359375 0.0453125
0 0.6546875 0.40234375 0.0421875 0.0515625
0 0.63359375 0.5515625 0.0390625 0.0515625
0 0.57890625 0.08828125 0.0359375 0.0390625
0 0.49453125 0.8703125 0.0421875 0.0421875
0 0.49296875 0.8125 0.028125 0.0375
0 0.4484375 0.8703125 0.0390625 0.0421875
0 0.5640625 0.86953125 0.03125 0.0375
0 0.615625 0.86953125 0.034375 0.0359375
0 0.54140625 0.9671875 0.0359375 0.0390625
0 0.34296875 0.8546875 0.034375 0.0421875
0 0.37265625 0.85390625 0.03125 0.034375