0 0.44296875 0.5015625 0.0515625 0.0453125
0 0.58828125 0.54453125 0.0484375 0.040625
0 0.559375 0.65859375 0.05625 0.0484375
0 0.4203125 0.615625 0.0546875 0.04375
0 0.871875 0.63359375 0.040625 0.0390625
0 0.97890625 0.61640625 0.0203125 0.0328125
0 0.1359375 0.434375 0.046875 0.046875
0 0.19140625 0.44140625 0.0390625 0.0328125
0 0.14296875 0.39140625 0.0453125 0.0421875
0 0.12578125 0.50078125 0.040625 0.0359375
0 0.11796875 0.55078125 0.0375 0.0359375
0 0.03671875 0.46484375 0.040625 0.0390625
0 0.17421875 0.29296875 0.0453125 0.0375
0 0.1703125 0.32109375 0.0375 0.034375