0 0.47109375 0.4203125 0.0484375 0.0546875
0 0.51875 0.56953125 0.0421875 0.05
0 0.6359375 0.5375 0.05 0.0578125
0 0.58984375 0.39453125 0.046875 0.05625
0 0.61640625 0.86015625 0.040625 0.04375
0 0.6 0.978125 0.0375 0.0296875
0 0.39765625 0.1046875 0.0484375 0.0484375
0 0.40625 0.16171875 0.034375 0.0421875
0 0.35234375 0.1125 0.0453125 0.046875
0 0.46640625 0.09296875 0.0375 0.0421875
0 0.5171875 0.08359375 0.0390625 0.040625
0 0.4296875 0.01171875 0.0359375 0.0234375
0 0.25078125 0.14609375 0.040625 0.0453125
0 0.28046875 0.1421875 0.0359375 0.0390625