0 0.51328125 0.4375 0.040625 0.0484375
0 0.50859375 0.5921875 0.034375 0.0453125
0 0.3890625 0.59375 0.0421875 0.0515625
0 0.39453125 0.4453125 0.0390625 0.0515625
0 0.49609375 0.89375 0.034375 0.0375
0 0.5421875 0.99296875 0.0328125 0.0125
0 0.496875 0.11953125 0.040625 0.040625
0 0.5046875 0.17578125 0.028125 0.0375
0 0.5421875 0.1140625 0.0375 0.040625
0 0.4296875 0.1265625 0.03125 0.0375
0 0.37890625 0.13203125 0.0328125 0.034375
0 0.44140625 0.0296875 0.034375 0.0375
0 0.64765625 0.11875 0.0328125 0.040625
0 0.61796875 0.12265625 0.03125 0.034375