0 0.4984375 0.45234375 0.0359375 0.04375
0 0.48671875 0.5984375 0.03125 0.040625
0 0.37265625 0.59453125 0.0375 0.046875
0 0.38515625 0.45390625 0.034375 0.046875
0 0.459375 0.88515625 0.03125 0.034375
0 0.4984375 0.9890625 0.03125 0.021875
0 0.49921875 0.1484375 0.0375 0.0375
0 0.50390625 0.20234375 0.025 0.034375
0 0.5421875 0.14609375 0.034375 0.0375
0 0.434375 0.15234375 0.028125 0.034375
0 0.3859375 0.1546875 0.0296875 0.03125
0 0.45078125 0.06015625 0.03125 0.034375
0 0.6421875 0.15546875 0.0296875 0.0375
0 0.6140625 0.1578125 0.028125 0.03125