0 0.50234375 0.43359375 0.04375 0.05
0 0.5109375 0.58515625 0.0390625 0.046875
0 0.39296875 0.59765625 0.0453125 0.053125
0 0.3859375 0.4515625 0.0421875 0.053125
0 0.525 0.88359375 0.0375 0.040625
0 0.5796875 0.984375 0.034375 0.0234375
0 0.459375 0.12109375 0.04375 0.04375
0 0.471875 0.175 0.03125 0.0390625
0 0.503125 0.1125 0.040625 0.04375
0 0.3921875 0.134375 0.034375 0.0390625
0 0.34375 0.14296875 0.034375 0.0375
0 0.39609375 0.03671875 0.0375 0.0421875
0 0.60703125 0.10703125 0.0359375 0.0421875
0 0.578125 0.11328125 0.0328125 0.0359375