0 0.521875 0.55703125 0.0453125 0.0515625
0 0.47890625 0.4125 0.040625 0.0484375
0 0.36484375 0.440625 0.046875 0.0546875
0 0.4078125 0.5796875 0.04375 0.0546875
0 0.38984375 0.1296875 0.0390625 0.040625
0 0.40625 0.01796875 0.0359375 0.025
0 0.5875 0.8625 0.0453125 0.0453125
0 0.58125 0.80703125 0.0328125 0.0390625
0 0.63125 0.85625 0.0421875 0.0453125
0 0.521875 0.87265625 0.0359375 0.040625
0 0.471875 0.88046875 0.0359375 0.0375
0 0.55859375 0.96171875 0.0390625 0.0421875
0 0.73046875 0.825 0.0375 0.04375
0 0.7015625 0.82890625 0.034375 0.0375