0 0.521875 0.540625 0.0453125 0.0515625
0 0.47890625 0.39609375 0.040625 0.0484375
0 0.3640625 0.42421875 0.0484375 0.05625
0 0.40703125 0.56328125 0.04375 0.0546875
0 0.38984375 0.1125 0.0390625 0.040625
0 0.58828125 0.846875 0.046875 0.046875
0 0.58125 0.7921875 0.0328125 0.0390625
0 0.63125 0.840625 0.0421875 0.0453125
0 0.521875 0.85703125 0.0359375 0.040625
0 0.471875 0.865625 0.0359375 0.0375
0 0.55859375 0.946875 0.0390625 0.040625
0 0.73046875 0.809375 0.0375 0.0453125
0 0.7015625 0.81328125 0.034375 0.0375