0 0.54765625 0.4875 0.0515625 0.0453125
0 0.40234375 0.5140625 0.046875 0.040625
0 0.3765625 0.40234375 0.0546875 0.0484375
0 0.51640625 0.37734375 0.0546875 0.0453125
0 0.1171875 0.5625 0.040625 0.0390625
0 0.0265625 0.6265625 0.028125 0.0359375
0 0.84375 0.40859375 0.0453125 0.0453125
0 0.7921875 0.42734375 0.0390625 0.0328125
0 0.85703125 0.45 0.0453125 0.0421875
0 0.82265625 0.34609375 0.040625 0.0359375
0 0.8078125 0.3 0.0375 0.0375
0 0.9171875 0.3390625 0.040625 0.0390625
0 0.87421875 0.54921875 0.04375 0.0390625
0 0.8640625 0.52265625 0.0375 0.0359375