0 0.45703125 0.51875 0.0484375 0.040625
0 0.60625 0.49296875 0.0453125 0.0359375
0 0.5921875 0.37578125 0.0515625 0.04375
0 0.4484375 0.4015625 0.0515625 0.0390625
0 0.8984375 0.4390625 0.0375 0.034375
0 0.14453125 0.546875 0.0421875 0.0421875
0 0.20078125 0.546875 0.0375 0.028125
0 0.14609375 0.590625 0.0421875 0.0390625
0 0.14296875 0.4796875 0.0375 0.03125
0 0.140625 0.4296875 0.034375 0.0328125
0 0.04921875 0.5046875 0.0375 0.034375
0 0.16484375 0.69296875 0.0421875 0.034375
0 0.16484375 0.66328125 0.034375 0.03125