0 0.50390625 0.5515625 0.0421875 0.0484375
0 0.4953125 0.403125 0.0375 0.0453125
0 0.61015625 0.39140625 0.0453125 0.053125
0 0.61796875 0.53359375 0.0421875 0.0515625
0 0.4828125 0.11171875 0.0359375 0.0390625
0 0.42890625 0.01484375 0.034375 0.0234375
0 0.54609375 0.85625 0.04375 0.04375
0 0.53359375 0.803125 0.0296875 0.0390625
0 0.503125 0.86484375 0.040625 0.0421875
0 0.6109375 0.84375 0.0328125 0.0390625
0 0.659375 0.834375 0.034375 0.0359375
0 0.60703125 0.9375 0.0359375 0.0390625
0 0.40234375 0.86953125 0.034375 0.0421875
0 0.4296875 0.86328125 0.0328125 0.0359375