0 0.74140625 0.32890625 0.03125 0.03125
0 0.6296875 0.21796875 0.0390625 0.028125
0 0.60703125 0.63125 0.0390625 0.034375
0 0.7046875 0.66171875 0.034375 0.028125
0 0.73671875 0.628125 0.04375 0.0296875
0 0.7578125 0.68203125 0.021875 0.0265625
0 0.77265625 0.71484375 0.034375 0.0296875
0 0.8390625 0.86484375 0.0375 0.034375
0 0.6 0.84921875 0.0421875 0.0359375
0 0.67265625 0.86796875 0.034375 0.03125
0 0.52578125 0.8734375 0.0453125 0.034375
0 0.52265625 0.7484375 0.034375 0.034375
0 0.57578125 0.72578125 0.0328125 0.0296875
0 0.703125 0.72578125 0.03125 0.03125
0 0.18359375 0.59765625 0.03125 0.028125
0 0.2265625 0.621875 0.03125 0.021875
0 0.259375 0.63515625 0.0328125 0.028125
0 0.375 0.6203125 0.0359375 0.034375
0 0.43203125 0.73125 0.0296875 0.034375
0 0.48984375 0.73515625 0.034375 0.028125
0 0.13203125 0.828125 0.0421875 0.040625
0 0.084375 0.77109375 0.0484375 0.0328125
0 0.0828125 0.70390625 0.03125 0.0265625
0 0.30546875 0.828125 0.034375 0.028125
0 0.20546875 0.81640625 0.028125 0.025
0 0.21015625 0.84140625 0.03125 0.034375