0 0.7140625 0.29609375 0.03125 0.03125
0 0.80234375 0.42265625 0.028125 0.0390625
0 0.39921875 0.375 0.034375 0.0390625
0 0.38671875 0.27578125 0.028125 0.034375
0 0.4234375 0.25 0.028125 0.04375
0 0.3765625 0.22109375 0.025 0.0203125
0 0.346875 0.2 0.0296875 0.034375
0 0.21328125 0.1109375 0.034375 0.0375
0 0.18828125 0.34453125 0.0359375 0.040625
0 0.18203125 0.27109375 0.03125 0.034375
0 0.1515625 0.41171875 0.0328125 0.04375
0 0.271875 0.4359375 0.034375 0.034375
0 0.303125 0.38984375 0.0296875 0.03125
0 0.32421875 0.26640625 0.03125 0.03125
0 0.359375 0.790625 0.028125 0.0296875
0 0.34375 0.74453125 0.021875 0.0296875
0 0.33671875 0.7109375 0.028125 0.03125
0 0.3703125 0.60078125 0.034375 0.0359375
0 0.27265625 0.52734375 0.034375 0.0296875
0 0.278125 0.4703125 0.028125 0.034375
0 0.128125 0.8 0.040625 0.040625
0 0.175 0.85546875 0.03125 0.046875
0 0.23984375 0.86875 0.0265625 0.0296875
0 0.15859375 0.6328125 0.028125 0.034375
0 0.153125 0.73046875 0.0234375 0.0265625
0 0.128125 0.72265625 0.034375 0.03125