0 0.2359375 0.34453125 0.034375 0.034375
0 0.3484375 0.22421875 0.040625 0.03125
0 0.38671875 0.65234375 0.0421875 0.0375
0 0.2859375 0.6875 0.0359375 0.0296875
0 0.25234375 0.6546875 0.046875 0.03125
0 0.23125 0.71171875 0.0234375 0.0265625
0 0.21796875 0.7453125 0.0375 0.0328125
0 0.15390625 0.9046875 0.040625 0.0375
0 0.4015625 0.87890625 0.04375 0.0390625
0 0.32734375 0.9015625 0.0375 0.034375
0 0.47890625 0.9015625 0.046875 0.0375
0 0.478125 0.77109375 0.0375 0.0375
0 0.42265625 0.74921875 0.0359375 0.0328125
0 0.290625 0.7546875 0.034375 0.034375
0 0.82578125 0.60234375 0.0328125 0.0296875
0 0.78203125 0.62890625 0.0328125 0.0234375
0 0.7484375 0.64453125 0.034375 0.0296875
0 0.62734375 0.6328125 0.0390625 0.0375
0 0.57265625 0.75078125 0.0328125 0.0375
0 0.51171875 0.7578125 0.0359375 0.0296875
0 0.8875 0.840625 0.0453125 0.0421875
0 0.93515625 0.7796875 0.05 0.0359375
0 0.934375 0.709375 0.0328125 0.028125
0 0.70625 0.84609375 0.0359375 0.0296875
0 0.81015625 0.83046875 0.0296875 0.0265625
0 0.80703125 0.85703125 0.034375 0.0375