0 0.73515625 0.28515625 0.0328125 0.0328125
0 0.82109375 0.41796875 0.0296875 0.040625
0 0.41015625 0.35546875 0.0375 0.040625
0 0.40078125 0.25234375 0.0296875 0.0359375
0 0.43984375 0.22734375 0.03125 0.0453125
0 0.390625 0.1953125 0.0265625 0.021875
0 0.3625 0.1734375 0.03125 0.0359375
0 0.228125 0.07734375 0.0375 0.0390625
0 0.19375 0.315625 0.0375 0.0421875
0 0.190625 0.23984375 0.0328125 0.0359375
0 0.1546875 0.3828125 0.0359375 0.0453125
0 0.2765625 0.4125 0.0359375 0.0359375
0 0.31015625 0.365625 0.03125 0.0328125
0 0.33671875 0.240625 0.0328125 0.0328125
0 0.35390625 0.77890625 0.0296875 0.03125
0 0.3390625 0.73125 0.0234375 0.03125
0 0.3328125 0.69609375 0.0296875 0.0328125
0 0.371875 0.58515625 0.0375 0.0375
0 0.27421875 0.50625 0.0359375 0.03125
0 0.28203125 0.4484375 0.0296875 0.0359375
0 0.115625 0.78125 0.0421875 0.04375
0 0.1625 0.83984375 0.034375 0.0484375
0 0.228125 0.85546875 0.028125 0.03125
0 0.153125 0.609375 0.0296875 0.0359375
0 0.14375 0.71015625 0.025 0.028125
0 0.11953125 0.7015625 0.0359375 0.0328125