0 0.2203125 0.65390625 0.0359375 0.0359375
0 0.3140625 0.7828125 0.0421875 0.034375
0 0.40390625 0.37265625 0.04375 0.040625
0 0.309375 0.3265625 0.0375 0.034375
0 0.27265625 0.3546875 0.0484375 0.0359375
0 0.26015625 0.29765625 0.025 0.028125
0 0.25 0.2625 0.0390625 0.0359375
0 0.20703125 0.10078125 0.0421875 0.040625
0 0.4453125 0.15546875 0.0453125 0.040625
0 0.375 0.12421875 0.0390625 0.0375
0 0.52265625 0.1421875 0.05 0.040625
0 0.50625 0.26796875 0.0390625 0.0390625
0 0.44921875 0.2828125 0.0375 0.034375
0 0.321875 0.2625 0.0359375 0.0359375
0 0.8234375 0.4734375 0.0359375 0.0328125
0 0.784375 0.44296875 0.0328125 0.0265625
0 0.753125 0.42421875 0.0375 0.0328125
0 0.634375 0.4203125 0.040625 0.040625
0 0.5953125 0.3 0.0359375 0.0390625
0 0.5375 0.2859375 0.0375 0.034375
0 0.9109375 0.25 0.046875 0.0453125
0 0.95 0.31484375 0.0515625 0.040625
0 0.940625 0.3828125 0.034375 0.03125
0 0.73671875 0.22265625 0.0375 0.034375
0 0.83515625 0.25078125 0.03125 0.028125
0 0.834375 0.22421875 0.0375 0.0390625