0 0.2796875 0.69609375 0.0296875 0.0296875
0 0.40546875 0.790625 0.0375 0.028125
0 0.37109375 0.37890625 0.0390625 0.034375
0 0.26953125 0.3625 0.0328125 0.028125
0 0.24296875 0.39921875 0.04375 0.028125
0 0.2140625 0.34921875 0.0203125 0.025
0 0.19453125 0.31875 0.0328125 0.0296875
0 0.10859375 0.1796875 0.0375 0.034375
0 0.34765625 0.1625 0.040625 0.034375
0 0.27265625 0.15390625 0.0328125 0.03125
0 0.41640625 0.128125 0.04375 0.0328125
0 0.4375 0.2515625 0.034375 0.034375
0 0.38828125 0.28125 0.03125 0.028125
0 0.2625 0.2984375 0.0296875 0.0296875
0 0.7953125 0.353125 0.0296875 0.0265625
0 0.7484375 0.33515625 0.0296875 0.0203125
0 0.71484375 0.3265625 0.03125 0.0265625
0 0.6015625 0.3578125 0.0359375 0.034375
0 0.53046875 0.25546875 0.0296875 0.0328125
0 0.471875 0.25859375 0.0328125 0.028125
0 0.81328125 0.1171875 0.040625 0.0390625
0 0.86796875 0.1671875 0.046875 0.03125
0 0.8796875 0.23359375 0.0296875 0.025
0 0.640625 0.1421875 0.0328125 0.028125
0 0.74140625 0.13984375 0.0265625 0.0234375
0 0.734375 0.115625 0.03125 0.0328125