0 0.340625 0.76953125 0.034375 0.034375
0 0.21640625 0.67109375 0.0328125 0.0421875
0 0.62578125 0.59765625 0.040625 0.04375
0 0.66796875 0.6921875 0.0328125 0.0375
0 0.63828125 0.72734375 0.034375 0.046875
0 0.6953125 0.7421875 0.028125 0.0234375
0 0.7296875 0.753125 0.0328125 0.0375
0 0.8875 0.80078125 0.0390625 0.0421875
0 0.8421875 0.5640625 0.040625 0.0453125
0 0.8703125 0.634375 0.034375 0.0375
0 0.8578125 0.4875 0.0390625 0.046875
0 0.73203125 0.49921875 0.0390625 0.0390625
0 0.71640625 0.55546875 0.0328125 0.0359375
0 0.73203125 0.68203125 0.034375 0.034375
0 0.540625 0.178125 0.03125 0.034375
0 0.56953125 0.21875 0.025 0.0328125
0 0.5875 0.25 0.03125 0.0359375
0 0.5859375 0.36796875 0.0390625 0.040625
0 0.70390625 0.4109375 0.0375 0.0328125
0 0.715625 0.46875 0.0328125 0.0375
0 0.7640625 0.1 0.0453125 0.0453125
0 0.7015625 0.05859375 0.0375 0.05
0 0.634375 0.065625 0.0296875 0.0328125
0 0.7859375 0.2734375 0.0328125 0.0375
0 0.76171875 0.17421875 0.028125 0.0296875
0 0.7875 0.17578125 0.0375 0.034375