0 0.30390625 0.7234375 0.0328125 0.0328125
0 0.43359375 0.80703125 0.0390625 0.0296875
0 0.371875 0.40546875 0.040625 0.0359375
0 0.271875 0.39609375 0.034375 0.0296875
0 0.246875 0.434375 0.04375 0.03125
0 0.21640625 0.38671875 0.021875 0.025
0 0.19453125 0.3578125 0.034375 0.03125
0 0.10078125 0.228125 0.0390625 0.0359375
0 0.33359375 0.19453125 0.0421875 0.0359375
0 0.259375 0.190625 0.0359375 0.0328125
0 0.39921875 0.15546875 0.0453125 0.0359375
0 0.428125 0.275 0.0359375 0.0359375
0 0.38203125 0.30859375 0.0328125 0.03125
0 0.26015625 0.33359375 0.0328125 0.0328125
0 0.7859375 0.35078125 0.03125 0.0296875
0 0.73984375 0.3359375 0.03125 0.021875
0 0.7046875 0.3296875 0.0328125 0.0296875
0 0.59609375 0.36875 0.0375 0.0359375
0 0.51953125 0.2734375 0.03125 0.034375
0 0.4625 0.28125 0.034375 0.0296875
0 0.78828125 0.11796875 0.0421875 0.040625
0 0.84609375 0.16328125 0.0484375 0.034375
0 0.8609375 0.22734375 0.03125 0.0265625
0 0.6203125 0.15390625 0.034375 0.0296875
0 0.71953125 0.14453125 0.028125 0.025
0 0.71015625 0.121875 0.0328125 0.0359375