0 0.30859375 0.2515625 0.034375 0.034375
0 0.44609375 0.17578125 0.040625 0.0328125
0 0.3546875 0.578125 0.0421875 0.0390625
0 0.25234375 0.58046875 0.0359375 0.03125
0 0.23125 0.540625 0.046875 0.0328125
0 0.19609375 0.58671875 0.0234375 0.028125
0 0.17265625 0.6140625 0.0359375 0.0328125
0 0.0671875 0.73984375 0.040625 0.0375
0 0.30078125 0.78984375 0.04375 0.0390625
0 0.22578125 0.78828125 0.0375 0.034375
0 0.36484375 0.83359375 0.046875 0.0375
0 0.403125 0.7140625 0.0375 0.0375
0 0.35859375 0.678125 0.034375 0.0328125
0 0.23671875 0.64375 0.034375 0.034375
0 0.77109375 0.66328125 0.0328125 0.03125
0 0.7234375 0.675 0.0328125 0.025
0 0.68828125 0.67890625 0.034375 0.03125
0 0.58046875 0.6328125 0.0390625 0.0375
0 0.4953125 0.7234375 0.0328125 0.0359375
0 0.43828125 0.71171875 0.0359375 0.03125
0 0.75703125 0.89921875 0.0453125 0.04375
0 0.81796875 0.8578125 0.05 0.0375
0 0.83828125 0.79375 0.0328125 0.0296875
0 0.5890625 0.85078125 0.0359375 0.03125
0 0.6890625 0.8671875 0.0296875 0.0265625
0 0.678125 0.890625 0.034375 0.0375