0 0.32734375 0.2484375 0.03125 0.03125
0 0.21796875 0.36171875 0.028125 0.0390625
0 0.63125 0.378125 0.034375 0.0390625
0 0.66015625 0.28046875 0.028125 0.034375
0 0.6265625 0.24921875 0.028125 0.04375
0 0.6796875 0.2265625 0.025 0.021875
0 0.7125 0.2109375 0.0296875 0.034375
0 0.8609375 0.1421875 0.034375 0.0375
0 0.85 0.38125 0.034375 0.040625
0 0.8671875 0.3078125 0.03125 0.034375
0 0.875 0.45390625 0.0328125 0.04375
0 0.75 0.46015625 0.034375 0.034375
0 0.7265625 0.4078125 0.0296875 0.0328125
0 0.72421875 0.28046875 0.03125 0.03125
0 0.60546875 0.80234375 0.028125 0.03125
0 0.62890625 0.75859375 0.021875 0.0296875
0 0.64140625 0.72578125 0.028125 0.0328125
0 0.625 0.609375 0.034375 0.0359375
0 0.73515625 0.55078125 0.034375 0.0296875
0 0.7375 0.49296875 0.028125 0.034375
0 0.83671875 0.84921875 0.0390625 0.0421875
0 0.78046875 0.89765625 0.03125 0.046875
0 0.7140625 0.9 0.0265625 0.03125
0 0.83359375 0.675 0.028125 0.034375
0 0.8234375 0.77578125 0.025 0.0265625
0 0.84921875 0.77109375 0.034375 0.03125