0 0.26328125 0.74453125 0.03125 0.03125
0 0.39375 0.8421875 0.0390625 0.028125
0 0.3578125 0.4171875 0.040625 0.0359375
0 0.25390625 0.4 0.034375 0.028125
0 0.225 0.43828125 0.04375 0.028125
0 0.19609375 0.38671875 0.021875 0.0265625
0 0.1765625 0.35546875 0.034375 0.0296875
0 0.0875 0.2125 0.0390625 0.0359375
0 0.33359375 0.19453125 0.0421875 0.0359375
0 0.25625 0.18515625 0.034375 0.03125
0 0.4046875 0.159375 0.0453125 0.0328125
0 0.4265625 0.2859375 0.0359375 0.0359375
0 0.37578125 0.3171875 0.0328125 0.0296875
0 0.2453125 0.334375 0.03125 0.03125
0 0.79453125 0.390625 0.03125 0.028125
0 0.746875 0.371875 0.03125 0.021875
0 0.71171875 0.36328125 0.0328125 0.028125
0 0.5953125 0.39453125 0.0375 0.0359375
0 0.52109375 0.28984375 0.0296875 0.034375
0 0.46171875 0.29375 0.034375 0.028125
0 0.81328125 0.1484375 0.0421875 0.040625
0 0.8703125 0.2 0.0484375 0.0328125
0 0.88125 0.26796875 0.03125 0.0265625
0 0.6359375 0.1734375 0.034375 0.028125
0 0.73984375 0.17109375 0.028125 0.025
0 0.73203125 0.14609375 0.03125 0.034375