0 0.240625 0.63828125 0.034375 0.034375
0 0.3328125 0.759375 0.040625 0.0328125
0 0.41015625 0.3671875 0.0421875 0.0390625
0 0.32109375 0.325 0.0359375 0.03125
0 0.2859375 0.3515625 0.0453125 0.0328125
0 0.27265625 0.29765625 0.0234375 0.0265625
0 0.2625 0.2640625 0.0359375 0.0328125
0 0.21953125 0.1109375 0.040625 0.0375
0 0.44609375 0.15859375 0.04375 0.0390625
0 0.37890625 0.13046875 0.0375 0.034375
0 0.5203125 0.1453125 0.046875 0.0375
0 0.50703125 0.265625 0.0375 0.0375
0 0.453125 0.28046875 0.034375 0.0328125
0 0.33125 0.26328125 0.034375 0.034375
0 0.8125 0.45625 0.0328125 0.03125
0 0.77421875 0.42734375 0.03125 0.025
0 0.74453125 0.409375 0.034375 0.03125
0 0.63125 0.40859375 0.0390625 0.0375
0 0.59140625 0.29453125 0.0328125 0.0359375
0 0.53671875 0.28203125 0.0359375 0.03125
0 0.8921875 0.2421875 0.0453125 0.04375
0 0.93046875 0.30234375 0.0484375 0.0375
0 0.92265625 0.3671875 0.0328125 0.0296875
0 0.725 0.21875 0.0359375 0.03125
0 0.81953125 0.24375 0.0296875 0.0265625
0 0.81953125 0.21875 0.034375 0.0375