0 0.675 0.73515625 0.03125 0.03125
0 0.78359375 0.625 0.028125 0.0390625
0 0.378125 0.60234375 0.034375 0.0390625
0 0.34765625 0.6984375 0.028125 0.034375
0 0.38046875 0.73046875 0.0296875 0.04375
0 0.32734375 0.75078125 0.025 0.0203125
0 0.29453125 0.765625 0.0296875 0.034375
0 0.14765625 0.83046875 0.034375 0.0375
0 0.16328125 0.5953125 0.0359375 0.040625
0 0.14453125 0.6671875 0.03125 0.034375
0 0.13984375 0.5234375 0.034375 0.04375
0 0.2625 0.5203125 0.034375 0.034375
0 0.28515625 0.571875 0.0296875 0.0328125
0 0.284375 0.696875 0.03125 0.03125
0 0.4109375 0.1859375 0.028125 0.03125
0 0.38671875 0.228125 0.021875 0.0296875
0 0.3734375 0.26015625 0.028125 0.0328125
0 0.38828125 0.375 0.034375 0.0359375
0 0.27890625 0.43046875 0.034375 0.0296875
0 0.27421875 0.4875 0.028125 0.034375
0 0.18359375 0.13515625 0.040625 0.040625
0 0.23984375 0.08828125 0.0328125 0.046875
0 0.30546875 0.08671875 0.0265625 0.03125
0 0.18359375 0.30703125 0.028125 0.034375
0 0.1953125 0.20859375 0.0234375 0.028125
0 0.1703125 0.2125 0.034375 0.03125