0 0.2609375 0.6859375 0.034375 0.034375
0 0.1765625 0.54453125 0.0328125 0.0421875
0 0.60234375 0.625 0.0390625 0.04375
0 0.6078125 0.73203125 0.0328125 0.0375
0 0.56640625 0.75625 0.034375 0.046875
0 0.61484375 0.7921875 0.028125 0.0234375
0 0.64453125 0.815625 0.034375 0.0375
0 0.78046875 0.92109375 0.0390625 0.0421875
0 0.82421875 0.67421875 0.0390625 0.0453125
0 0.8265625 0.75234375 0.0359375 0.0375
0 0.86796875 0.6046875 0.0390625 0.0484375
0 0.7421875 0.5703125 0.0390625 0.0390625
0 0.70546875 0.61796875 0.0328125 0.0359375
0 0.6734375 0.74765625 0.034375 0.034375
0 0.675 0.18671875 0.03125 0.034375
0 0.6890625 0.23671875 0.025 0.0328125
0 0.69375 0.2734375 0.03125 0.0359375
0 0.64921875 0.3875 0.0390625 0.040625
0 0.74765625 0.4734375 0.0375 0.034375
0 0.7375 0.53359375 0.0328125 0.0375
0 0.921875 0.19375 0.0453125 0.046875
0 0.8765625 0.13046875 0.0375 0.0515625
0 0.80859375 0.1125 0.0296875 0.034375
0 0.878125 0.3703125 0.0328125 0.0375
0 0.89140625 0.265625 0.028125 0.03125
0 0.915625 0.2765625 0.0375 0.0359375