0 0.2546875 0.3515625 0.034375 0.034375
0 0.36015625 0.23125 0.040625 0.03125
0 0.4125 0.64609375 0.0421875 0.0375
0 0.315625 0.684375 0.0359375 0.03125
0 0.28125 0.653125 0.0453125 0.0328125
0 0.26328125 0.70859375 0.0234375 0.0265625
0 0.25078125 0.74296875 0.0375 0.0328125
0 0.19453125 0.8984375 0.040625 0.0375
0 0.434375 0.86640625 0.04375 0.0390625
0 0.3625 0.890625 0.0375 0.034375
0 0.51015625 0.88515625 0.046875 0.0375
0 0.50546875 0.75859375 0.0375 0.0375
0 0.45 0.73984375 0.0359375 0.0328125
0 0.321875 0.74921875 0.034375 0.034375
0 0.83828125 0.58359375 0.0328125 0.0296875
0 0.79609375 0.61015625 0.0328125 0.0234375
0 0.76328125 0.62578125 0.034375 0.0296875
0 0.6453125 0.61953125 0.0390625 0.0375
0 0.59609375 0.7359375 0.0328125 0.0375
0 0.5375 0.74375 0.0359375 0.03125
0 0.90625 0.8125 0.04375 0.04375
0 0.95 0.7515625 0.05 0.0359375
0 0.946875 0.6828125 0.0328125 0.028125
0 0.73046875 0.82421875 0.0359375 0.03125
0 0.83046875 0.80546875 0.0296875 0.0265625
0 0.82734375 0.83125 0.034375 0.0375