0 0.3453125 0.240625 0.0359375 0.0359375
0 0.48828125 0.175 0.0421875 0.034375
0 0.36953125 0.5703125 0.04375 0.040625
0 0.2671875 0.565625 0.0375 0.0328125
0 0.2484375 0.52421875 0.046875 0.0359375
0 0.209375 0.5671875 0.025 0.028125
0 0.18515625 0.59296875 0.0375 0.034375
0 0.07109375 0.7109375 0.0421875 0.040625
0 0.30078125 0.77734375 0.0453125 0.040625
0 0.22578125 0.7703125 0.0390625 0.0359375
0 0.36171875 0.825 0.0484375 0.040625
0 0.40859375 0.709375 0.0390625 0.0390625
0 0.36640625 0.66953125 0.0359375 0.034375
0 0.246875 0.62734375 0.0359375 0.0359375
0 0.77890625 0.68359375 0.034375 0.0328125
0 0.7296875 0.6921875 0.0328125 0.0265625
0 0.6953125 0.69296875 0.0359375 0.0328125
0 0.590625 0.6390625 0.040625 0.0390625
0 0.49921875 0.72421875 0.034375 0.0375
0 0.44296875 0.70859375 0.0375 0.0328125
0 0.74765625 0.91796875 0.046875 0.0453125
0 0.8125 0.88046875 0.0515625 0.0390625
0 0.8359375 0.81796875 0.034375 0.03125
0 0.584375 0.85859375 0.0375 0.0328125
0 0.6828125 0.88125 0.03125 0.028125
0 0.6703125 0.90390625 0.0359375 0.0390625