0 0.22890625 0.6765625 0.03125 0.03125
0 0.346875 0.7890625 0.040625 0.0296875
0 0.36328125 0.36328125 0.040625 0.0359375
0 0.26171875 0.334375 0.0359375 0.028125
0 0.2296875 0.36796875 0.0453125 0.0296875
0 0.20703125 0.31328125 0.021875 0.0265625
0 0.190625 0.28046875 0.0359375 0.0296875
0 0.11953125 0.12734375 0.0390625 0.0359375
0 0.36640625 0.1390625 0.0421875 0.0359375
0 0.290625 0.1203125 0.0359375 0.03125
0 0.440625 0.11328125 0.0453125 0.034375
0 0.44765625 0.2421875 0.0359375 0.0359375
0 0.39375 0.26640625 0.0328125 0.0296875
0 0.2625 0.26796875 0.03125 0.03125
0 0.8 0.38984375 0.03125 0.028125
0 0.75546875 0.36640625 0.03125 0.021875
0 0.72109375 0.353125 0.0328125 0.028125
0 0.6015625 0.37109375 0.0375 0.0359375
0 0.54140625 0.25703125 0.0296875 0.0359375
0 0.48125 0.25390625 0.0359375 0.028125
0 0.8484375 0.15234375 0.0421875 0.040625
0 0.8984375 0.21015625 0.0484375 0.0328125
0 0.90078125 0.27890625 0.03125 0.0265625
0 0.66875 0.15546875 0.0359375 0.028125
0 0.77265625 0.165625 0.028125 0.025
0 0.7671875 0.13984375 0.03125 0.0359375