0 0.30703125 0.278125 0.028125 0.028125
0 0.209375 0.3953125 0.025 0.0359375
0 0.609375 0.3828125 0.03125 0.0359375
0 0.63046875 0.2859375 0.025 0.03125
0 0.59609375 0.2578125 0.025 0.040625
0 0.64609375 0.2328125 0.0234375 0.01875
0 0.6765625 0.215625 0.0265625 0.03125
0 0.815625 0.1390625 0.03125 0.034375
0 0.8203125 0.37109375 0.03125 0.0375
0 0.8328125 0.29921875 0.028125 0.03125
0 0.85 0.43984375 0.0296875 0.040625
0 0.7296875 0.45390625 0.03125 0.03125
0 0.703125 0.4046875 0.0265625 0.0296875
0 0.69296875 0.28203125 0.028125 0.028125
0 0.61328125 0.79453125 0.025 0.028125
0 0.6328125 0.75078125 0.01875 0.028125
0 0.64296875 0.71796875 0.025 0.0296875
0 0.61875 0.60703125 0.03125 0.0328125
0 0.72109375 0.54296875 0.03125 0.0265625
0 0.7203125 0.48671875 0.025 0.03125
0 0.83984375 0.82421875 0.0359375 0.0375
0 0.7890625 0.875 0.028125 0.04375
0 0.72421875 0.88203125 0.0234375 0.028125
0 0.825 0.65625 0.025 0.03125
0 0.821875 0.75390625 0.021875 0.025
0 0.84609375 0.74765625 0.03125 0.028125