0 0.23359375 0.3015625 0.0375 0.0375
0 0.1640625 0.4515625 0.0359375 0.0453125
0 0.5796875 0.32578125 0.0421875 0.046875
0 0.57421875 0.21875 0.034375 0.0390625
0 0.53125 0.19921875 0.0375 0.05
0 0.57578125 0.15859375 0.0296875 0.0265625
0 0.603125 0.13203125 0.0359375 0.040625
0 0.72734375 0.0171875 0.0421875 0.034375
0 0.79765625 0.2546875 0.0421875 0.0484375
0 0.78984375 0.17578125 0.0375 0.040625
0 0.84765625 0.31796875 0.0421875 0.05
0 0.72578125 0.36640625 0.040625 0.040625
0 0.68359375 0.32265625 0.0359375 0.0390625
0 0.6390625 0.196875 0.0375 0.0375
0 0.7 0.75625 0.034375 0.0359375
0 0.7078125 0.7046875 0.028125 0.034375
0 0.709375 0.66796875 0.034375 0.0375
0 0.65234375 0.55859375 0.0421875 0.04375
0 0.74140625 0.4625 0.040625 0.0359375
0 0.725 0.40390625 0.034375 0.0390625
0 0.9453125 0.7234375 0.0484375 0.05
0 0.90625 0.79140625 0.0421875 0.0546875
0 0.840625 0.81640625 0.0328125 0.0359375
0 0.8828125 0.5515625 0.034375 0.0390625
0 0.90625 0.65546875 0.0296875 0.0328125
0 0.93046875 0.6421875 0.040625 0.0375