0 0.653125 0.24609375 0.0328125 0.0328125
0 0.76953125 0.3453125 0.03125 0.0390625
0 0.37109375 0.403125 0.0375 0.040625
0 0.33359375 0.31015625 0.0296875 0.034375
0 0.3625 0.2765625 0.03125 0.04375
0 0.30859375 0.2609375 0.0265625 0.021875
0 0.27578125 0.24921875 0.03125 0.0359375
0 0.1234375 0.19765625 0.0375 0.0390625
0 0.159375 0.428125 0.0375 0.0421875
0 0.13515625 0.35859375 0.0328125 0.0359375
0 0.1421875 0.5015625 0.0359375 0.0453125
0 0.2640625 0.49453125 0.0359375 0.0359375
0 0.28203125 0.440625 0.03125 0.034375
0 0.2703125 0.31796875 0.0328125 0.0328125
0 0.4390625 0.81171875 0.0296875 0.0328125
0 0.4125 0.771875 0.0234375 0.03125
0 0.396875 0.74140625 0.0296875 0.0328125
0 0.40078125 0.6265625 0.0359375 0.0375
0 0.28828125 0.58125 0.0359375 0.03125
0 0.27890625 0.52578125 0.0296875 0.034375
0 0.21953125 0.88125 0.0421875 0.04375
0 0.2796875 0.921875 0.0359375 0.0484375
0 0.34453125 0.91796875 0.028125 0.03125
0 0.2046875 0.71171875 0.0296875 0.034375
0 0.225 0.8078125 0.0265625 0.028125
0 0.2 0.80625 0.0359375 0.0328125