0 0.234375 0.6453125 0.0359375 0.0359375
0 0.33125 0.77265625 0.0421875 0.0328125
0 0.41328125 0.3625 0.04375 0.040625
0 0.31875 0.31796875 0.0375 0.0328125
0 0.28203125 0.34609375 0.046875 0.034375
0 0.26875 0.28984375 0.025 0.028125
0 0.25859375 0.2546875 0.0390625 0.034375
0 0.2125 0.0953125 0.0421875 0.040625
0 0.45078125 0.14453125 0.0453125 0.040625
0 0.38046875 0.115625 0.0390625 0.0359375
0 0.52734375 0.13125 0.0484375 0.040625
0 0.51328125 0.25703125 0.0390625 0.0390625
0 0.45703125 0.271875 0.0375 0.034375
0 0.3296875 0.25390625 0.0359375 0.0359375
0 0.83359375 0.45546875 0.034375 0.03125
0 0.79296875 0.425 0.0328125 0.025
0 0.76171875 0.40703125 0.0359375 0.0328125
0 0.64375 0.40546875 0.040625 0.0390625
0 0.60234375 0.2859375 0.034375 0.0390625
0 0.5453125 0.27421875 0.0375 0.0328125
0 0.91640625 0.23125 0.046875 0.0453125
0 0.95625 0.2953125 0.0515625 0.0390625
0 0.9484375 0.36328125 0.034375 0.0296875
0 0.7421875 0.20703125 0.0375 0.0328125
0 0.840625 0.2328125 0.0296875 0.028125
0 0.83984375 0.20703125 0.0359375 0.0390625