0 0.3828125 0.37890625 0.0359375 0.0328125
0 0.4625 0.359375 0.0328125 0.0296875
0 0.60703125 0.28125 0.028125 0.028125
0 0.6203125 0.259375 0.03125 0.0234375
0 0.65859375 0.2484375 0.03125 0.0234375
0 0.7046875 0.23671875 0.0390625 0.0328125
0 0.7484375 0.2578125 0.0375 0.0265625
0 0.73515625 0.3171875 0.0296875 0.034375
0 0.74453125 0.3828125 0.028125 0.0265625
0 0.84921875 0.43046875 0.034375 0.0234375
0 0.8640625 0.4671875 0.025 0.021875
0 0.89921875 0.39921875 0.0328125 0.0265625
0 0.8546875 0.34921875 0.0328125 0.0359375
0 0.8625 0.2953125 0.0296875 0.0328125
0 0.86171875 0.259375 0.04375 0.034375
0 0.80078125 0.23046875 0.0390625 0.0390625
0 0.584375 0.20234375 0.0359375 0.0296875
0 0.5734375 0.25859375 0.0359375 0.0296875
0 0.646875 0.13515625 0.034375 0.03125
0 0.61796875 0.8265625 0.025 0.0265625
0 0.553125 0.815625 0.0375 0.0265625
0 0.6375 0.82734375 0.025 0.025
0 0.78984375 0.8140625 0.034375 0.0265625
0 0.83828125 0.815625 0.0390625 0.03125
0 0.5625 0.68984375 0.040625 0.028125
0 0.203125 0.26796875 0.0296875 0.028125
0 0.2546875 0.26328125 0.034375 0.03125
0 0.303125 0.1796875 0.034375 0.0390625