0 0.6484375 0.40625 0.0390625 0.0359375
0 0.5765625 0.359375 0.034375 0.0328125
0 0.4578125 0.23203125 0.0296875 0.0296875
0 0.45234375 0.20546875 0.034375 0.025
0 0.41796875 0.18203125 0.034375 0.025
0 0.37578125 0.1546875 0.0421875 0.0375
0 0.325 0.16015625 0.040625 0.028125
0 0.31875 0.2234375 0.0328125 0.0359375
0 0.2859375 0.28671875 0.03125 0.028125
0 0.16484375 0.29765625 0.0375 0.0265625
0 0.1375 0.32890625 0.0265625 0.025
0 0.12578125 0.24921875 0.0359375 0.0296875
0 0.18671875 0.215625 0.0359375 0.0390625
0 0.19765625 0.1578125 0.0328125 0.034375
0 0.2109375 0.1234375 0.046875 0.0375
0 0.28203125 0.115625 0.04375 0.04375
0 0.50859375 0.16171875 0.0375 0.0328125
0 0.5 0.22109375 0.0375 0.0328125
0 0.46953125 0.071875 0.0375 0.034375
0 0.26015625 0.7734375 0.0265625 0.028125
0 0.328125 0.78515625 0.040625 0.0296875
0 0.23984375 0.7671875 0.028125 0.028125
0 0.0921875 0.70234375 0.0375 0.0296875
0 0.04296875 0.6875 0.0421875 0.0359375
0 0.3625 0.65625 0.04375 0.03125
0 0.8671875 0.3578125 0.0328125 0.0296875
0 0.81640625 0.33671875 0.0375 0.034375
0 0.79765625 0.23515625 0.0390625 0.0421875