0 0.61015625 0.3578125 0.0359375 0.034375
0 0.5296875 0.340625 0.0328125 0.0296875
0 0.38125 0.2671875 0.028125 0.028125
0 0.3671875 0.24609375 0.03125 0.025
0 0.328125 0.2359375 0.03125 0.025
0 0.28125 0.22578125 0.0390625 0.034375
0 0.2375 0.2484375 0.0390625 0.0265625
0 0.25390625 0.3078125 0.03125 0.034375
0 0.24609375 0.37421875 0.0296875 0.0265625
0 0.1421875 0.4265625 0.034375 0.025
0 0.12890625 0.46328125 0.025 0.0234375
0 0.09140625 0.39609375 0.034375 0.028125
0 0.13359375 0.34453125 0.034375 0.0359375
0 0.12421875 0.28984375 0.0296875 0.0328125
0 0.1234375 0.2546875 0.0453125 0.0359375
0 0.18359375 0.2234375 0.040625 0.040625
0 0.4015625 0.1875 0.0359375 0.03125
0 0.4140625 0.24296875 0.0359375 0.03125
0 0.33671875 0.12109375 0.034375 0.0328125
0 0.3890625 0.81796875 0.025 0.028125
0 0.4546875 0.8046875 0.0390625 0.028125
0 0.36953125 0.81875 0.0265625 0.0265625
0 0.21640625 0.8109375 0.0359375 0.028125
0 0.16796875 0.81484375 0.0390625 0.0328125
0 0.440625 0.67890625 0.0421875 0.0296875
0 0.7890625 0.23984375 0.03125 0.028125
0 0.7359375 0.23671875 0.034375 0.0328125
0 0.68515625 0.15390625 0.0359375 0.040625