0 0.659375 0.57421875 0.0375 0.034375
0 0.58671875 0.61875 0.034375 0.03125
0 0.46953125 0.74140625 0.0296875 0.0296875
0 0.46328125 0.76640625 0.0328125 0.025
0 0.4296875 0.78984375 0.0328125 0.025
0 0.38828125 0.81640625 0.040625 0.0359375
0 0.3390625 0.809375 0.0390625 0.0265625
0 0.33359375 0.74765625 0.03125 0.0359375
0 0.30234375 0.68515625 0.0296875 0.028125
0 0.184375 0.671875 0.0359375 0.025
0 0.1578125 0.64140625 0.0265625 0.0234375
0 0.14609375 0.71875 0.034375 0.028125
0 0.20390625 0.753125 0.034375 0.0375
0 0.2140625 0.809375 0.03125 0.034375
0 0.2265625 0.84375 0.0453125 0.0359375
0 0.2953125 0.85234375 0.0421875 0.0421875
0 0.51640625 0.8109375 0.0375 0.03125
0 0.51015625 0.753125 0.0375 0.03125
0 0.478125 0.89765625 0.0359375 0.0328125
0 0.28515625 0.209375 0.025 0.028125
0 0.35234375 0.19921875 0.0390625 0.0296875
0 0.265625 0.215625 0.0265625 0.0265625
0 0.1203125 0.2765625 0.0359375 0.028125
0 0.07265625 0.28984375 0.040625 0.034375
0 0.3828125 0.32578125 0.04375 0.0296875
0 0.87109375 0.62578125 0.0328125 0.0296875
0 0.821875 0.64609375 0.0359375 0.0328125
0 0.80078125 0.74453125 0.0375 0.040625