0 0.37890625 0.62578125 0.0296875 0.0328125
0 0.3515625 0.54765625 0.0265625 0.0296875
0 0.25859375 0.4125 0.025 0.025
0 0.2359375 0.40078125 0.0203125 0.0296875
0 0.22109375 0.3640625 0.0203125 0.0296875
0 0.2046875 0.3203125 0.0296875 0.0359375
0 0.22109375 0.27421875 0.021875 0.0359375
0 0.28125 0.28203125 0.03125 0.0265625
0 0.34453125 0.265625 0.0234375 0.0265625
0 0.38125 0.15546875 0.0203125 0.0328125
0 0.415625 0.1375 0.0203125 0.0234375
0 0.34453125 0.11015625 0.0234375 0.03125
0 0.30078125 0.159375 0.0328125 0.0296875
0 0.24609375 0.15703125 0.0296875 0.0265625
0 0.2109375 0.16171875 0.0296875 0.040625
0 0.18828125 0.22578125 0.0359375 0.0359375
0 0.1828125 0.44375 0.0265625 0.0328125
0 0.23984375 0.4484375 0.0265625 0.0328125
0 0.109375 0.38828125 0.028125 0.03125
0 0.79921875 0.34453125 0.025 0.021875
0 0.7953125 0.41015625 0.0234375 0.0359375
0 0.79765625 0.325 0.0234375 0.0234375
0 0.76953125 0.17578125 0.0234375 0.0328125
0 0.76640625 0.12734375 0.028125 0.0359375
0 0.6703125 0.4140625 0.0234375 0.0390625
0 0.2875 0.81640625 0.025 0.028125
0 0.278125 0.76484375 0.028125 0.03125
0 0.18984375 0.72578125 0.0359375 0.03125