0 0.39921875 0.63203125 0.0390625 0.0359375
0 0.48125 0.64296875 0.034375 0.03125
0 0.6359375 0.70703125 0.0296875 0.0296875
0 0.6515625 0.72734375 0.0328125 0.0265625
0 0.69140625 0.734375 0.0328125 0.0265625
0 0.7390625 0.74140625 0.0421875 0.0375
0 0.78125 0.71484375 0.040625 0.0296875
0 0.7609375 0.65703125 0.0328125 0.0359375
0 0.7640625 0.58984375 0.03125 0.028125
0 0.86484375 0.53046875 0.0359375 0.0265625
0 0.8765625 0.4921875 0.0265625 0.025
0 0.91875 0.5578125 0.034375 0.0296875
0 0.87890625 0.61171875 0.0359375 0.0390625
0 0.8921875 0.665625 0.03125 0.034375
0 0.8953125 0.7015625 0.046875 0.0375
0 0.83671875 0.7375 0.04375 0.04375
0 0.62109375 0.78828125 0.0375 0.0328125
0 0.60390625 0.73359375 0.0375 0.0328125
0 0.69140625 0.85078125 0.0359375 0.034375
0 0.5890625 0.1546875 0.0265625 0.028125
0 0.525 0.17265625 0.040625 0.03125
0 0.60859375 0.15234375 0.028125 0.028125
0 0.76328125 0.14921875 0.0375 0.0296875
0 0.8125 0.1421875 0.0421875 0.0359375
0 0.54765625 0.29765625 0.04375 0.03125
0 0.228125 0.76328125 0.0328125 0.0296875
0 0.28203125 0.76171875 0.0359375 0.034375
0 0.33984375 0.8421875 0.0375 0.0421875