0 0.39765625 0.38125 0.034375 0.03125
0 0.4765625 0.3578125 0.03125 0.028125
0 0.61796875 0.27109375 0.0265625 0.0265625
0 0.63046875 0.24921875 0.03125 0.021875
0 0.6671875 0.2359375 0.03125 0.021875
0 0.71328125 0.22109375 0.0375 0.03125
0 0.7578125 0.24140625 0.0375 0.0234375
0 0.746875 0.30078125 0.028125 0.0328125
0 0.7609375 0.365625 0.028125 0.025
0 0.86875 0.409375 0.034375 0.021875
0 0.8859375 0.44453125 0.025 0.021875
0 0.9171875 0.37421875 0.0328125 0.025
0 0.8703125 0.32734375 0.03125 0.034375
0 0.875 0.27265625 0.028125 0.03125
0 0.87265625 0.2359375 0.0421875 0.0328125
0 0.809375 0.2109375 0.0375 0.0375
0 0.590625 0.19453125 0.034375 0.028125
0 0.58203125 0.25078125 0.034375 0.028125
0 0.64921875 0.12265625 0.0328125 0.0296875
0 0.65703125 0.81875 0.0234375 0.0265625
0 0.59140625 0.81171875 0.0375 0.025
0 0.6765625 0.81796875 0.025 0.025
0 0.82890625 0.79765625 0.034375 0.025
0 0.87734375 0.796875 0.0375 0.0296875
0 0.59453125 0.684375 0.040625 0.0265625
0 0.21015625 0.2796875 0.0296875 0.0265625
0 0.2625 0.27265625 0.0328125 0.0296875
0 0.30625 0.18515625 0.0328125 0.0375