0 0.6328125 0.5765625 0.0359375 0.0375
0 0.6484375 0.49453125 0.03125 0.034375
0 0.72109375 0.33984375 0.0296875 0.0296875
0 0.7421875 0.325 0.025 0.0328125
0 0.75234375 0.28515625 0.025 0.0328125
0 0.76171875 0.2375 0.0359375 0.040625
0 0.7375 0.19375 0.028125 0.0390625
0 0.678125 0.2109375 0.0359375 0.0328125
0 0.60859375 0.20390625 0.028125 0.03125
0 0.55390625 0.0984375 0.025 0.0359375
0 0.515625 0.08515625 0.0234375 0.0265625
0 0.584375 0.04609375 0.0296875 0.034375
0 0.63671875 0.08828125 0.0375 0.0359375
0 0.6921875 0.07734375 0.034375 0.03125
0 0.7296875 0.0765625 0.0375 0.046875
0 0.7625 0.1375 0.0421875 0.0421875
0 0.803125 0.36015625 0.0328125 0.0375
0 0.74609375 0.37421875 0.0328125 0.0375
0 0.86953125 0.2921875 0.0328125 0.0359375
0 0.1578125 0.35859375 0.028125 0.025
0 0.17265625 0.425 0.0296875 0.0390625
0 0.15625 0.33828125 0.028125 0.028125
0 0.16171875 0.18046875 0.0296875 0.0359375
0 0.15703125 0.13125 0.034375 0.040625
0 0.3015625 0.4078125 0.03125 0.04375
0 0.75703125 0.75625 0.0296875 0.0328125
0 0.75859375 0.703125 0.0328125 0.0359375
0 0.8421875 0.6484375 0.040625 0.0375