0 0.64765625 0.625 0.0359375 0.0328125
0 0.57109375 0.6640625 0.0328125 0.0296875
0 0.44140625 0.778125 0.0265625 0.0265625
0 0.43203125 0.803125 0.0328125 0.0234375
0 0.39609375 0.8234375 0.0328125 0.0234375
0 0.3515625 0.84609375 0.0390625 0.0328125
0 0.3015625 0.83515625 0.0390625 0.025
0 0.30234375 0.77109375 0.0296875 0.034375
0 0.2765625 0.70625 0.028125 0.025
0 0.15859375 0.68203125 0.0359375 0.0234375
0 0.134375 0.64921875 0.025 0.021875
0 0.1140625 0.7265625 0.034375 0.0265625
0 0.17109375 0.76640625 0.0328125 0.0359375
0 0.1765625 0.82421875 0.0296875 0.0328125
0 0.1859375 0.86015625 0.0453125 0.034375
0 0.25546875 0.875 0.0390625 0.0390625
0 0.4828125 0.853125 0.0359375 0.0296875
0 0.48125 0.79375 0.0359375 0.0296875
0 0.43515625 0.93671875 0.034375 0.03125
0 0.3015625 0.22265625 0.0234375 0.0265625
0 0.3703125 0.21796875 0.0390625 0.0265625
0 0.28046875 0.2265625 0.025 0.025
0 0.128125 0.275 0.0359375 0.0265625
0 0.07890625 0.28515625 0.0390625 0.03125
0 0.390625 0.34921875 0.0421875 0.0265625
0 0.85859375 0.69609375 0.03125 0.028125
0 0.80546875 0.7125 0.034375 0.03125
0 0.7765625 0.81015625 0.034375 0.0390625