0 0.3859375 0.63125 0.03125 0.034375
0 0.35390625 0.5515625 0.0265625 0.03125
0 0.2515625 0.41171875 0.025 0.025
0 0.22734375 0.40078125 0.0203125 0.03125
0 0.2109375 0.36328125 0.0203125 0.03125
0 0.19140625 0.3171875 0.03125 0.0375
0 0.20703125 0.26875 0.021875 0.0375
0 0.2703125 0.27421875 0.03125 0.0265625
0 0.3375 0.25390625 0.0234375 0.0265625
0 0.371875 0.13828125 0.0203125 0.034375
0 0.40703125 0.1171875 0.0203125 0.0234375
0 0.33125 0.09140625 0.0234375 0.03125
0 0.28671875 0.14453125 0.034375 0.03125
0 0.22890625 0.14453125 0.03125 0.0265625
0 0.1921875 0.15 0.03125 0.0421875
0 0.17109375 0.21796875 0.0375 0.0375
0 0.1734375 0.446875 0.0265625 0.034375
0 0.23359375 0.45078125 0.0265625 0.034375
0 0.09375 0.39296875 0.028125 0.03125
0 0.8171875 0.32109375 0.025 0.021875
0 0.815625 0.38984375 0.0234375 0.0375
0 0.81484375 0.3 0.0234375 0.0234375
0 0.7796875 0.14453125 0.0234375 0.034375
0 0.77421875 0.09375 0.028125 0.0375
0 0.68359375 0.3984375 0.0234375 0.040625
0 0.296875 0.834375 0.025 0.028125
0 0.28515625 0.78125 0.028125 0.03125
0 0.190625 0.74296875 0.0375 0.03125