0 0.6265625 0.5984375 0.0390625 0.0359375
0 0.55546875 0.64609375 0.034375 0.0328125
0 0.44140625 0.7734375 0.0296875 0.0296875
0 0.43671875 0.79921875 0.0328125 0.0265625
0 0.40390625 0.82421875 0.0328125 0.0265625
0 0.3625 0.8515625 0.0421875 0.0359375
0 0.3125 0.846875 0.040625 0.0296875
0 0.3046875 0.784375 0.0328125 0.0359375
0 0.27109375 0.7234375 0.03125 0.028125
0 0.15234375 0.71328125 0.0375 0.0265625
0 0.125 0.684375 0.0265625 0.025
0 0.11484375 0.7625 0.0359375 0.0296875
0 0.175 0.7953125 0.0359375 0.0390625
0 0.1875 0.85078125 0.0328125 0.034375
0 0.20078125 0.88515625 0.046875 0.0375
0 0.27109375 0.8921875 0.04375 0.04375
0 0.4921875 0.8421875 0.0390625 0.0328125
0 0.4828125 0.78359375 0.0390625 0.0328125
0 0.45546875 0.93046875 0.0359375 0.034375
0 0.23828125 0.2453125 0.0265625 0.0296875
0 0.3046875 0.23203125 0.040625 0.03125
0 0.21796875 0.2515625 0.028125 0.028125
0 0.07421875 0.31796875 0.0375 0.0296875
0 0.02578125 0.3328125 0.0421875 0.034375
0 0.33984375 0.35859375 0.04375 0.03125
0 0.8421875 0.64296875 0.0328125 0.0296875
0 0.7921875 0.665625 0.0359375 0.034375
0 0.775 0.76484375 0.0375 0.0421875