0 0.6265625 0.38359375 0.0359375 0.0328125
0 0.5453125 0.3640625 0.0328125 0.0296875
0 0.3984375 0.284375 0.028125 0.028125
0 0.384375 0.26328125 0.03125 0.0234375
0 0.34609375 0.2515625 0.03125 0.0234375
0 0.29921875 0.23984375 0.0390625 0.034375
0 0.2546875 0.26171875 0.0390625 0.0265625
0 0.26875 0.32109375 0.0296875 0.034375
0 0.25859375 0.38828125 0.028125 0.0265625
0 0.15234375 0.43671875 0.0359375 0.0234375
0 0.1375 0.47265625 0.025 0.021875
0 0.10234375 0.4046875 0.0328125 0.0265625
0 0.146875 0.3546875 0.0328125 0.0359375
0 0.1390625 0.29921875 0.0296875 0.0328125
0 0.1390625 0.2625 0.04375 0.034375
0 0.20234375 0.23359375 0.040625 0.040625
0 0.42109375 0.2046875 0.0359375 0.0296875
0 0.4328125 0.26171875 0.0359375 0.0296875
0 0.35859375 0.13671875 0.034375 0.03125
0 0.3875 0.83828125 0.025 0.0265625
0 0.45390625 0.82734375 0.0390625 0.028125
0 0.3671875 0.8390625 0.025 0.025
0 0.21328125 0.8265625 0.0359375 0.0265625
0 0.1640625 0.828125 0.0390625 0.0328125
0 0.44375 0.70078125 0.0421875 0.028125
0 0.809375 0.27109375 0.0296875 0.028125
0 0.75703125 0.2671875 0.034375 0.03125
0 0.7078125 0.18125 0.0359375 0.0390625