0 0.6125 0.384375 0.0328125 0.0296875
0 0.53671875 0.359375 0.0296875 0.0265625
0 0.4 0.2734375 0.025 0.025
0 0.38828125 0.2515625 0.0296875 0.0203125
0 0.35234375 0.23828125 0.0296875 0.0203125
0 0.30859375 0.2234375 0.0359375 0.0296875
0 0.2640625 0.24140625 0.0359375 0.0234375
0 0.2734375 0.3 0.0265625 0.03125
0 0.259375 0.36328125 0.0265625 0.0234375
0 0.15390625 0.403125 0.0328125 0.0203125
0 0.13671875 0.43671875 0.0234375 0.0203125
0 0.1078125 0.36875 0.03125 0.0234375
0 0.15390625 0.3234375 0.0296875 0.0328125
0 0.15 0.2703125 0.0265625 0.0296875
0 0.153125 0.23515625 0.040625 0.03125
0 0.21484375 0.21171875 0.0359375 0.0359375
0 0.428125 0.1984375 0.0328125 0.0265625
0 0.43515625 0.25390625 0.0328125 0.0265625
0 0.371875 0.128125 0.03125 0.028125
0 0.353125 0.8046875 0.021875 0.025
0 0.41640625 0.7984375 0.0359375 0.025
0 0.33359375 0.80390625 0.0234375 0.0234375
0 0.1859375 0.78125 0.0328125 0.0234375
0 0.1390625 0.7796875 0.0359375 0.028125
0 0.415625 0.67578125 0.0390625 0.025
0 0.79609375 0.28828125 0.028125 0.025
0 0.7453125 0.28046875 0.03125 0.028125
0 0.70390625 0.1953125 0.03125 0.0359375