0 0.42265625 0.38359375 0.034375 0.0375
0 0.378125 0.45546875 0.03125 0.034375
0 0.2546875 0.57421875 0.0296875 0.0296875
0 0.22890625 0.58046875 0.025 0.0328125
0 0.20546875 0.6140625 0.025 0.0328125
0 0.17890625 0.65625 0.0359375 0.040625
0 0.1859375 0.70625 0.028125 0.040625
0 0.2484375 0.7109375 0.0359375 0.03125
0 0.31015625 0.74296875 0.028125 0.0296875
0 0.32421875 0.8609375 0.0265625 0.0359375
0 0.3546875 0.8875 0.0234375 0.0265625
0 0.27734375 0.9 0.028125 0.034375
0 0.2421875 0.840625 0.0375 0.034375
0 0.1859375 0.83125 0.034375 0.03125
0 0.15078125 0.81875 0.0359375 0.0453125
0 0.14296875 0.7484375 0.0421875 0.0421875
0 0.184375 0.52578125 0.03125 0.0375
0 0.24296875 0.5328125 0.03125 0.0375
0 0.09765625 0.565625 0.0328125 0.0359375
0 0.78984375 0.759375 0.028125 0.0265625
0 0.8 0.69140625 0.0296875 0.040625
0 0.78359375 0.7796875 0.0265625 0.0265625
0 0.72265625 0.92578125 0.0296875 0.0375
0 0.709375 0.97421875 0.034375 0.040625
0 0.67265625 0.66171875 0.0296875 0.04375
0 0.37109375 0.16953125 0.0296875 0.0328125
0 0.35 0.21953125 0.0328125 0.0359375
0 0.2515625 0.240625 0.0421875 0.0375