0 0.3484375 0.63359375 0.0328125 0.0359375
0 0.321875 0.55078125 0.0296875 0.0328125
0 0.228125 0.403125 0.028125 0.028125
0 0.2046875 0.390625 0.021875 0.03125
0 0.18984375 0.3515625 0.021875 0.03125
0 0.1734375 0.30390625 0.0328125 0.0390625
0 0.19375 0.25625 0.025 0.0390625
0 0.25625 0.26640625 0.034375 0.0296875
0 0.32578125 0.25078125 0.025 0.0296875
0 0.36796875 0.13671875 0.021875 0.034375
0 0.40546875 0.11796875 0.021875 0.025
0 0.33046875 0.08671875 0.025 0.0328125
0 0.2828125 0.1359375 0.0359375 0.0328125
0 0.22421875 0.13203125 0.0328125 0.0296875
0 0.18671875 0.1359375 0.0328125 0.04375
0 0.16015625 0.203125 0.040625 0.040625
0 0.146875 0.43359375 0.0296875 0.0359375
0 0.20625 0.44140625 0.0296875 0.0359375
0 0.0703125 0.37265625 0.03125 0.034375
0 0.80390625 0.35234375 0.0265625 0.0234375
0 0.79765625 0.42109375 0.0265625 0.0390625
0 0.803125 0.33125 0.025 0.025
0 0.77890625 0.17109375 0.025 0.034375
0 0.77734375 0.1203125 0.03125 0.0390625
0 0.66484375 0.4203125 0.0265625 0.0421875
0 0.24375 0.8328125 0.028125 0.03125
0 0.2359375 0.778125 0.03125 0.034375
0 0.14296875 0.73359375 0.0390625 0.034375