0 0.6078125 0.3796875 0.028125 0.03125
0 0.6375 0.45390625 0.025 0.028125
0 0.7328125 0.58359375 0.0234375 0.0234375
0 0.75546875 0.59375 0.01875 0.028125
0 0.77109375 0.62890625 0.01875 0.028125
0 0.7890625 0.671875 0.028125 0.034375
0 0.77421875 0.7171875 0.0203125 0.034375
0 0.715625 0.71171875 0.0296875 0.025
0 0.653125 0.73046875 0.021875 0.025
0 0.62109375 0.83828125 0.01875 0.03125
0 0.58828125 0.8578125 0.01875 0.021875
0 0.65859375 0.88203125 0.021875 0.0296875
0 0.7 0.8328125 0.03125 0.028125
0 0.75390625 0.8328125 0.028125 0.025
0 0.78828125 0.82734375 0.028125 0.0390625
0 0.8078125 0.7640625 0.034375 0.034375
0 0.80546875 0.55078125 0.025 0.03125
0 0.75 0.54765625 0.025 0.03125
0 0.8796875 0.6015625 0.0265625 0.0296875
0 0.20625 0.66796875 0.0234375 0.0203125
0 0.2078125 0.60390625 0.021875 0.034375
0 0.20859375 0.6875 0.021875 0.021875
0 0.24140625 0.8328125 0.021875 0.03125
0 0.24609375 0.8796875 0.0265625 0.034375
0 0.33046875 0.59609375 0.021875 0.0375
0 0.690625 0.18984375 0.0234375 0.0265625
0 0.7015625 0.23984375 0.0265625 0.0296875
0 0.78984375 0.275 0.034375 0.0296875