0 0.4046875 0.36796875 0.0375 0.034375
0 0.48515625 0.35390625 0.034375 0.03125
0 0.63671875 0.28515625 0.028125 0.028125
0 0.65234375 0.265625 0.0328125 0.025
0 0.690625 0.25703125 0.0328125 0.025
0 0.7375 0.24765625 0.040625 0.0359375
0 0.7796875 0.27265625 0.0390625 0.028125
0 0.76171875 0.33046875 0.03125 0.0359375
0 0.76796875 0.396875 0.0296875 0.028125
0 0.86953125 0.453125 0.0359375 0.025
0 0.88125 0.48984375 0.0265625 0.0234375
0 0.92109375 0.42421875 0.034375 0.028125
0 0.88046875 0.37265625 0.034375 0.0375
0 0.89140625 0.31796875 0.03125 0.034375
0 0.89375 0.28203125 0.0453125 0.0359375
0 0.834375 0.24921875 0.0421875 0.0421875
0 0.61953125 0.20625 0.0359375 0.03125
0 0.6046875 0.2609375 0.0359375 0.03125
0 0.68671875 0.1421875 0.0359375 0.0328125
0 0.60859375 0.83359375 0.025 0.028125
0 0.54453125 0.81875 0.0390625 0.0296875
0 0.62890625 0.8359375 0.0265625 0.0265625
0 0.78203125 0.83359375 0.0359375 0.028125
0 0.83046875 0.83828125 0.040625 0.034375
0 0.56328125 0.69296875 0.0421875 0.0296875
0 0.23203125 0.24375 0.03125 0.0296875
0 0.28359375 0.24375 0.0359375 0.0328125
0 0.33828125 0.1625 0.0375 0.040625