0 0.3296875 0.58359375 0.0390625 0.0375
0 0.396875 0.6328125 0.034375 0.0328125
0 0.5046875 0.76171875 0.0296875 0.0296875
0 0.50859375 0.78828125 0.0328125 0.0265625
0 0.540625 0.81171875 0.0328125 0.0265625
0 0.5796875 0.84140625 0.0421875 0.0375
0 0.6296875 0.83828125 0.040625 0.0296875
0 0.6390625 0.7765625 0.0328125 0.0359375
0 0.6734375 0.71875 0.03125 0.028125
0 0.79140625 0.71328125 0.0359375 0.0265625
0 0.81953125 0.68515625 0.0265625 0.025
0 0.82578125 0.7625 0.0359375 0.0296875
0 0.765625 0.79140625 0.0375 0.0390625
0 0.7515625 0.84609375 0.0328125 0.034375
0 0.7375 0.8796875 0.046875 0.0390625
0 0.66796875 0.884375 0.04375 0.04375
0 0.453125 0.82734375 0.0375 0.0328125
0 0.4640625 0.7703125 0.0375 0.0328125
0 0.4859375 0.915625 0.0375 0.034375
0 0.7234375 0.24921875 0.0265625 0.028125
0 0.6578125 0.234375 0.040625 0.03125
0 0.74296875 0.25625 0.028125 0.028125
0 0.88125 0.3265625 0.0375 0.0296875
0 0.928125 0.34375 0.0421875 0.0359375
0 0.61953125 0.3578125 0.04375 0.03125
0 0.115625 0.6203125 0.0328125 0.0296875
0 0.1640625 0.64296875 0.0375 0.034375
0 0.17734375 0.7421875 0.0390625 0.0421875