0 0.38203125 0.63359375 0.0375 0.0328125
0 0.46484375 0.65546875 0.0328125 0.0296875
0 0.6140625 0.7390625 0.028125 0.028125
0 0.628125 0.7625 0.03125 0.0234375
0 0.6671875 0.7734375 0.03125 0.0234375
0 0.71484375 0.7875 0.040625 0.034375
0 0.7609375 0.76640625 0.0390625 0.0265625
0 0.74765625 0.7046875 0.0296875 0.034375
0 0.759375 0.6359375 0.0296875 0.0265625
0 0.86875 0.58828125 0.0359375 0.025
0 0.8859375 0.55078125 0.025 0.0234375
0 0.9203125 0.62265625 0.034375 0.0265625
0 0.8734375 0.671875 0.0328125 0.0375
0 0.88046875 0.7296875 0.0296875 0.0328125
0 0.8796875 0.76640625 0.0453125 0.034375
0 0.81484375 0.79609375 0.040625 0.040625
0 0.5890625 0.8203125 0.0359375 0.0296875
0 0.57890625 0.7625 0.0359375 0.0296875
0 0.65234375 0.89296875 0.0359375 0.03125
0 0.63515625 0.17109375 0.025 0.028125
0 0.5671875 0.18046875 0.0390625 0.028125
0 0.65625 0.1703125 0.0265625 0.0265625
0 0.8140625 0.18671875 0.0359375 0.028125
0 0.86484375 0.1859375 0.040625 0.0328125
0 0.575 0.31171875 0.0421875 0.028125
0 0.1921875 0.74609375 0.03125 0.028125
0 0.24609375 0.75078125 0.0359375 0.03125
0 0.29453125 0.83984375 0.0359375 0.040625