0 0.62265625 0.63828125 0.0296875 0.0328125
0 0.65546875 0.5625 0.0265625 0.0296875
0 0.75859375 0.4328125 0.025 0.025
0 0.7828125 0.4234375 0.0203125 0.0296875
0 0.8 0.38671875 0.0203125 0.0296875
0 0.8203125 0.34296875 0.0296875 0.0359375
0 0.80625 0.29609375 0.021875 0.0359375
0 0.74609375 0.3 0.03125 0.0265625
0 0.68203125 0.278125 0.0234375 0.0265625
0 0.653125 0.165625 0.0203125 0.0328125
0 0.61953125 0.14453125 0.0203125 0.0234375
0 0.69296875 0.121875 0.0234375 0.03125
0 0.734375 0.17421875 0.0328125 0.0296875
0 0.78984375 0.1765625 0.0296875 0.0265625
0 0.825 0.1828125 0.0296875 0.0421875
0 0.84296875 0.2484375 0.0359375 0.0359375
0 0.8328125 0.46875 0.0265625 0.0328125
0 0.77578125 0.46953125 0.0265625 0.0328125
0 0.9109375 0.41875 0.028125 0.03125
0 0.21953125 0.32578125 0.025 0.021875
0 0.21875 0.3921875 0.0234375 0.0359375
0 0.221875 0.30625 0.0234375 0.0234375
0 0.2609375 0.1578125 0.0234375 0.0328125
0 0.2671875 0.109375 0.028125 0.0359375
0 0.34453125 0.4046875 0.0234375 0.0390625
0 0.7015625 0.83671875 0.025 0.028125
0 0.7140625 0.7859375 0.028125 0.03125
0 0.80703125 0.753125 0.0359375 0.03125