0 0.3609375 0.4078125 0.0359375 0.034375
0 0.43046875 0.36484375 0.0328125 0.0296875
0 0.54296875 0.2453125 0.028125 0.028125
0 0.55 0.22109375 0.03125 0.025
0 0.5828125 0.19921875 0.03125 0.025
0 0.62265625 0.1734375 0.0390625 0.034375
0 0.6703125 0.18046875 0.0390625 0.0265625
0 0.67578125 0.240625 0.03125 0.034375
0 0.70546875 0.29921875 0.0296875 0.0265625
0 0.8203125 0.3125 0.034375 0.025
0 0.8453125 0.3421875 0.025 0.0234375
0 0.85703125 0.2671875 0.034375 0.028125
0 0.80078125 0.234375 0.034375 0.0359375
0 0.79140625 0.18046875 0.0296875 0.0328125
0 0.77890625 0.146875 0.04375 0.0359375
0 0.7125 0.13828125 0.040625 0.040625
0 0.496875 0.178125 0.0359375 0.03125
0 0.50390625 0.23515625 0.0359375 0.03125
0 0.5359375 0.09453125 0.034375 0.0328125
0 0.721875 0.7609375 0.025 0.028125
0 0.65703125 0.7703125 0.0390625 0.028125
0 0.740625 0.7546875 0.0265625 0.0265625
0 0.88203125 0.69609375 0.0359375 0.028125
0 0.928125 0.6828125 0.0390625 0.0328125
0 0.628125 0.6484375 0.0421875 0.0296875
0 0.1546875 0.3578125 0.03125 0.028125
0 0.203125 0.33828125 0.034375 0.0328125
0 0.2234375 0.24375 0.0359375 0.040625