0 0.39375 0.34609375 0.0328125 0.0359375
0 0.3546875 0.42109375 0.0296875 0.0328125
0 0.23984375 0.546875 0.028125 0.028125
0 0.21484375 0.5546875 0.021875 0.03125
0 0.19453125 0.58984375 0.021875 0.03125
0 0.17109375 0.6328125 0.0328125 0.0390625
0 0.18125 0.6828125 0.025 0.0375
0 0.24375 0.6828125 0.034375 0.0296875
0 0.30703125 0.71015625 0.0265625 0.028125
0 0.32890625 0.82578125 0.0234375 0.034375
0 0.3609375 0.85078125 0.021875 0.025
0 0.284375 0.86796875 0.0265625 0.0328125
0 0.24609375 0.81171875 0.0359375 0.0328125
0 0.18984375 0.80625 0.0328125 0.0296875
0 0.1546875 0.79609375 0.034375 0.04375
0 0.140625 0.728125 0.0390625 0.0390625
0 0.1671875 0.5046875 0.0296875 0.0359375
0 0.225 0.50625 0.0296875 0.0359375
0 0.08359375 0.54921875 0.03125 0.034375
0 0.78359375 0.69296875 0.0265625 0.0234375
0 0.78828125 0.625 0.0265625 0.0375
0 0.778125 0.71328125 0.025 0.025
0 0.728125 0.8625 0.0265625 0.034375
0 0.71875 0.9109375 0.03125 0.0390625
0 0.6609375 0.60390625 0.028125 0.0421875
0 0.32734375 0.1375 0.028125 0.03125
0 0.31015625 0.18828125 0.03125 0.034375
0 0.2140625 0.21640625 0.0390625 0.034375