0 0.6203125 0.3921875 0.03125 0.028125
0 0.54609375 0.3625 0.028125 0.025
0 0.41640625 0.2671875 0.0234375 0.0234375
0 0.40625 0.24453125 0.028125 0.01875
0 0.37109375 0.22890625 0.028125 0.01875
0 0.328125 0.2109375 0.034375 0.028125
0 0.2828125 0.22578125 0.034375 0.0203125
0 0.28828125 0.284375 0.025 0.0296875
0 0.26953125 0.346875 0.025 0.021875
0 0.16171875 0.37890625 0.03125 0.01875
0 0.1421875 0.41171875 0.021875 0.01875
0 0.11796875 0.34140625 0.0296875 0.021875
0 0.1671875 0.3 0.028125 0.03125
0 0.1671875 0.24609375 0.025 0.028125
0 0.17265625 0.21171875 0.0390625 0.028125
0 0.2359375 0.1921875 0.034375 0.034375
0 0.44921875 0.19453125 0.03125 0.025
0 0.45234375 0.25 0.03125 0.025
0 0.3984375 0.1203125 0.0296875 0.0265625
0 0.33203125 0.79375 0.0203125 0.0234375
0 0.39609375 0.7921875 0.034375 0.021875
0 0.3125 0.79140625 0.021875 0.021875
0 0.1671875 0.75859375 0.03125 0.021875
0 0.1203125 0.75390625 0.034375 0.0265625
0 0.40390625 0.66953125 0.0375 0.021875
0 0.81015625 0.309375 0.0265625 0.0234375
0 0.76015625 0.2984375 0.0296875 0.0265625
0 0.725 0.21015625 0.0296875 0.034375