0 0.63203125 0.590625 0.034375 0.0359375
0 0.65234375 0.509375 0.0296875 0.0328125
0 0.73203125 0.3609375 0.028125 0.028125
0 0.75390625 0.346875 0.0234375 0.0328125
0 0.76484375 0.3078125 0.0234375 0.0328125
0 0.77734375 0.2609375 0.034375 0.0390625
0 0.75625 0.215625 0.0265625 0.0390625
0 0.6953125 0.23046875 0.034375 0.03125
0 0.628125 0.21953125 0.0265625 0.0296875
0 0.57890625 0.1125 0.0234375 0.0359375
0 0.5421875 0.096875 0.021875 0.025
0 0.6109375 0.06171875 0.0265625 0.034375
0 0.66171875 0.10625 0.0359375 0.034375
0 0.7171875 0.0984375 0.0328125 0.0296875
0 0.75390625 0.09921875 0.034375 0.04375
0 0.78359375 0.16171875 0.040625 0.040625
0 0.8125 0.384375 0.03125 0.0359375
0 0.75546875 0.3953125 0.03125 0.0359375
0 0.88203125 0.32109375 0.0328125 0.034375
0 0.17265625 0.34921875 0.0265625 0.025
0 0.18359375 0.415625 0.028125 0.0390625
0 0.171875 0.32890625 0.025 0.025
0 0.18515625 0.1734375 0.0265625 0.0359375
0 0.1828125 0.12421875 0.0328125 0.0390625
0 0.3125 0.40625 0.028125 0.0421875
0 0.7453125 0.77578125 0.028125 0.03125
0 0.75 0.721875 0.0328125 0.034375
0 0.83671875 0.67265625 0.040625 0.0359375