0 0.3796875 0.3921875 0.03125 0.028125
0 0.45390625 0.3625 0.028125 0.025
0 0.58359375 0.2671875 0.0234375 0.0234375
0 0.59375 0.24453125 0.028125 0.01875
0 0.62890625 0.22890625 0.028125 0.01875
0 0.671875 0.2109375 0.034375 0.028125
0 0.7171875 0.22578125 0.034375 0.0203125
0 0.71171875 0.284375 0.025 0.0296875
0 0.73046875 0.346875 0.025 0.021875
0 0.83828125 0.37890625 0.03125 0.01875
0 0.8578125 0.41171875 0.021875 0.01875
0 0.88203125 0.34140625 0.0296875 0.021875
0 0.8328125 0.3 0.028125 0.03125
0 0.8328125 0.24609375 0.025 0.028125
0 0.82734375 0.21171875 0.0390625 0.028125
0 0.7640625 0.1921875 0.034375 0.034375
0 0.55078125 0.19453125 0.03125 0.025
0 0.54765625 0.25 0.03125 0.025
0 0.6015625 0.1203125 0.0296875 0.0265625
0 0.66796875 0.79375 0.0203125 0.0234375
0 0.60390625 0.7921875 0.034375 0.021875
0 0.6875 0.79140625 0.021875 0.021875
0 0.8328125 0.75859375 0.03125 0.021875
0 0.8796875 0.75390625 0.034375 0.0265625
0 0.59609375 0.66953125 0.0375 0.021875
0 0.18984375 0.309375 0.0265625 0.0234375
0 0.23984375 0.2984375 0.0296875 0.0265625
0 0.275 0.21015625 0.0296875 0.034375