0 0.79375 0.6390625 0.09375 0.096875
0 0.7515625 0.6828125 0.059375 0.0609375
0 0.92265625 0.740625 0.0515625 0.0578125
0 0.946875 0.70078125 0.0453125 0.05625
0 0.92578125 0.78828125 0.040625 0.059375
0 0.88046875 0.76875 0.059375 0.0578125
0 0.9125 0.69296875 0.0546875 0.0625
0 0.75703125 0.58671875 0.046875 0.0515625
0 0.73828125 0.72421875 0.0484375 0.046875
0 0.74765625 0.8015625 0.0546875 0.059375
0 0.64921875 0.66796875 0.0625 0.0703125
0 0.63828125 0.625 0.0515625 0.0609375
0 0.48359375 0.5734375 0.0765625 0.0828125
0 0.53828125 0.58671875 0.05 0.0609375
0 0.4484375 0.4421875 0.0671875 0.071875
0 0.40703125 0.50078125 0.0625 0.0734375
0 0.39375 0.5671875 0.065625 0.078125
0 0.34921875 0.61328125 0.0671875 0.0859375
0 0.27421875 0.603125 0.071875 0.0875
0 0.2875 0.47578125 0.065625 0.075
0 0.34921875 0.52890625 0.06875 0.078125
0 0.34609375 0.42578125 0.0671875 0.08125
0 0.6453125 0.4953125 0.053125 0.05625
0 0.58515625 0.5484375 0.0640625 0.0734375
0 0.575 0.4921875 0.05625 0.0640625
0 0.5296875 0.4734375 0.059375 0.0625
0 0.21796875 0.4015625 0.065625 0.078125
0 0.15625 0.56015625 0.0796875 0.096875