0 0.79296875 0.515625 0.0796875 0.084375
0 0.76875 0.5703125 0.0515625 0.053125
0 0.946875 0.56953125 0.0421875 0.0484375
0 0.96171875 0.52421875 0.0484375 0.0515625
0 0.97109375 0.6125 0.04375 0.05625
0 0.91640625 0.60859375 0.05 0.05
0 0.92265625 0.528125 0.046875 0.05625
0 0.74140625 0.47890625 0.0390625 0.0453125
0 0.76953125 0.61328125 0.0421875 0.040625
0 0.803125 0.6828125 0.046875 0.0515625
0 0.6671875 0.5890625 0.0515625 0.0625
0 0.64296875 0.55234375 0.04375 0.05625
0 0.4828125 0.5546875 0.0640625 0.0734375
0 0.5375 0.55 0.0421875 0.05625
0 0.40703125 0.44296875 0.0578125 0.0625
0 0.38671875 0.5109375 0.0515625 0.065625
0 0.396875 0.57734375 0.053125 0.071875
0 0.36875 0.63515625 0.053125 0.0796875
0 0.2953125 0.64921875 0.0578125 0.0796875
0 0.2671875 0.5265625 0.0546875 0.065625
0 0.3421875 0.55625 0.0578125 0.06875
0 0.30546875 0.46015625 0.0546875 0.0734375
0 0.60859375 0.42890625 0.0453125 0.0484375
0 0.56875 0.4984375 0.053125 0.065625
0 0.54140625 0.44921875 0.046875 0.0578125
0 0.49296875 0.4453125 0.05 0.053125
0 0.178125 0.4796875 0.053125 0.071875
0 0.17109375 0.646875 0.065625 0.0875