0 0.7921875 0.45078125 0.0734375 0.078125
0 0.7640625 0.4 0.0484375 0.05
0 0.9375 0.3859375 0.040625 0.0453125
0 0.9546875 0.42890625 0.0453125 0.0484375
0 0.95703125 0.3421875 0.040625 0.0515625
0 0.90390625 0.35 0.0484375 0.046875
0 0.91640625 0.428125 0.04375 0.0515625
0 0.7453125 0.4921875 0.0359375 0.0421875
0 0.7609375 0.35859375 0.0390625 0.0375
0 0.7875 0.28828125 0.04375 0.0484375
0 0.6640625 0.390625 0.0484375 0.059375
0 0.64296875 0.428125 0.040625 0.0515625
0 0.4859375 0.440625 0.059375 0.06875
0 0.540625 0.440625 0.0375 0.0515625
0 0.421875 0.55546875 0.053125 0.059375
0 0.396875 0.490625 0.0484375 0.0625
0 0.4 0.425 0.05 0.0671875
0 0.36875 0.371875 0.0484375 0.075
0 0.29609375 0.3640625 0.053125 0.075
0 0.27890625 0.4859375 0.0515625 0.0625
0 0.34921875 0.45 0.053125 0.065625
0 0.321875 0.546875 0.05 0.06875
0 0.61953125 0.5515625 0.04375 0.0453125
0 0.575 0.4875 0.05 0.0625
0 0.55234375 0.53828125 0.04375 0.053125
0 0.50546875 0.5453125 0.046875 0.0515625
0 0.196875 0.5390625 0.05 0.0671875
0 0.175 0.3765625 0.059375 0.08125