0 0.77890625 0.6234375 0.0921875 0.096875
0 0.73828125 0.66953125 0.059375 0.0609375
0 0.91328125 0.721875 0.05 0.0578125
0 0.94140625 0.68203125 0.05625 0.059375
0 0.92421875 0.771875 0.0515625 0.0609375
0 0.871875 0.7515625 0.059375 0.0578125
0 0.9015625 0.67421875 0.0546875 0.0625
0 0.7390625 0.571875 0.046875 0.0515625
0 0.72578125 0.7125 0.0484375 0.046875
0 0.73828125 0.790625 0.0546875 0.059375
0 0.63359375 0.6578125 0.0609375 0.0703125
0 0.6203125 0.6140625 0.0515625 0.0609375
0 0.46171875 0.5671875 0.075 0.0828125
0 0.5171875 0.57890625 0.05 0.0609375
0 0.42109375 0.4359375 0.065625 0.071875
0 0.38046875 0.49609375 0.0625 0.0734375
0 0.3703125 0.56484375 0.065625 0.0796875
0 0.3265625 0.61328125 0.065625 0.0875
0 0.25 0.6046875 0.0703125 0.0875
0 0.25859375 0.47578125 0.065625 0.0734375
0 0.32265625 0.528125 0.0671875 0.078125
0 0.315625 0.42265625 0.065625 0.08125
0 0.6234375 0.4828125 0.053125 0.05625
0 0.56328125 0.53828125 0.0640625 0.0734375
0 0.5515625 0.48203125 0.0546875 0.0640625
0 0.5046875 0.4640625 0.0578125 0.0625
0 0.1859375 0.403125 0.065625 0.0796875
0 0.128125 0.565625 0.078125 0.0953125