0 0.19453125 0.5171875 0.0828125 0.0875
0 0.21328125 0.46328125 0.053125 0.0546875
0 0.04140625 0.478125 0.0453125 0.05
0 0.03125 0.52421875 0.05 0.053125
0 0.01875 0.4390625 0.0375 0.05625
0 0.06796875 0.43828125 0.053125 0.0515625
0 0.06953125 0.5171875 0.0484375 0.05625
0 0.24765625 0.5484375 0.040625 0.046875
0 0.209375 0.421875 0.04375 0.0421875
0 0.17109375 0.3578125 0.0484375 0.053125
0 0.309375 0.4359375 0.0546875 0.0640625
0 0.3359375 0.46875 0.0453125 0.05625
0 0.49140625 0.4546875 0.0671875 0.075
0 0.43828125 0.4640625 0.04375 0.05625
0 0.5734375 0.55546875 0.059375 0.065625
0 0.58671875 0.4875 0.0546875 0.0671875
0 0.571875 0.42421875 0.0578125 0.071875
0 0.59375 0.3671875 0.05625 0.0796875
0 0.66328125 0.346875 0.0609375 0.08125
0 0.7015625 0.46328125 0.0578125 0.0671875
0 0.6265625 0.440625 0.0609375 0.071875
0 0.6703125 0.5296875 0.0578125 0.0734375
0 0.3796875 0.5859375 0.0484375 0.05
0 0.41328125 0.515625 0.05625 0.0671875
0 0.44296875 0.56015625 0.0484375 0.0578125
0 0.48984375 0.56015625 0.0515625 0.05625
0 0.790625 0.50078125 0.0578125 0.071875
0 0.78359375 0.3390625 0.0703125 0.0875