0 0.196875 0.55390625 0.0890625 0.0921875
0 0.2109375 0.496875 0.0578125 0.0578125
0 0.03984375 0.528125 0.05 0.0546875
0 0.0328125 0.57421875 0.0546875 0.0578125
0 0.0171875 0.490625 0.034375 0.059375
0 0.0625 0.48515625 0.05625 0.0546875
0 0.0703125 0.56328125 0.053125 0.0609375
0 0.253125 0.58125 0.04375 0.05
0 0.203125 0.45546875 0.046875 0.0453125
0 0.159375 0.3953125 0.053125 0.0578125
0 0.30546875 0.4625 0.059375 0.0671875
0 0.33515625 0.49296875 0.05 0.059375
0 0.48984375 0.46484375 0.071875 0.0796875
0 0.4375 0.47890625 0.0484375 0.059375
0 0.58125 0.55859375 0.0640625 0.06875
0 0.5890625 0.4890625 0.0609375 0.0703125
0 0.56796875 0.42734375 0.0625 0.0765625
0 0.58515625 0.36796875 0.0640625 0.0828125
0 0.653125 0.34140625 0.06875 0.084375
0 0.7015625 0.4546875 0.0625 0.071875
0 0.62421875 0.43828125 0.065625 0.075
0 0.67578125 0.52421875 0.0640625 0.078125
0 0.38984375 0.60625 0.0515625 0.0546875
0 0.415625 0.53203125 0.0625 0.0703125
0 0.45 0.575 0.053125 0.0625
0 0.49765625 0.5703125 0.05625 0.059375
0 0.79453125 0.484375 0.0625 0.0765625
0 0.77265625 0.32265625 0.075 0.0921875