0 0.79296875 0.46015625 0.0734375 0.078125
0 0.76484375 0.41015625 0.046875 0.0484375
0 0.93359375 0.39375 0.0390625 0.0453125
0 0.95234375 0.4359375 0.04375 0.0484375
0 0.953125 0.35078125 0.0390625 0.0515625
0 0.90078125 0.359375 0.046875 0.0453125
0 0.9140625 0.43515625 0.0421875 0.0515625
0 0.7484375 0.5 0.0359375 0.0421875
0 0.7609375 0.36953125 0.0390625 0.0375
0 0.7859375 0.3 0.0421875 0.0484375
0 0.6671875 0.40234375 0.046875 0.0578125
0 0.64765625 0.43984375 0.0390625 0.0515625
0 0.4953125 0.4546875 0.0578125 0.06875
0 0.54765625 0.45390625 0.0375 0.0515625
0 0.434375 0.56796875 0.0515625 0.0578125
0 0.40859375 0.5046875 0.046875 0.0609375
0 0.4109375 0.44140625 0.0484375 0.0671875
0 0.3796875 0.3890625 0.0484375 0.0734375
0 0.309375 0.3828125 0.053125 0.075
0 0.29375 0.50234375 0.05 0.0609375
0 0.36171875 0.46640625 0.0515625 0.065625
0 0.3375 0.56015625 0.0484375 0.06875
0 0.62734375 0.5609375 0.0421875 0.0453125
0 0.5828125 0.4984375 0.0484375 0.0609375
0 0.5609375 0.54765625 0.0421875 0.053125
0 0.51640625 0.55546875 0.0453125 0.05
0 0.21484375 0.55546875 0.0484375 0.0671875
0 0.19140625 0.39765625 0.059375 0.08125