0 0.78515625 0.46640625 0.078125 0.084375
0 0.7546875 0.4140625 0.0515625 0.053125
0 0.9359375 0.39453125 0.0421875 0.0484375
0 0.95625 0.440625 0.046875 0.0515625
0 0.95625 0.34921875 0.0421875 0.0546875
0 0.90078125 0.35859375 0.0515625 0.05
0 0.915625 0.43984375 0.0453125 0.0546875
0 0.7375 0.509375 0.0390625 0.0453125
0 0.75 0.36953125 0.0421875 0.040625
0 0.77734375 0.29453125 0.0453125 0.0515625
0 0.65 0.4046875 0.0515625 0.0625
0 0.6296875 0.44453125 0.0421875 0.0546875
0 0.46484375 0.4609375 0.0640625 0.0734375
0 0.52109375 0.459375 0.040625 0.0546875
0 0.4 0.5828125 0.05625 0.0625
0 0.37265625 0.51484375 0.0515625 0.065625
0 0.37421875 0.44609375 0.053125 0.071875
0 0.340625 0.390625 0.0515625 0.0796875
0 0.26484375 0.38359375 0.05625 0.0796875
0 0.2484375 0.51171875 0.0546875 0.065625
0 0.321875 0.4734375 0.05625 0.06875
0 0.29453125 0.57421875 0.053125 0.0734375
0 0.60625 0.575 0.0453125 0.0484375
0 0.55859375 0.5078125 0.053125 0.065625
0 0.5359375 0.5609375 0.0453125 0.05625
0 0.4875 0.5703125 0.05 0.0546875
0 0.16328125 0.56953125 0.053125 0.071875
0 0.13828125 0.39921875 0.0640625 0.0859375