0 0.80390625 0.453125 0.078125 0.08125
0 0.77421875 0.4015625 0.05 0.0515625
0 0.9484375 0.38203125 0.0421875 0.05
0 0.96875 0.42421875 0.046875 0.0515625
0 0.96796875 0.3359375 0.0421875 0.0546875
0 0.9140625 0.346875 0.05 0.0484375
0 0.9296875 0.425 0.0453125 0.0546875
0 0.7578125 0.49609375 0.0375 0.04375
0 0.76875 0.36015625 0.040625 0.0390625
0 0.79375 0.2875 0.0453125 0.0515625
0 0.671875 0.39609375 0.05 0.0609375
0 0.653125 0.43515625 0.0421875 0.0546875
0 0.49453125 0.45234375 0.0625 0.071875
0 0.54921875 0.45078125 0.040625 0.0546875
0 0.43359375 0.571875 0.0546875 0.0609375
0 0.40546875 0.50625 0.0515625 0.0640625
0 0.40703125 0.43984375 0.053125 0.0703125
0 0.37265625 0.38671875 0.0515625 0.078125
0 0.29921875 0.38203125 0.05625 0.078125
0 0.2859375 0.50625 0.0546875 0.0640625
0 0.35625 0.46796875 0.05625 0.06875
0 0.33125 0.565625 0.053125 0.071875
0 0.6328125 0.5609375 0.0453125 0.0484375
0 0.5859375 0.496875 0.053125 0.0640625
0 0.5640625 0.54921875 0.0453125 0.05625
0 0.51796875 0.5578125 0.0484375 0.053125
0 0.2046875 0.56328125 0.053125 0.0703125
0 0.17734375 0.3984375 0.0625 0.084375