0 0.78046875 0.584375 0.0828125 0.0875
0 0.74453125 0.62890625 0.053125 0.0546875
0 0.9078125 0.671875 0.0453125 0.05
0 0.9328125 0.63359375 0.05 0.0546875
0 0.91953125 0.7171875 0.046875 0.05625
0 0.8703125 0.7 0.053125 0.0515625
0 0.8953125 0.628125 0.05 0.05625
0 0.7421875 0.53828125 0.0421875 0.046875
0 0.734375 0.66796875 0.04375 0.0421875
0 0.7484375 0.73984375 0.0484375 0.053125
0 0.64765625 0.62109375 0.0546875 0.0640625
0 0.634375 0.58203125 0.046875 0.05625
0 0.48671875 0.54375 0.0671875 0.075
0 0.53828125 0.553125 0.0453125 0.05625
0 0.44453125 0.4234375 0.059375 0.0640625
0 0.41015625 0.48125 0.05625 0.0671875
0 0.40234375 0.54375 0.0578125 0.071875
0 0.36328125 0.58984375 0.0578125 0.0796875
0 0.2921875 0.584375 0.0625 0.0796875
0 0.296875 0.465625 0.059375 0.0671875
0 0.3578125 0.51171875 0.0609375 0.0703125
0 0.34765625 0.41484375 0.0578125 0.0734375
0 0.6328125 0.459375 0.0484375 0.05
0 0.57890625 0.5140625 0.0578125 0.0671875
0 0.56640625 0.46171875 0.05 0.0578125
0 0.52265625 0.446875 0.0515625 0.05625
0 0.22734375 0.40078125 0.0578125 0.071875
0 0.1796875 0.55234375 0.0703125 0.0875