0 0.79140625 0.4703125 0.0703125 0.075
0 0.76484375 0.4203125 0.0453125 0.046875
0 0.9328125 0.409375 0.0375 0.04375
0 0.95 0.4515625 0.0421875 0.046875
0 0.953125 0.3671875 0.0375 0.05
0 0.9015625 0.37421875 0.0453125 0.04375
0 0.9125 0.45 0.040625 0.05
0 0.7453125 0.50859375 0.034375 0.040625
0 0.7625 0.3796875 0.0375 0.0359375
0 0.78984375 0.31171875 0.040625 0.046875
0 0.66796875 0.409375 0.0453125 0.05625
0 0.64765625 0.4453125 0.0375 0.05
0 0.4953125 0.4546875 0.05625 0.065625
0 0.54765625 0.45546875 0.0359375 0.05
0 0.43125 0.56484375 0.05 0.05625
0 0.4078125 0.5015625 0.0453125 0.059375
0 0.4125 0.43828125 0.046875 0.0640625
0 0.3828125 0.3859375 0.0453125 0.071875
0 0.3125 0.37734375 0.05 0.071875
0 0.29375 0.4953125 0.0484375 0.059375
0 0.3625 0.46171875 0.05 0.0625
0 0.334375 0.5546875 0.046875 0.065625
0 0.62265625 0.56484375 0.040625 0.04375
0 0.58046875 0.5015625 0.046875 0.059375
0 0.5578125 0.55 0.040625 0.0515625
0 0.5125 0.55625 0.04375 0.0484375
0 0.21328125 0.5453125 0.046875 0.0640625
0 0.1953125 0.3875 0.05625 0.078125