0 0.8109375 0.5234375 0.078125 0.0828125
0 0.7875 0.57734375 0.05 0.0515625
0 0.9609375 0.57578125 0.0421875 0.05
0 0.97578125 0.53203125 0.046875 0.0515625
0 0.98203125 0.61796875 0.0359375 0.0546875
0 0.93203125 0.61484375 0.05 0.0484375
0 0.9375 0.5359375 0.0453125 0.0546875
0 0.7609375 0.4875 0.0375 0.0453125
0 0.78828125 0.61953125 0.0421875 0.0390625
0 0.82109375 0.68671875 0.0453125 0.0515625
0 0.68828125 0.59453125 0.0515625 0.0609375
0 0.66484375 0.559375 0.0421875 0.0546875
0 0.50703125 0.5609375 0.0625 0.071875
0 0.5609375 0.55625 0.040625 0.0546875
0 0.43359375 0.45234375 0.05625 0.0609375
0 0.4140625 0.51953125 0.0515625 0.0640625
0 0.4234375 0.58359375 0.053125 0.0703125
0 0.39609375 0.63984375 0.0515625 0.0765625
0 0.325 0.65390625 0.05625 0.078125
0 0.296875 0.53359375 0.0546875 0.0640625
0 0.3703125 0.56328125 0.05625 0.06875
0 0.334375 0.46953125 0.053125 0.071875
0 0.63046875 0.43828125 0.0453125 0.0484375
0 0.5921875 0.50703125 0.053125 0.0640625
0 0.565625 0.45859375 0.0453125 0.05625
0 0.51796875 0.4546875 0.0484375 0.053125
0 0.21015625 0.48828125 0.053125 0.0703125
0 0.20390625 0.6515625 0.0640625 0.084375