0 0.80703125 0.53828125 0.0875 0.090625
0 0.7921875 0.48203125 0.05625 0.05625
0 0.96171875 0.509375 0.046875 0.0515625
0 0.96875 0.55625 0.053125 0.05625
0 0.98359375 0.47265625 0.0328125 0.0578125
0 0.9390625 0.4671875 0.0546875 0.053125
0 0.93203125 0.54609375 0.0515625 0.059375
0 0.7515625 0.565625 0.04375 0.0484375
0 0.79921875 0.44140625 0.0453125 0.04375
0 0.8421875 0.38046875 0.0515625 0.05625
0 0.69765625 0.4484375 0.0578125 0.0671875
0 0.66875 0.4796875 0.0484375 0.0578125
0 0.515625 0.4546875 0.071875 0.078125
0 0.56796875 0.4671875 0.046875 0.0578125
0 0.42578125 0.54921875 0.0625 0.0671875
0 0.41796875 0.48125 0.059375 0.0703125
0 0.43671875 0.41875 0.0609375 0.075
0 0.41953125 0.36015625 0.0609375 0.08125
0 0.3515625 0.33515625 0.065625 0.0828125
0 0.3046875 0.4484375 0.0609375 0.0703125
0 0.38125 0.43125 0.0640625 0.0734375
0 0.33203125 0.5171875 0.0609375 0.0765625
0 0.6171875 0.59375 0.05 0.053125
0 0.58984375 0.52109375 0.059375 0.0703125
0 0.55625 0.56328125 0.0515625 0.0609375
0 0.509375 0.56015625 0.0546875 0.0578125
0 0.21328125 0.4796875 0.0609375 0.075
0 0.23203125 0.31875 0.075 0.090625