0 0.16015625 0.5359375 0.090625 0.09375
0 0.17734375 0.47734375 0.0578125 0.059375
0 0.0109375 0.503125 0.021875 0.053125
0 0.0078125 0.54765625 0.015625 0.0515625
0 0.02578125 0.459375 0.0515625 0.05625
0 0.02890625 0.5421875 0.0546875 0.0625
0 0.2171875 0.56640625 0.0453125 0.05
0 0.1703125 0.434375 0.0484375 0.0453125
0 0.1265625 0.36953125 0.053125 0.0578125
0 0.2765625 0.44453125 0.059375 0.06875
0 0.30625 0.478125 0.0515625 0.0609375
0 0.46796875 0.453125 0.0734375 0.08125
0 0.4125 0.465625 0.0484375 0.0609375
0 0.559375 0.55546875 0.065625 0.0703125
0 0.5703125 0.48359375 0.0609375 0.0734375
0 0.5515625 0.41796875 0.0625 0.078125
0 0.57109375 0.35625 0.0640625 0.0859375
0 0.6421875 0.33125 0.06875 0.0875
0 0.68828125 0.45078125 0.0640625 0.0734375
0 0.609375 0.43125 0.0671875 0.0765625
0 0.659375 0.52265625 0.0640625 0.0796875
0 0.35859375 0.59765625 0.053125 0.0546875
0 0.3890625 0.521875 0.0625 0.0734375
0 0.4234375 0.5671875 0.0546875 0.0640625
0 0.471875 0.5640625 0.05625 0.0609375
0 0.784375 0.4859375 0.0625 0.078125
0 0.76796875 0.31640625 0.0765625 0.09375