0 0.1890625 0.53671875 0.084375 0.0890625
0 0.20703125 0.48203125 0.0546875 0.05625
0 0.03515625 0.5 0.0453125 0.0515625
0 0.025 0.54609375 0.05 0.0546875
0 0.01484375 0.46171875 0.0296875 0.0578125
0 0.06015625 0.459375 0.0546875 0.053125
0 0.0625 0.53828125 0.05 0.0578125
0 0.2421875 0.56796875 0.0421875 0.046875
0 0.20234375 0.43984375 0.04375 0.0421875
0 0.1625 0.37578125 0.05 0.0546875
0 0.303125 0.453125 0.05625 0.065625
0 0.3296875 0.48515625 0.046875 0.0578125
0 0.48671875 0.46796875 0.06875 0.0765625
0 0.43359375 0.478125 0.0453125 0.0578125
0 0.57109375 0.56875 0.0609375 0.065625
0 0.58359375 0.5 0.05625 0.06875
0 0.5671875 0.43671875 0.059375 0.0734375
0 0.58828125 0.378125 0.059375 0.08125
0 0.65703125 0.35703125 0.0640625 0.0828125
0 0.69765625 0.4734375 0.059375 0.06875
0 0.62265625 0.4515625 0.0625 0.071875
0 0.6671875 0.540625 0.059375 0.075
0 0.3765625 0.60234375 0.05 0.0515625
0 0.40859375 0.53125 0.0578125 0.06875
0 0.43984375 0.57578125 0.05 0.059375
0 0.48671875 0.57421875 0.053125 0.0578125
0 0.78828125 0.509375 0.059375 0.0734375
0 0.778125 0.34609375 0.0703125 0.0890625