0 0.4703125 0.628125 0.028125 0.028125
0 0.44453125 0.5875 0.025 0.0265625
0 0.40078125 0.615625 0.01875 0.01875
0 0.4125 0.56015625 0.0203125 0.0203125
0 0.43515625 0.553125 0.0171875 0.0171875
0 0.42578125 0.43828125 0.0203125 0.0203125
0 0.39609375 0.51484375 0.0171875 0.01875
0 0.384375 0.57109375 0.0203125 0.0203125
0 0.43125 0.52265625 0.0203125 0.0203125
0 0.39765625 0.4484375 0.015625 0.0125
0 0.3671875 0.4859375 0.0234375 0.0203125
0 0.33671875 0.4671875 0.0234375 0.0203125
0 0.36484375 0.4328125 0.0203125 0.01875
0 0.425 0.41796875 0.01875 0.015625
0 0.340625 0.41171875 0.01875 0.0171875
0 0.3921875 0.38359375 0.01875 0.0171875
0 0.45078125 0.56171875 0.0203125 0.0203125