0 0.646875 0.584375 0.025 0.025
0 0.59921875 0.59453125 0.0234375 0.021875
0 0.61171875 0.64375 0.0171875 0.0171875
0 0.5640625 0.6140625 0.01875 0.01875
0 0.56484375 0.59140625 0.015625 0.0140625
0 0.45546875 0.56171875 0.01875 0.01875
0 0.5171875 0.61484375 0.0171875 0.015625
0 0.5640625 0.6453125 0.01875 0.01875
0 0.53671875 0.584375 0.01875 0.01875
0 0.45625 0.590625 0.0109375 0.0140625
0 0.48046875 0.63125 0.01875 0.021875
0 0.453125 0.65390625 0.01875 0.021875
0 0.43125 0.61640625 0.0171875 0.01875
0 0.4375 0.55546875 0.0140625 0.0171875
0 0.403125 0.63125 0.015625 0.0171875
0 0.39453125 0.57421875 0.015625 0.0171875
0 0.578125 0.5796875 0.01875 0.01875