0 0.5828125 0.3515625 0.025 0.025
0 0.603125 0.39609375 0.021875 0.0234375
0 0.64921875 0.37421875 0.0171875 0.0171875
0 0.6296875 0.42734375 0.01875 0.01875
0 0.6078125 0.43125 0.0140625 0.015625
0 0.6 0.54609375 0.01875 0.01875
0 0.64140625 0.47421875 0.015625 0.0171875
0 0.66015625 0.4203125 0.01875 0.01875
0 0.60625 0.46171875 0.01875 0.01875
0 0.62890625 0.53984375 0.0140625 0.0109375
0 0.66484375 0.50703125 0.021875 0.01875
0 0.6921875 0.52890625 0.021875 0.01875
0 0.66015625 0.559375 0.01875 0.0171875
0 0.5984375 0.565625 0.0171875 0.0140625
0 0.68046875 0.58359375 0.0171875 0.015625
0 0.6265625 0.6046875 0.0171875 0.015625
0 0.59296875 0.42109375 0.01875 0.01875