0 0.5375 0.6328125 0.0265625 0.0265625
0 0.55859375 0.5890625 0.0234375 0.025
0 0.60546875 0.61328125 0.01875 0.0171875
0 0.5875 0.55859375 0.01875 0.01875
0 0.5640625 0.55390625 0.015625 0.0171875
0 0.56171875 0.4375 0.01875 0.01875
0 0.6 0.51171875 0.015625 0.01875
0 0.61796875 0.56640625 0.01875 0.01875
0 0.56484375 0.5234375 0.01875 0.01875
0 0.590625 0.44453125 0.0140625 0.0125
0 0.62578125 0.4796875 0.021875 0.01875
0 0.65390625 0.4578125 0.021875 0.01875
0 0.62265625 0.4265625 0.0203125 0.0171875
0 0.56015625 0.41796875 0.0171875 0.0140625
0 0.64375 0.40234375 0.01875 0.015625
0 0.58984375 0.37890625 0.01875 0.015625
0 0.54921875 0.5640625 0.01875 0.01875