0 0.4390625 0.346875 0.025 0.025
0 0.41875 0.3890625 0.021875 0.0234375
0 0.37421875 0.36640625 0.0171875 0.015625
0 0.39140625 0.41796875 0.0171875 0.0171875
0 0.41328125 0.42265625 0.0140625 0.015625
0 0.41640625 0.53359375 0.0171875 0.0171875
0 0.3796875 0.4625 0.0140625 0.0171875
0 0.3625 0.41015625 0.0171875 0.0171875
0 0.41328125 0.4515625 0.0171875 0.0171875
0 0.38828125 0.52578125 0.0140625 0.0109375
0 0.3546875 0.49296875 0.021875 0.01875
0 0.32734375 0.51328125 0.021875 0.01875
0 0.3578125 0.54375 0.01875 0.015625
0 0.4171875 0.55234375 0.0171875 0.0125
0 0.3375 0.56640625 0.0171875 0.0140625
0 0.3890625 0.58828125 0.0171875 0.0140625
0 0.428125 0.41328125 0.0171875 0.0171875