0 0.5765625 0.3671875 0.021875 0.021875
0 0.5921875 0.41171875 0.01875 0.0203125
0 0.63828125 0.39375 0.015625 0.0140625
0 0.61640625 0.44296875 0.015625 0.015625
0 0.59453125 0.4453125 0.0125 0.0140625
0 0.5796875 0.55390625 0.015625 0.015625
0 0.6234375 0.48828125 0.0125 0.015625
0 0.6453125 0.43828125 0.015625 0.015625
0 0.59140625 0.47421875 0.015625 0.015625
0 0.6078125 0.55 0.0125 0.009375
0 0.64453125 0.521875 0.01875 0.015625
0 0.66875 0.54375 0.01875 0.015625
0 0.6359375 0.57109375 0.0171875 0.0140625
0 0.5765625 0.5734375 0.015625 0.0109375
0 0.65390625 0.5953125 0.015625 0.0125
0 0.60078125 0.61171875 0.015625 0.0125
0 0.58125 0.434375 0.015625 0.015625