0 0.56484375 0.35078125 0.025 0.025
0 0.5859375 0.3921875 0.021875 0.0234375
0 0.6296875 0.36875 0.0171875 0.015625
0 0.61328125 0.4203125 0.0171875 0.0171875
0 0.59140625 0.425 0.0140625 0.015625
0 0.59140625 0.53515625 0.0171875 0.0171875
0 0.6265625 0.46484375 0.0140625 0.0171875
0 0.6421875 0.4125 0.0171875 0.0171875
0 0.5921875 0.45390625 0.0171875 0.0171875
0 0.61796875 0.528125 0.0140625 0.0109375
0 0.65078125 0.49453125 0.0203125 0.01875
0 0.678125 0.51484375 0.0203125 0.01875
0 0.6484375 0.54453125 0.01875 0.0171875
0 0.590625 0.55390625 0.0171875 0.0125
0 0.66953125 0.5671875 0.0171875 0.0140625
0 0.61875 0.58984375 0.0171875 0.0140625
0 0.578125 0.41640625 0.0171875 0.0171875