0 0.4171875 0.36953125 0.021875 0.021875
0 0.403125 0.41328125 0.01875 0.0203125
0 0.35703125 0.396875 0.015625 0.0140625
0 0.38046875 0.44453125 0.015625 0.015625
0 0.40234375 0.44609375 0.0125 0.0140625
0 0.4203125 0.553125 0.015625 0.015625
0 0.375 0.48984375 0.0125 0.015625
0 0.3515625 0.44140625 0.015625 0.015625
0 0.40625 0.47421875 0.015625 0.015625
0 0.3921875 0.55 0.0125 0.009375
0 0.35546875 0.52265625 0.01875 0.015625
0 0.33203125 0.54609375 0.01875 0.015625
0 0.365625 0.57109375 0.0171875 0.0140625
0 0.4234375 0.57109375 0.015625 0.0109375
0 0.3484375 0.59609375 0.015625 0.0125
0 0.4015625 0.61015625 0.015625 0.0125
0 0.41484375 0.43515625 0.015625 0.015625