0 0.43984375 0.3578125 0.025 0.025
0 0.41875 0.40078125 0.021875 0.0234375
0 0.37421875 0.37734375 0.0171875 0.015625
0 0.39140625 0.42890625 0.0171875 0.0171875
0 0.41328125 0.434375 0.0140625 0.015625
0 0.41640625 0.5453125 0.0171875 0.0171875
0 0.3796875 0.47421875 0.0140625 0.0171875
0 0.3625 0.421875 0.0171875 0.0171875
0 0.41328125 0.4625 0.0171875 0.0171875
0 0.38828125 0.5375 0.0140625 0.0109375
0 0.3546875 0.5046875 0.021875 0.01875
0 0.32734375 0.525 0.021875 0.01875
0 0.3578125 0.5546875 0.01875 0.015625
0 0.4171875 0.56328125 0.0171875 0.0125
0 0.3375 0.578125 0.0171875 0.0140625
0 0.3890625 0.59921875 0.0171875 0.0140625
0 0.428125 0.42421875 0.0171875 0.0171875