0 0.375 0.37421875 0.0265625 0.0265625
0 0.42265625 0.3703125 0.025 0.0234375
0 0.41640625 0.31953125 0.01875 0.01875
0 0.459375 0.35546875 0.0203125 0.0203125
0 0.45625 0.37734375 0.0171875 0.015625
0 0.56015625 0.42109375 0.0203125 0.0203125
0 0.50703125 0.359375 0.01875 0.0171875
0 0.4625 0.325 0.0203125 0.0203125
0 0.48359375 0.38828125 0.0203125 0.0203125
0 0.56328125 0.39140625 0.0125 0.015625
0 0.54375 0.34765625 0.0203125 0.0234375
0 0.57421875 0.3296875 0.0203125 0.0234375
0 0.59140625 0.36953125 0.01875 0.0203125
0 0.57734375 0.428125 0.015625 0.01875
0 0.6203125 0.3578125 0.0171875 0.01875
0 0.621875 0.41484375 0.0171875 0.01875
0 0.4421875 0.3875 0.0203125 0.0203125