0 0.3875 0.59453125 0.028125 0.028125
0 0.38359375 0.54609375 0.025 0.0265625
0 0.33203125 0.5515625 0.01875 0.01875
0 0.3671875 0.5078125 0.0203125 0.0203125
0 0.390625 0.51171875 0.015625 0.0171875
0 0.434375 0.4046875 0.0203125 0.0203125
0 0.37265625 0.459375 0.0171875 0.01875
0 0.33671875 0.50390625 0.0203125 0.0203125
0 0.4015625 0.4828125 0.0203125 0.0203125
0 0.4046875 0.40078125 0.015625 0.0125
0 0.36015625 0.4203125 0.0234375 0.0203125
0 0.34140625 0.390625 0.0234375 0.0203125
0 0.3828125 0.37265625 0.0203125 0.01875
0 0.4421875 0.38671875 0.01875 0.015625
0 0.3703125 0.34296875 0.01875 0.0171875
0 0.42890625 0.340625 0.01875 0.0171875
0 0.40078125 0.52578125 0.0203125 0.0203125