0 0.56484375 0.3578125 0.025 0.025
0 0.584375 0.4 0.0203125 0.021875
0 0.628125 0.378125 0.0171875 0.015625
0 0.6109375 0.42890625 0.0171875 0.0171875
0 0.5890625 0.4328125 0.0140625 0.015625
0 0.584375 0.54140625 0.0171875 0.0171875
0 0.621875 0.4734375 0.0140625 0.0171875
0 0.6390625 0.42265625 0.0171875 0.0171875
0 0.5890625 0.46171875 0.0171875 0.0171875
0 0.6125 0.53515625 0.0140625 0.0109375
0 0.6453125 0.503125 0.0203125 0.0171875
0 0.67109375 0.5234375 0.0203125 0.0171875
0 0.64140625 0.553125 0.01875 0.015625
0 0.58359375 0.5609375 0.0171875 0.0125
0 0.6609375 0.5765625 0.0171875 0.0140625
0 0.61015625 0.596875 0.0171875 0.0140625
0 0.57578125 0.42265625 0.0171875 0.0171875