0 0.45078125 0.64453125 0.0265625 0.0265625
0 0.42734375 0.6046875 0.0234375 0.0234375
0 0.3859375 0.63125 0.01875 0.0171875
0 0.39765625 0.57890625 0.01875 0.01875
0 0.41875 0.57265625 0.015625 0.0171875
0 0.4125 0.4640625 0.01875 0.01875
0 0.38203125 0.5359375 0.015625 0.01875
0 0.3703125 0.58828125 0.01875 0.01875
0 0.41640625 0.54453125 0.01875 0.01875
0 0.3859375 0.4734375 0.0140625 0.0125
0 0.35625 0.50859375 0.021875 0.01875
0 0.328125 0.490625 0.021875 0.01875
0 0.3546875 0.4578125 0.0203125 0.0171875
0 0.4109375 0.4453125 0.0171875 0.0140625
0 0.3328125 0.4375 0.01875 0.015625
0 0.38125 0.41171875 0.01875 0.015625
0 0.43359375 0.58125 0.01875 0.01875