0 0.38984375 0.39296875 0.0265625 0.0265625
0 0.38515625 0.43984375 0.0234375 0.0234375
0 0.3359375 0.43359375 0.01875 0.0171875
0 0.3703125 0.47578125 0.01875 0.01875
0 0.39140625 0.471875 0.015625 0.0171875
0 0.434375 0.5734375 0.01875 0.01875
0 0.375 0.521875 0.015625 0.01875
0 0.34140625 0.47890625 0.01875 0.01875
0 0.40234375 0.49921875 0.01875 0.01875
0 0.40546875 0.57734375 0.0140625 0.0125
0 0.36328125 0.5578125 0.021875 0.01875
0 0.3453125 0.58671875 0.021875 0.01875
0 0.384375 0.60390625 0.0203125 0.0171875
0 0.44140625 0.590625 0.0171875 0.0140625
0 0.3734375 0.6328125 0.01875 0.015625
0 0.428125 0.634375 0.01875 0.015625
0 0.40234375 0.45859375 0.01875 0.01875