0 0.5265625 0.29375 0.05625 0.0484375
0 0.61171875 0.265625 0.0625 0.059375
0 0.678125 0.384375 0.053125 0.0484375
0 0.90859375 0.396875 0.0546875 0.0546875
0 0.9109375 0.434375 0.053125 0.046875
0 0.59375 0.4109375 0.0484375 0.04375
0 0.6 0.3671875 0.053125 0.05
0 0.634375 0.43125 0.0546875 0.0546875
0 0.6671875 0.45859375 0.0578125 0.05625
0 0.7203125 0.45234375 0.0484375 0.0578125
0 0.78046875 0.534375 0.059375 0.0578125
0 0.71328125 0.553125 0.059375 0.0578125
0 0.67421875 0.6171875 0.059375 0.05625
0 0.65859375 0.653125 0.0671875 0.0546875
0 0.3265625 0.7125 0.071875 0.05
0 0.0125 0.61015625 0.025 0.0609375
0 0.14375 0.86484375 0.0640625 0.071875
0 0.43203125 0.86328125 0.0359375 0.040625
0 0.371875 0.82578125 0.05 0.05
0 0.540625 0.8875 0.046875 0.05
0 0.58125 0.91484375 0.0453125 0.053125
0 0.590625 0.9703125 0.05 0.0515625
0 0.55625 0.978125 0.0390625 0.0390625
0 0.75234375 0.94296875 0.078125 0.065625
0 0.7015625 0.98046875 0.0625 0.0390625