0 0.6109375 0.634375 0.0375 0.0390625
0 0.5890625 0.6578125 0.03125 0.0328125
0 0.559375 0.55390625 0.0328125 0.0328125
0 0.53515625 0.4984375 0.025 0.028125
0 0.51796875 0.475 0.0296875 0.0359375
0 0.45859375 0.45703125 0.028125 0.028125
0 0.5265625 0.36015625 0.040625 0.040625
0 0.39609375 0.29609375 0.0328125 0.0296875
0 0.46484375 0.22734375 0.034375 0.0375
0 0.25703125 0.56484375 0.028125 0.025
0 0.30546875 0.640625 0.0296875 0.028125
0 0.33515625 0.65859375 0.0375 0.040625
0 0.3234375 0.61328125 0.028125 0.025
0 0.346875 0.6328125 0.0328125 0.0328125
0 0.42578125 0.63203125 0.0375 0.0375
0 0.43828125 0.8015625 0.0328125 0.0328125
0 0.32578125 0.75859375 0.0328125 0.0328125
0 0.34609375 0.85546875 0.0453125 0.04375
0 0.615625 0.9078125 0.0453125 0.0453125
0 0.65625 0.72578125 0.0296875 0.0328125
0 0.703125 0.69453125 0.0328125 0.0296875
0 0.753125 0.6703125 0.03125 0.0421875
0 0.6546875 0.78671875 0.0328125 0.034375
0 0.59921875 0.578125 0.0234375 0.025
0 0.565625 0.5734375 0.028125 0.0265625
0 0.56328125 0.58984375 0.025 0.03125
0 0.6015625 0.5609375 0.0359375 0.0359375
0 0.7125 0.72578125 0.0328125 0.0265625
0 0.2421875 0.60859375 0.03125 0.0359375