0 0.58359375 0.3484375 0.0328125 0.034375
0 0.55625 0.33359375 0.0265625 0.028125
0 0.56171875 0.4390625 0.028125 0.028125
0 0.55703125 0.4984375 0.021875 0.025
0 0.5484375 0.525 0.0265625 0.03125
0 0.5 0.56015625 0.025 0.025
0 0.5921875 0.62890625 0.0359375 0.0359375
0 0.4921875 0.72890625 0.028125 0.025
0 0.57890625 0.77109375 0.0296875 0.0328125
0 0.27890625 0.525 0.025 0.021875
0 0.29921875 0.440625 0.0265625 0.025
0 0.32109375 0.4140625 0.0328125 0.0359375
0 0.325 0.45859375 0.025 0.021875
0 0.340625 0.43359375 0.028125 0.028125
0 0.41328125 0.409375 0.0328125 0.0328125
0 0.37109375 0.24921875 0.028125 0.028125
0 0.28046875 0.325 0.028125 0.028125
0 0.26953125 0.228125 0.0390625 0.0375
0 0.50078125 0.0953125 0.0390625 0.0390625
0 0.596875 0.25 0.025 0.028125
0 0.65 0.2640625 0.028125 0.025
0 0.703125 0.2703125 0.0265625 0.0375
0 0.575 0.19375 0.0296875 0.0296875
0 0.59140625 0.40390625 0.0203125 0.0203125
0 0.56171875 0.41875 0.025 0.0234375
0 0.55390625 0.40546875 0.0203125 0.028125
0 0.59765625 0.41953125 0.03125 0.03125
0 0.6484375 0.23203125 0.0296875 0.021875
0 0.2515625 0.48984375 0.028125 0.03125