0 0.384375 0.3125 0.03125 0.0328125
0 0.41015625 0.29375 0.0265625 0.028125
0 0.41875 0.4 0.028125 0.028125
0 0.43203125 0.4578125 0.021875 0.025
0 0.44453125 0.48359375 0.025 0.03125
0 0.4984375 0.5125 0.025 0.025
0 0.41484375 0.59453125 0.0359375 0.0359375
0 0.52890625 0.68046875 0.028125 0.025
0 0.44921875 0.73359375 0.028125 0.0328125
0 0.7140625 0.446875 0.025 0.021875
0 0.68125 0.36484375 0.0265625 0.025
0 0.65625 0.340625 0.03125 0.034375
0 0.65859375 0.38671875 0.025 0.021875
0 0.63984375 0.36328125 0.028125 0.028125
0 0.56328125 0.34921875 0.03125 0.03125
0 0.5828125 0.18359375 0.028125 0.028125
0 0.68359375 0.2453125 0.028125 0.028125
0 0.68203125 0.1484375 0.0390625 0.0375
0 0.43125 0.04765625 0.0390625 0.0390625
0 0.3578125 0.215625 0.025 0.028125
0 0.30625 0.2375 0.028125 0.025
0 0.253125 0.25078125 0.025 0.0375
0 0.37109375 0.15625 0.028125 0.0296875
0 0.384375 0.36953125 0.01875 0.021875
0 0.41640625 0.37890625 0.025 0.0234375
0 0.421875 0.36484375 0.01875 0.028125
0 0.3796875 0.38515625 0.03125 0.0296875
0 0.30390625 0.20546875 0.0296875 0.021875
0 0.7359375 0.40703125 0.0265625 0.03125
4 0.81171875 0.2859375 0.046875 0.065625
4 0.78203125 0.22578125 0.040625 0.0421875
4 0.7546875 0.18984375 0.0421875 0.0421875
4 0.67109375 0.1140625 0.028125 0.040625
4 0.62890625 0.09765625 0.0484375 0.0375