0 0.49609375 0.71953125 0.0515625 0.04375
0 0.575 0.75234375 0.0578125 0.053125
0 0.64765625 0.6421875 0.0484375 0.04375
0 0.86796875 0.646875 0.0484375 0.0484375
0 0.87265625 0.6109375 0.0484375 0.0421875
0 0.56796875 0.6125 0.0453125 0.0390625
0 0.57109375 0.65546875 0.0484375 0.0453125
0 0.60859375 0.59609375 0.0484375 0.0484375
0 0.64140625 0.57109375 0.0515625 0.0515625
0 0.69140625 0.58125 0.04375 0.053125
0 0.97734375 0.4234375 0.0390625 0.04375
0 0.7546875 0.50703125 0.0546875 0.053125
0 0.69140625 0.48359375 0.0546875 0.053125
0 0.659375 0.4203125 0.053125 0.0515625
0 0.64609375 0.38515625 0.0625 0.0484375
0 0.33359375 0.30625 0.0671875 0.0453125
0 0.01875 0.38125 0.0375 0.05625
0 0.16875 0.1484375 0.05625 0.065625
0 0.44296875 0.16953125 0.0328125 0.0375
0 0.384375 0.2 0.0453125 0.0453125
0 0.5484375 0.15234375 0.0421875 0.0453125
0 0.590625 0.1296875 0.040625 0.0484375
0 0.60234375 0.07734375 0.0453125 0.046875
0 0.5703125 0.06796875 0.0359375 0.0359375
0 0.75546875 0.1140625 0.071875 0.059375
0 0.709375 0.065625 0.0578125 0.053125
0 0.68359375 0.01171875 0.0546875 0.0234375
0 0.903125 0.01328125 0.04375 0.0265625