0 0.41953125 0.30546875 0.05625 0.0484375
0 0.4859375 0.24921875 0.0625 0.0578125
0 0.5890625 0.33203125 0.053125 0.0484375
0 0.79921875 0.259375 0.053125 0.053125
0 0.81484375 0.29140625 0.053125 0.046875
0 0.521875 0.3859375 0.0484375 0.04375
0 0.51171875 0.34453125 0.053125 0.05
0 0.56484375 0.3890625 0.053125 0.053125
0 0.60546875 0.40234375 0.0578125 0.05625
0 0.65 0.37734375 0.0484375 0.05625
0 0.9765625 0.4359375 0.046875 0.05
0 0.734375 0.42890625 0.059375 0.0578125
0 0.68046875 0.4703125 0.059375 0.0578125
0 0.66953125 0.54140625 0.059375 0.05625
0 0.66796875 0.58046875 0.065625 0.0546875
0 0.3921875 0.753125 0.071875 0.0515625
0 0.06640625 0.7796875 0.0453125 0.0578125
0 0.2828125 0.95546875 0.0625 0.0703125
0 0.540625 0.85 0.0359375 0.040625
0 0.4734375 0.83828125 0.05 0.05
0 0.646875 0.8328125 0.046875 0.05
0 0.69375 0.8421875 0.0453125 0.0515625
0 0.721875 0.8890625 0.05 0.0515625
0 0.69375 0.90859375 0.0375 0.0375
0 0.85703125 0.80546875 0.078125 0.065625
0 0.82890625 0.8671875 0.0625 0.0578125
0 0.8234375 0.92890625 0.05625 0.0359375