0 0.3671875 0.63359375 0.034375 0.0359375
0 0.38828125 0.65625 0.028125 0.0296875
0 0.4140625 0.5578125 0.03125 0.03125
0 0.43671875 0.5046875 0.0234375 0.025
0 0.4515625 0.48359375 0.028125 0.0328125
0 0.50703125 0.46484375 0.0265625 0.0265625
0 0.4421875 0.37421875 0.0390625 0.0390625
0 0.56328125 0.3125 0.0296875 0.0265625
0 0.49765625 0.24921875 0.03125 0.0359375
0 0.6984375 0.5625 0.025 0.0234375
0 0.6546875 0.634375 0.028125 0.0265625
0 0.6265625 0.65234375 0.0359375 0.0375
0 0.63671875 0.61015625 0.025 0.0234375
0 0.615625 0.628125 0.03125 0.03125
0 0.540625 0.628125 0.034375 0.034375
0 0.53203125 0.7875 0.03125 0.03125
0 0.6375 0.74609375 0.03125 0.03125
0 0.61953125 0.83671875 0.0421875 0.040625
0 0.3671875 0.890625 0.0421875 0.0421875
0 0.3265625 0.7203125 0.0265625 0.0296875
0 0.28203125 0.69140625 0.0296875 0.0265625
0 0.234375 0.6703125 0.0296875 0.0390625
0 0.32890625 0.778125 0.03125 0.0328125
0 0.37734375 0.58046875 0.0203125 0.021875
0 0.40859375 0.5765625 0.0265625 0.025
0 0.41171875 0.59140625 0.021875 0.0296875
0 0.375 0.56484375 0.034375 0.0328125
0 0.27421875 0.72109375 0.03125 0.025
0 0.71328125 0.60390625 0.0296875 0.0328125