0 0.4265625 0.3046875 0.034375 0.0359375
0 0.45546875 0.29140625 0.028125 0.0296875
0 0.4421875 0.396875 0.0296875 0.0296875
0 0.44296875 0.45625 0.0234375 0.0265625
0 0.44921875 0.4828125 0.028125 0.0328125
0 0.4953125 0.521875 0.0265625 0.0265625
0 0.3984375 0.584375 0.0375 0.0375
0 0.490625 0.690625 0.0296875 0.0265625
0 0.40234375 0.72578125 0.03125 0.034375
0 0.71875 0.50234375 0.0265625 0.0234375
0 0.70390625 0.41640625 0.028125 0.0265625
0 0.68359375 0.38828125 0.034375 0.0375
0 0.6765625 0.4328125 0.0265625 0.0234375
0 0.66328125 0.40625 0.0296875 0.0296875
0 0.5921875 0.378125 0.034375 0.034375
0 0.6453125 0.22109375 0.0296875 0.0296875
0 0.7296875 0.3015625 0.0296875 0.0296875
0 0.74921875 0.20703125 0.040625 0.0390625
0 0.5265625 0.05703125 0.040625 0.040625
0 0.42109375 0.20546875 0.0265625 0.0296875
0 0.36640625 0.215625 0.0296875 0.0265625
0 0.3125 0.21796875 0.028125 0.0390625
0 0.44609375 0.15078125 0.03125 0.03125
0 0.415625 0.359375 0.0203125 0.021875
0 0.44375 0.37578125 0.0265625 0.025
0 0.45234375 0.3625 0.021875 0.0296875
0 0.40703125 0.37421875 0.034375 0.0328125
0 0.3703125 0.18359375 0.03125 0.0234375
0 0.74765625 0.46796875 0.0296875 0.0328125
4 0.84609375 0.36640625 0.0515625 0.06875
4 0.8296875 0.30234375 0.04375 0.0453125
4 0.809375 0.2625 0.0453125 0.0453125
4 0.74609375 0.17109375 0.0328125 0.04375
4 0.7078125 0.146875 0.0515625 0.040625