0 0.62109375 0.36015625 0.0328125 0.034375
0 0.6 0.33984375 0.028125 0.0296875
0 0.57734375 0.43671875 0.0296875 0.0296875
0 0.55703125 0.490625 0.021875 0.025
0 0.5421875 0.5125 0.0265625 0.03125
0 0.48828125 0.53203125 0.025 0.025
0 0.55546875 0.61953125 0.0359375 0.0359375
0 0.4375 0.68515625 0.028125 0.0265625
0 0.5046875 0.7453125 0.0296875 0.034375
0 0.29453125 0.4421875 0.025 0.021875
0 0.33671875 0.36953125 0.0265625 0.0265625
0 0.36328125 0.35078125 0.0328125 0.0359375
0 0.35546875 0.39296875 0.025 0.021875
0 0.37578125 0.37421875 0.0296875 0.0296875
0 0.4484375 0.37109375 0.0328125 0.0328125
0 0.45234375 0.2140625 0.0296875 0.0296875
0 0.35 0.25859375 0.0296875 0.0296875
0 0.3640625 0.16796875 0.040625 0.0390625
0 0.61171875 0.10625 0.040625 0.040625
0 0.65859375 0.27265625 0.0265625 0.028125
0 0.70390625 0.3 0.028125 0.0265625
0 0.7515625 0.31953125 0.028125 0.0375
0 0.65390625 0.21640625 0.0296875 0.03125
0 0.61328125 0.41328125 0.0203125 0.021875
0 0.5828125 0.41796875 0.025 0.0234375
0 0.578125 0.40390625 0.021875 0.028125
0 0.615625 0.42890625 0.0328125 0.03125
0 0.71015625 0.2703125 0.0296875 0.0234375
0 0.2796875 0.40234375 0.028125 0.0328125