0 0.4171875 0.69453125 0.0546875 0.0484375
0 0.47890625 0.75078125 0.0609375 0.0578125
0 0.58125 0.67421875 0.0515625 0.0484375
0 0.7828125 0.7515625 0.053125 0.053125
0 0.79921875 0.7203125 0.0515625 0.046875
0 0.51875 0.61953125 0.0484375 0.04375
0 0.50703125 0.659375 0.0515625 0.05
0 0.5609375 0.61796875 0.053125 0.053125
0 0.6 0.60625 0.05625 0.0546875
0 0.6421875 0.63203125 0.0484375 0.05625
0 0.96484375 0.5859375 0.053125 0.05
0 0.725 0.58515625 0.0578125 0.0578125
0 0.675 0.54296875 0.0578125 0.0578125
0 0.66640625 0.47421875 0.0578125 0.05625
0 0.66640625 0.43671875 0.0640625 0.0546875
0 0.40546875 0.26015625 0.0703125 0.0515625
0 0.084375 0.22109375 0.0578125 0.059375
0 0.30625 0.059375 0.0625 0.0703125
0 0.55234375 0.17109375 0.0359375 0.040625
0 0.4875 0.1796875 0.05 0.05
0 0.6546875 0.190625 0.046875 0.0484375
0 0.70078125 0.18359375 0.0453125 0.0515625
0 0.72890625 0.1390625 0.05 0.05
0 0.70234375 0.11953125 0.0375 0.0375
0 0.8578125 0.22421875 0.0765625 0.065625
0 0.83203125 0.1640625 0.0609375 0.0578125
0 0.83125 0.0921875 0.0609375 0.059375