0 0.33984375 0.6109375 0.0359375 0.034375
0 0.31796875 0.58828125 0.03125 0.0296875
0 0.42109375 0.56484375 0.03125 0.03125
0 0.4765625 0.54453125 0.0265625 0.0234375
0 0.5 0.52890625 0.034375 0.028125
0 0.5203125 0.47109375 0.028125 0.028125
0 0.6125 0.5421875 0.0390625 0.0390625
0 0.68046875 0.41875 0.028125 0.03125
0 0.74375 0.4890625 0.0359375 0.0328125
0 0.42578125 0.26953125 0.0234375 0.0265625
0 0.35 0.3125 0.028125 0.0296875
0 0.33046875 0.340625 0.0375 0.0359375
0 0.375 0.33203125 0.0234375 0.0265625
0 0.3546875 0.353125 0.03125 0.03125
0 0.3515625 0.43046875 0.034375 0.034375
0 0.18671875 0.434375 0.03125 0.03125
0 0.2328125 0.3265625 0.03125 0.03125
0 0.13828125 0.3421875 0.040625 0.0421875
0 0.0734375 0.6015625 0.0421875 0.0421875
0 0.2484375 0.65078125 0.03125 0.028125
0 0.27734375 0.69765625 0.028125 0.03125
0 0.29765625 0.74765625 0.0390625 0.0296875
0 0.18828125 0.64609375 0.0328125 0.03125
0 0.39609375 0.60234375 0.021875 0.021875
0 0.40078125 0.5703125 0.025 0.0265625
0 0.38671875 0.56640625 0.0296875 0.0234375
0 0.4125 0.60546875 0.0328125 0.034375
0 0.2453125 0.7046875 0.025 0.03125
0 0.38359375 0.253125 0.034375 0.0296875