0 0.42578125 0.3265625 0.0328125 0.034375
0 0.45390625 0.31328125 0.0265625 0.028125
0 0.44453125 0.415625 0.028125 0.028125
0 0.44765625 0.47421875 0.021875 0.025
0 0.4546875 0.5 0.0265625 0.03125
0 0.50078125 0.53671875 0.025 0.025
0 0.4078125 0.60078125 0.0359375 0.0359375
0 0.50234375 0.7015625 0.028125 0.025
0 0.4171875 0.7390625 0.0296875 0.0328125
0 0.71875 0.509375 0.025 0.021875
0 0.70078125 0.4265625 0.0265625 0.025
0 0.68046875 0.39921875 0.0328125 0.0359375
0 0.675 0.44375 0.025 0.021875
0 0.6609375 0.41796875 0.028125 0.028125
0 0.590625 0.3921875 0.0328125 0.0328125
0 0.63671875 0.2375 0.028125 0.028125
0 0.72265625 0.3140625 0.028125 0.028125
0 0.7375 0.2203125 0.0390625 0.0375
0 0.515625 0.08125 0.0390625 0.0390625
0 0.41640625 0.2296875 0.025 0.028125
0 0.3640625 0.24140625 0.028125 0.025
0 0.31171875 0.24609375 0.0265625 0.0375
0 0.43984375 0.17578125 0.0296875 0.0296875
0 0.4171875 0.38125 0.0203125 0.021875
0 0.4453125 0.3953125 0.025 0.0234375
0 0.45390625 0.38359375 0.0203125 0.028125
0 0.409375 0.3953125 0.03125 0.03125
0 0.3671875 0.2109375 0.0296875 0.0234375
0 0.74609375 0.47578125 0.028125 0.03125