0 0.57578125 0.271875 0.0578125 0.0515625
0 0.50859375 0.2125 0.065625 0.0609375
0 0.39921875 0.296875 0.0546875 0.0515625
0 0.18203125 0.2171875 0.05625 0.05625
0 0.16484375 0.25078125 0.0546875 0.05
0 0.46796875 0.35390625 0.0515625 0.0453125
0 0.48046875 0.3109375 0.05625 0.053125
0 0.4234375 0.35625 0.05625 0.05625
0 0.38125 0.36953125 0.059375 0.0578125
0 0.33515625 0.34296875 0.0515625 0.059375
0 0.246875 0.3953125 0.0625 0.0609375
0 0.3015625 0.43984375 0.0625 0.0609375
0 0.31171875 0.51328125 0.0625 0.059375
0 0.31328125 0.553125 0.06875 0.0578125
0 0.59609375 0.7390625 0.075 0.0546875
0 0.934375 0.7734375 0.0421875 0.059375
0 0.70703125 0.9515625 0.0671875 0.075
0 0.440625 0.83671875 0.0375 0.0421875
0 0.509375 0.82578125 0.053125 0.053125
0 0.33046875 0.81796875 0.05 0.0515625
0 0.28125 0.82578125 0.0484375 0.0546875
0 0.25078125 0.87421875 0.053125 0.0546875
0 0.2796875 0.89453125 0.040625 0.040625
0 0.1109375 0.784375 0.08125 0.0703125
0 0.140625 0.84921875 0.065625 0.0609375
0 0.146875 0.91640625 0.059375 0.040625