0 0.59296875 0.659375 0.028125 0.0296875
0 0.56796875 0.67578125 0.0234375 0.025
0 0.56484375 0.57578125 0.025 0.025
0 0.55546875 0.5203125 0.01875 0.021875
0 0.5453125 0.49609375 0.021875 0.028125
0 0.49609375 0.46640625 0.021875 0.021875
0 0.578125 0.39375 0.03125 0.03125
0 0.47578125 0.3078125 0.025 0.021875
0 0.553125 0.26171875 0.025 0.0296875
0 0.290625 0.51796875 0.021875 0.01875
0 0.3171875 0.59609375 0.0234375 0.021875
0 0.33984375 0.61953125 0.028125 0.03125
0 0.33984375 0.5765625 0.021875 0.01875
0 0.35625 0.59921875 0.025 0.025
0 0.42734375 0.615625 0.028125 0.028125
0 0.40078125 0.7703125 0.025 0.025
0 0.309375 0.70703125 0.025 0.025
0 0.30625 0.7984375 0.034375 0.0328125
0 0.5359375 0.90546875 0.034375 0.034375
0 0.61328125 0.7515625 0.021875 0.025
0 0.6625 0.73359375 0.025 0.021875
0 0.7125 0.7234375 0.021875 0.034375
0 0.59765625 0.80625 0.025 0.0265625
0 0.5953125 0.60625 0.0171875 0.01875
0 0.56640625 0.5953125 0.021875 0.0203125
0 0.56015625 0.60859375 0.0171875 0.025
0 0.60078125 0.59140625 0.028125 0.0265625
0 0.66328125 0.7640625 0.0265625 0.01875
0 0.26796875 0.55390625 0.0234375 0.028125