0 0.4765625 0.70703125 0.053125 0.04375
0 0.55 0.75625 0.059375 0.0546875
0 0.6453125 0.65859375 0.05 0.0453125
0 0.86953125 0.70625 0.0515625 0.0515625
0 0.88203125 0.6703125 0.05 0.04375
0 0.5703125 0.61171875 0.0453125 0.040625
0 0.56484375 0.65546875 0.05 0.046875
0 0.6140625 0.603125 0.0515625 0.0515625
0 0.653125 0.584375 0.0546875 0.053125
0 0.70234375 0.6046875 0.04375 0.0546875
0 0.78203125 0.54140625 0.05625 0.0546875
0 0.721875 0.50546875 0.05625 0.0546875
0 0.7015625 0.434375 0.05625 0.053125
0 0.6953125 0.3953125 0.0640625 0.05
0 0.39140625 0.253125 0.0703125 0.0453125
0 0.04765625 0.26484375 0.0546875 0.0578125
0 0.25390625 0.05859375 0.0578125 0.0671875
0 0.53125 0.13515625 0.0328125 0.0390625
0 0.4640625 0.1546875 0.046875 0.046875
0 0.64140625 0.1390625 0.04375 0.046875
0 0.6890625 0.1234375 0.0421875 0.05
0 0.71171875 0.07265625 0.046875 0.0484375
0 0.68046875 0.05625 0.0359375 0.0359375
0 0.8609375 0.140625 0.0734375 0.0609375
0 0.8234375 0.08125 0.059375 0.0546875