0 0.51796875 0.721875 0.05 0.040625
0 0.44140625 0.76484375 0.0546875 0.05
0 0.3546875 0.6625 0.046875 0.0421875
0 0.13046875 0.69375 0.046875 0.046875
0 0.1203125 0.65859375 0.046875 0.040625
0 0.43203125 0.621875 0.04375 0.0359375
0 0.434375 0.665625 0.046875 0.04375
0 0.38828125 0.61015625 0.046875 0.046875
0 0.3515625 0.58828125 0.05 0.0484375
0 0.3015625 0.6046875 0.040625 0.0515625
0 0.22890625 0.5375 0.0515625 0.05
0 0.2890625 0.50625 0.0515625 0.05
0 0.31484375 0.4375 0.0515625 0.0484375
0 0.32421875 0.4 0.059375 0.0453125
0 0.63203125 0.28046875 0.065625 0.040625
0 0.96953125 0.315625 0.05 0.053125
0 0.78046875 0.09921875 0.053125 0.0640625
0 0.503125 0.1546875 0.0296875 0.0359375
0 0.5671875 0.17890625 0.04375 0.04375
0 0.39375 0.15078125 0.0390625 0.04375
0 0.3484375 0.1328125 0.0390625 0.046875
0 0.3296875 0.08125 0.04375 0.0453125
0 0.3609375 0.0671875 0.0328125 0.0328125
0 0.178125 0.1375 0.0703125 0.0546875
0 0.21953125 0.08203125 0.0546875 0.05
0 0.2359375 0.01953125 0.053125 0.03125
0 0.0171875 0.0390625 0.034375 0.053125