0 0.6296875 0.34140625 0.0328125 0.034375
0 0.60546875 0.321875 0.028125 0.0296875
0 0.58984375 0.42734375 0.0296875 0.0296875
0 0.57421875 0.484375 0.021875 0.025
0 0.5609375 0.50859375 0.0265625 0.03125
0 0.50546875 0.53515625 0.025 0.025
0 0.58359375 0.6203125 0.0375 0.0375
0 0.46640625 0.7 0.028125 0.0265625
0 0.54296875 0.7578125 0.0296875 0.034375
0 0.29375 0.45703125 0.025 0.021875
0 0.33046875 0.37734375 0.0265625 0.0265625
0 0.35703125 0.35546875 0.0328125 0.0359375
0 0.35234375 0.4015625 0.025 0.021875
0 0.371875 0.37890625 0.0296875 0.0296875
0 0.44921875 0.36953125 0.0328125 0.0328125
0 0.43828125 0.203125 0.0296875 0.0296875
0 0.33515625 0.259375 0.0296875 0.0296875
0 0.34140625 0.1625 0.040625 0.0390625
0 0.596875 0.075 0.040625 0.040625
0 0.6609375 0.246875 0.0265625 0.028125
0 0.7109375 0.27109375 0.028125 0.0265625
0 0.7625 0.2875 0.0265625 0.0390625
0 0.65078125 0.18671875 0.0296875 0.03125
0 0.6265625 0.39765625 0.0203125 0.021875
0 0.59375 0.40625 0.025 0.0234375
0 0.5890625 0.39140625 0.0203125 0.028125
0 0.6296875 0.4140625 0.0328125 0.03125
0 0.71484375 0.2390625 0.0296875 0.0234375
0 0.2734375 0.4171875 0.028125 0.0328125