0 0.46640625 0.70859375 0.046875 0.0375
0 0.53984375 0.7484375 0.0515625 0.046875
0 0.62109375 0.64921875 0.04375 0.0390625
0 0.83515625 0.67578125 0.04375 0.04375
0 0.84375 0.64140625 0.04375 0.0375
0 0.546875 0.61171875 0.040625 0.034375
0 0.5453125 0.653125 0.04375 0.040625
0 0.5875 0.6 0.04375 0.04375
0 0.62265625 0.57890625 0.046875 0.0453125
0 0.6703125 0.59375 0.0375 0.0484375
0 0.971875 0.47109375 0.0453125 0.040625
0 0.7390625 0.528125 0.0484375 0.046875
0 0.68046875 0.49921875 0.0484375 0.046875
0 0.65546875 0.434375 0.0484375 0.0453125
0 0.64609375 0.3984375 0.05625 0.0421875
0 0.35 0.28984375 0.0625 0.0375
0 0.02890625 0.3296875 0.046875 0.05
0 0.20546875 0.11953125 0.05 0.059375
0 0.47109375 0.16796875 0.028125 0.034375
0 0.41015625 0.1921875 0.040625 0.040625
0 0.575 0.1625 0.0375 0.040625
0 0.61796875 0.14453125 0.0359375 0.04375
0 0.63515625 0.09453125 0.040625 0.0421875
0 0.6046875 0.08203125 0.03125 0.03125
0 0.78046875 0.14609375 0.065625 0.0515625
0 0.740625 0.09375 0.0515625 0.046875
0 0.72265625 0.02421875 0.05 0.0484375
0 0.93515625 0.04921875 0.0375 0.05