0 0.7 0.565625 0.0453125 0.053125
0 0.753125 0.4984375 0.05625 0.059375
0 0.66796875 0.3984375 0.046875 0.05
0 0.7328125 0.18828125 0.0515625 0.0515625
0 0.69921875 0.1734375 0.0453125 0.05
0 0.6171875 0.4671875 0.0421875 0.046875
0 0.6578125 0.4765625 0.0484375 0.0515625
0 0.6125 0.42421875 0.0515625 0.0515625
0 0.59765625 0.384375 0.053125 0.0546875
0 0.62109375 0.33984375 0.0546875 0.046875
0 0.55 0.02109375 0.046875 0.0421875
0 0.5671875 0.25859375 0.05625 0.05625
0 0.52734375 0.3125 0.05625 0.05625
0 0.4578125 0.32578125 0.0546875 0.05625
0 0.41953125 0.3296875 0.053125 0.0640625
0 0.2578125 0.6078125 0.0484375 0.0703125
0 0.24140625 0.93828125 0.0578125 0.0546875
0 0.0609375 0.7234375 0.06875 0.0609375
0 0.15625 0.46484375 0.0390625 0.034375
0 0.1703125 0.5296875 0.0484375 0.0484375
0 0.16953125 0.359375 0.046875 0.0453125
0 0.159375 0.3125 0.05 0.04375
0 0.11171875 0.28671875 0.05 0.0484375
0 0.09375 0.31484375 0.0375 0.0375
0 0.18984375 0.14921875 0.0625 0.075
0 0.1296875 0.1796875 0.05625 0.059375
0 0.06484375 0.1890625 0.0421875 0.05625