4 0.30703125 0.03125 0.1203125 0.0625
4 0.18125 0.04453125 0.1203125 0.078125
4 0.39375 0.0140625 0.08125 0.028125
0 0.6140625 0.2625 0.05625 0.0484375
0 0.54375 0.20625 0.0640625 0.059375
0 0.43984375 0.29609375 0.053125 0.05
0 0.21796875 0.228125 0.0546875 0.0546875
0 0.203125 0.2625 0.053125 0.0484375
0 0.51171875 0.35 0.05 0.04375
0 0.5203125 0.30625 0.053125 0.0515625
0 0.46640625 0.3546875 0.0546875 0.0546875
0 0.425 0.3703125 0.0578125 0.05625
0 0.37734375 0.3453125 0.0484375 0.059375
0 0.0359375 0.41875 0.0546875 0.0515625
0 0.29296875 0.40234375 0.0609375 0.0578125
0 0.34921875 0.44296875 0.0609375 0.0578125
0 0.36328125 0.5171875 0.059375 0.05625
0 0.36640625 0.55625 0.0671875 0.0546875
0 0.659375 0.7265625 0.0734375 0.0515625
0 0.78046875 0.93359375 0.0640625 0.071875
0 0.50859375 0.8328125 0.0359375 0.0421875
0 0.578125 0.81875 0.05 0.05
0 0.39765625 0.81875 0.046875 0.05
0 0.34921875 0.83046875 0.0453125 0.053125
0 0.32109375 0.88046875 0.0515625 0.0515625
0 0.35078125 0.89921875 0.0390625 0.0390625
0 0.17734375 0.7984375 0.078125 0.0671875
0 0.209375 0.8609375 0.0640625 0.059375
0 0.215625 0.934375 0.0609375 0.0546875
0 0.01015625 0.871875 0.0203125 0.059375