0 0.4078125 0.653125 0.0296875 0.03125
0 0.4328125 0.67109375 0.025 0.0265625
0 0.43828125 0.56796875 0.0265625 0.0265625
0 0.44921875 0.51015625 0.0203125 0.0234375
0 0.459375 0.48515625 0.0234375 0.0296875
0 0.5109375 0.45546875 0.0234375 0.0234375
0 0.428125 0.37890625 0.0328125 0.0328125
0 0.53515625 0.29296875 0.0265625 0.0234375
0 0.45625 0.24375 0.0265625 0.03125
0 0.72265625 0.5125 0.0234375 0.0203125
0 0.69375 0.59296875 0.025 0.0234375
0 0.66953125 0.6171875 0.0296875 0.0328125
0 0.6703125 0.57265625 0.0234375 0.0203125
0 0.653125 0.5953125 0.0265625 0.0265625
0 0.5796875 0.6109375 0.0296875 0.0296875
0 0.60390625 0.77109375 0.0265625 0.0265625
0 0.69921875 0.70703125 0.0265625 0.0265625
0 0.70078125 0.80234375 0.0359375 0.034375
0 0.4625 0.9078125 0.0359375 0.0359375
0 0.38515625 0.74765625 0.0234375 0.0265625
0 0.33515625 0.728125 0.0265625 0.0234375
0 0.2828125 0.7171875 0.0234375 0.0359375
0 0.4 0.8046875 0.0265625 0.028125
0 0.40625 0.5984375 0.01875 0.0203125
0 0.43671875 0.58828125 0.0234375 0.021875
0 0.44296875 0.6015625 0.01875 0.0265625
0 0.40078125 0.5828125 0.0296875 0.028125
0 0.33359375 0.76015625 0.028125 0.0203125
0 0.7453125 0.55 0.025 0.0296875