0 0.69453125 0.53984375 0.0375 0.0359375
0 0.7046875 0.5109375 0.03125 0.0296875
0 0.6015625 0.5328125 0.0328125 0.0328125
0 0.54296875 0.5375 0.0265625 0.025
0 0.515625 0.5328125 0.034375 0.0296875
0 0.4734375 0.490625 0.028125 0.028125
0 0.4203125 0.5921875 0.0390625 0.0390625
0 0.30703125 0.51015625 0.028125 0.03125
0 0.2796875 0.60078125 0.0375 0.0328125
0 0.4734375 0.26796875 0.025 0.0265625
0 0.56015625 0.27578125 0.028125 0.0296875
0 0.5890625 0.2921875 0.0390625 0.0375
0 0.54609375 0.303125 0.025 0.0265625
0 0.57265625 0.3140625 0.0328125 0.0328125
0 0.6078125 0.3828125 0.0359375 0.0359375
0 0.75859375 0.31640625 0.0328125 0.0328125
0 0.67109375 0.2390625 0.0328125 0.0328125
0 0.7625 0.21328125 0.0421875 0.04375
0 0.93046875 0.4203125 0.04375 0.04375
0 0.79375 0.5375 0.03125 0.028125
0 0.7875 0.59296875 0.028125 0.03125
0 0.78984375 0.64609375 0.040625 0.03125
0 0.84453125 0.50703125 0.034375 0.0328125
0 0.640625 0.55625 0.0234375 0.021875
0 0.62265625 0.52890625 0.0265625 0.0265625
0 0.634375 0.51953125 0.0296875 0.0234375
0 0.6265625 0.565625 0.034375 0.0359375
0 0.81875 0.5859375 0.025 0.03125
0 0.5046875 0.23671875 0.034375 0.03125