0 0.48125 0.715625 0.0546875 0.046875
0 0.39921875 0.7421875 0.0609375 0.05625
0 0.334375 0.62734375 0.0515625 0.0484375
0 0.1125 0.615625 0.053125 0.053125
0 0.109375 0.5796875 0.0515625 0.046875
0 0.41640625 0.60234375 0.046875 0.0421875
0 0.41015625 0.64453125 0.0515625 0.05
0 0.37734375 0.5828125 0.053125 0.053125
0 0.3453125 0.55546875 0.05625 0.0546875
0 0.29375 0.56171875 0.046875 0.05625
0 0.0234375 0.38515625 0.028125 0.0453125
0 0.2359375 0.4828125 0.0578125 0.05625
0 0.30078125 0.4640625 0.0578125 0.05625
0 0.33828125 0.40234375 0.0578125 0.0546875
0 0.35390625 0.36796875 0.0640625 0.053125
0 0.675 0.31015625 0.0703125 0.05
0 0.9828125 0.4078125 0.034375 0.059375
0 0.85234375 0.16328125 0.0609375 0.06875
0 0.5734375 0.16484375 0.034375 0.0390625
0 0.63046875 0.2 0.0484375 0.0484375
0 0.46796875 0.140625 0.0453125 0.0484375
0 0.42734375 0.1140625 0.04375 0.0515625
0 0.41953125 0.0609375 0.0484375 0.05
0 0.45234375 0.05390625 0.0375 0.0375
0 0.2625 0.08671875 0.0765625 0.0640625
0 0.31171875 0.040625 0.0609375 0.05625