0 0.559375 0.29375 0.0515625 0.0421875
0 0.49140625 0.2453125 0.05625 0.053125
0 0.39765625 0.334375 0.0484375 0.04375
0 0.18671875 0.28203125 0.0484375 0.0484375
0 0.17421875 0.31484375 0.0484375 0.0421875
0 0.4671875 0.38125 0.04375 0.0390625
0 0.47421875 0.33984375 0.0484375 0.0453125
0 0.425 0.3875 0.0484375 0.0484375
0 0.3875 0.4046875 0.0515625 0.05
0 0.3421875 0.38359375 0.04375 0.053125
0 0.025 0.46953125 0.05 0.0453125
0 0.26484375 0.44140625 0.053125 0.053125
0 0.3203125 0.47734375 0.053125 0.053125
0 0.33671875 0.5453125 0.053125 0.0515625
0 0.3421875 0.58203125 0.0609375 0.0484375
0 0.62421875 0.72734375 0.0671875 0.0453125
0 0.95 0.72578125 0.053125 0.0546875
0 0.74765625 0.91484375 0.05625 0.065625
0 0.48828125 0.83359375 0.0328125 0.0375
0 0.55234375 0.81640625 0.0453125 0.0453125
0 0.38359375 0.8265625 0.0421875 0.0453125
0 0.3390625 0.8390625 0.040625 0.0484375
0 0.315625 0.88671875 0.0453125 0.046875
0 0.34453125 0.903125 0.034375 0.034375
0 0.1765625 0.81796875 0.071875 0.059375
0 0.21015625 0.87421875 0.05625 0.053125
0 0.2203125 0.94609375 0.0546875 0.053125
0 0.015625 0.89453125 0.03125 0.0546875