0 0.7046875 0.42578125 0.0359375 0.034375
0 0.71796875 0.45546875 0.03125 0.0296875
0 0.61328125 0.43984375 0.03125 0.03125
0 0.55234375 0.43984375 0.0265625 0.0234375
0 0.52578125 0.44609375 0.0328125 0.028125
0 0.4859375 0.4921875 0.0265625 0.0265625
0 0.42421875 0.3921875 0.0390625 0.0390625
0 0.315625 0.48359375 0.028125 0.0296875
0 0.28125 0.39375 0.0359375 0.03125
0 0.5015625 0.71640625 0.0234375 0.0265625
0 0.58828125 0.703125 0.028125 0.028125
0 0.6171875 0.68359375 0.0375 0.034375
0 0.571875 0.675 0.0234375 0.0265625
0 0.59921875 0.6625 0.03125 0.03125
0 0.62890625 0.590625 0.034375 0.034375
0 0.7859375 0.646875 0.03125 0.03125
0 0.70234375 0.73203125 0.03125 0.03125
0 0.7984375 0.7515625 0.040625 0.0421875
0 0.95234375 0.53046875 0.0421875 0.0421875
0 0.80546875 0.42109375 0.0296875 0.028125
0 0.7953125 0.36640625 0.028125 0.0296875
0 0.79453125 0.3125 0.040625 0.0296875
0 0.86015625 0.44765625 0.0328125 0.03125
0 0.65 0.4140625 0.0234375 0.021875
0 0.63359375 0.44140625 0.025 0.0265625
0 0.64609375 0.45 0.0296875 0.021875
0 0.6359375 0.4046875 0.0328125 0.034375
0 0.828125 0.37109375 0.025 0.03125
0 0.53515625 0.746875 0.0328125 0.0296875