0 0.40859375 0.3046875 0.0328125 0.034375
0 0.4359375 0.290625 0.0265625 0.028125
0 0.4265625 0.3953125 0.028125 0.028125
0 0.4296875 0.45390625 0.021875 0.025
0 0.43671875 0.4796875 0.0265625 0.0328125
0 0.48359375 0.5171875 0.025 0.025
0 0.3890625 0.58125 0.0359375 0.0359375
0 0.484375 0.68359375 0.028125 0.025
0 0.3984375 0.721875 0.0296875 0.034375
0 0.70390625 0.48984375 0.025 0.021875
0 0.68671875 0.4046875 0.0265625 0.025
0 0.665625 0.378125 0.0328125 0.0359375
0 0.66015625 0.42265625 0.025 0.021875
0 0.64609375 0.396875 0.028125 0.028125
0 0.57421875 0.3703125 0.0328125 0.0328125
0 0.621875 0.21328125 0.028125 0.028125
0 0.70859375 0.290625 0.028125 0.028125
0 0.72265625 0.196875 0.040625 0.0390625
0 0.4984375 0.05625 0.040625 0.040625
0 0.3984375 0.20546875 0.025 0.028125
0 0.3453125 0.21796875 0.028125 0.025
0 0.2921875 0.22265625 0.0265625 0.0390625
0 0.421875 0.15078125 0.0296875 0.03125
0 0.3984375 0.359375 0.0203125 0.021875
0 0.42734375 0.37421875 0.025 0.0234375
0 0.43515625 0.36171875 0.0203125 0.028125
0 0.39140625 0.37421875 0.0328125 0.03125
0 0.34765625 0.18671875 0.0296875 0.0234375
0 0.73203125 0.45546875 0.028125 0.0328125