0 0.7015625 0.54296875 0.0453125 0.053125
0 0.73515625 0.4609375 0.0546875 0.059375
0 0.621875 0.3859375 0.0453125 0.0515625
0 0.62578125 0.15625 0.0515625 0.0515625
0 0.58828125 0.15078125 0.04375 0.0515625
0 0.5890625 0.46875 0.040625 0.046875
0 0.63359375 0.465625 0.046875 0.0515625
0 0.57265625 0.42734375 0.0515625 0.0515625
0 0.546875 0.3921875 0.053125 0.0546875
0 0.55703125 0.33984375 0.0546875 0.0453125
0 0.39296875 0.03359375 0.0484375 0.053125
0 0.4796875 0.27421875 0.0546875 0.05625
0 0.45546875 0.33984375 0.0546875 0.05625
0 0.3890625 0.3734375 0.053125 0.05625
0 0.35234375 0.3875 0.0515625 0.0640625
0 0.2703125 0.71328125 0.046875 0.0703125
0 0.10546875 0.8859375 0.06875 0.059375
0 0.128125 0.5984375 0.0390625 0.0328125
0 0.16015625 0.6609375 0.046875 0.046875
0 0.11015625 0.4890625 0.046875 0.04375
0 0.08671875 0.4453125 0.05 0.04375
0 0.03125 0.4328125 0.05 0.046875
0 0.02109375 0.46640625 0.0375 0.0375
0 0.0703125 0.27265625 0.0625 0.075
0 0.02265625 0.3203125 0.0453125 0.059375