0 0.58359375 0.6453125 0.0328125 0.034375
0 0.5546875 0.6609375 0.028125 0.0296875
0 0.5609375 0.55234375 0.0296875 0.0296875
0 0.55625 0.49140625 0.021875 0.025
0 0.546875 0.4640625 0.0265625 0.0328125
0 0.496875 0.42734375 0.025 0.025
0 0.5921875 0.35703125 0.0359375 0.0359375
0 0.48984375 0.2546875 0.0296875 0.025
0 0.578125 0.21171875 0.0296875 0.034375
0 0.2703125 0.46328125 0.025 0.021875
0 0.29140625 0.55078125 0.028125 0.025
0 0.31328125 0.578125 0.0328125 0.0359375
0 0.31796875 0.53203125 0.025 0.021875
0 0.33359375 0.5578125 0.0296875 0.0296875
0 0.40859375 0.58203125 0.0328125 0.0328125
0 0.365625 0.746875 0.0296875 0.0296875
0 0.27265625 0.66953125 0.0296875 0.0296875
0 0.26015625 0.76875 0.040625 0.0390625
0 0.4984375 0.90546875 0.040625 0.040625
0 0.596875 0.746875 0.025 0.0296875
0 0.6515625 0.73203125 0.0296875 0.025
0 0.70703125 0.72578125 0.0265625 0.0390625
0 0.57421875 0.8046875 0.0296875 0.03125
0 0.59140625 0.58828125 0.0203125 0.021875
0 0.5609375 0.5734375 0.025 0.0234375
0 0.553125 0.58671875 0.0203125 0.028125
0 0.59765625 0.571875 0.0328125 0.03125
0 0.64921875 0.76484375 0.03125 0.0234375
0 0.2421875 0.5 0.028125 0.0328125