0 0.5609375 0.69765625 0.053125 0.0453125
0 0.4921875 0.74765625 0.0578125 0.0546875
0 0.396875 0.659375 0.05 0.0453125
0 0.18515625 0.71640625 0.05 0.05
0 0.171875 0.68359375 0.05 0.04375
0 0.465625 0.6109375 0.0453125 0.040625
0 0.4734375 0.653125 0.05 0.046875
0 0.4234375 0.60546875 0.05 0.05
0 0.384375 0.5890625 0.053125 0.0515625
0 0.33984375 0.6109375 0.0453125 0.0546875
0 0.02109375 0.53046875 0.0421875 0.0453125
0 0.2609375 0.55390625 0.0546875 0.0546875
0 0.315625 0.5171875 0.0546875 0.0546875
0 0.33203125 0.4484375 0.0546875 0.053125
0 0.3359375 0.4109375 0.0625 0.05
0 0.61875 0.26015625 0.06875 0.046875
0 0.94609375 0.2546875 0.0546875 0.0578125
0 0.73984375 0.06796875 0.059375 0.0671875
0 0.4796875 0.15390625 0.0328125 0.0390625
0 0.54453125 0.1703125 0.046875 0.046875
0 0.3734375 0.16328125 0.04375 0.046875
0 0.32890625 0.1515625 0.0421875 0.0484375
0 0.30390625 0.10390625 0.046875 0.0484375
0 0.3328125 0.08671875 0.0359375 0.0359375
0 0.16484375 0.1765625 0.0734375 0.0609375
0 0.19765625 0.11796875 0.0578125 0.0546875
0 0.20546875 0.05390625 0.0546875 0.040625
0 0.009375 0.1 0.01875 0.05625