0 0.7109375 0.48984375 0.0421875 0.05
0 0.74296875 0.5671875 0.0515625 0.05625
0 0.634375 0.63828125 0.04375 0.046875
0 0.63828125 0.85546875 0.0484375 0.0484375
0 0.603125 0.86015625 0.0421875 0.046875
0 0.60546875 0.56015625 0.0390625 0.04375
0 0.646875 0.5625 0.0453125 0.0484375
0 0.5890625 0.6 0.0484375 0.0484375
0 0.56484375 0.6328125 0.05 0.0515625
0 0.57421875 0.68125 0.0515625 0.0421875
0 0.41953125 0.97109375 0.0453125 0.05
0 0.50078125 0.74375 0.0515625 0.053125
0 0.47890625 0.68125 0.0515625 0.053125
0 0.415625 0.65 0.05 0.053125
0 0.38125 0.63671875 0.0484375 0.0609375
0 0.303125 0.3296875 0.04375 0.0671875
0 0.37734375 0.01875 0.0546875 0.0375
0 0.1484375 0.1671875 0.0640625 0.05625
0 0.16875 0.4375 0.0375 0.03125
0 0.2 0.37890625 0.0453125 0.0453125
0 0.15234375 0.54140625 0.04375 0.0421875
0 0.1296875 0.58203125 0.046875 0.040625
0 0.078125 0.59375 0.046875 0.0453125
0 0.06953125 0.5625 0.034375 0.034375
0 0.11484375 0.74453125 0.0578125 0.071875
0 0.06640625 0.69921875 0.0515625 0.05625
0 0.0125 0.67265625 0.025 0.0546875
0 0.01328125 0.8890625 0.0265625 0.04375