0 0.66875 0.36484375 0.0328125 0.03125
0 0.6875 0.3921875 0.0265625 0.025
0 0.5796875 0.396875 0.0265625 0.0265625
0 0.5203125 0.40859375 0.0234375 0.0203125
0 0.49453125 0.41953125 0.03125 0.0234375
0 0.46328125 0.4734375 0.0234375 0.0234375
0 0.38359375 0.38671875 0.034375 0.034375
0 0.29375 0.49765625 0.0234375 0.0265625
0 0.2421875 0.415625 0.0328125 0.0265625
0 0.52265625 0.69296875 0.0203125 0.0234375
0 0.60625 0.6625 0.0234375 0.025
0 0.63046875 0.6375 0.034375 0.03125
0 0.584375 0.63828125 0.0203125 0.0234375
0 0.60859375 0.62109375 0.0265625 0.0265625
0 0.625 0.54375 0.03125 0.03125
0 0.7921875 0.56953125 0.0265625 0.0265625
0 0.72578125 0.66875 0.0265625 0.0265625
0 0.8234375 0.67109375 0.0359375 0.0375
0 0.93359375 0.421875 0.0375 0.0375
0 0.76796875 0.34140625 0.0265625 0.0234375
0 0.746875 0.2890625 0.0234375 0.0265625
0 0.73515625 0.2359375 0.0375 0.0234375
0 0.8265625 0.3578125 0.0296875 0.0265625
0 0.61171875 0.36328125 0.0203125 0.01875
0 0.60078125 0.3953125 0.021875 0.0234375
0 0.61484375 0.4015625 0.0265625 0.01875
0 0.59609375 0.35859375 0.0296875 0.03125
0 0.7796875 0.28828125 0.0203125 0.0296875
0 0.56171875 0.71640625 0.03125 0.025