4 0.18828125 0.07890625 0.10625 0.0984375
4 0.07578125 0.14140625 0.109375 0.0625
4 0.26953125 0.05078125 0.0734375 0.05625
0 0.53359375 0.26015625 0.05 0.040625
0 0.4546875 0.22109375 0.05625 0.0515625
0 0.3734375 0.328125 0.046875 0.0421875
0 0.14765625 0.30859375 0.0484375 0.0484375
0 0.140625 0.34453125 0.046875 0.040625
0 0.45234375 0.36484375 0.04375 0.0375
0 0.453125 0.32109375 0.046875 0.0453125
0 0.4109375 0.37890625 0.0484375 0.0484375
0 0.375 0.40234375 0.0515625 0.05
0 0.32421875 0.38828125 0.040625 0.0515625
0 0.01796875 0.52734375 0.0359375 0.04375
0 0.25390625 0.459375 0.053125 0.0515625
0 0.31640625 0.4875 0.053125 0.0515625
0 0.3453125 0.5546875 0.053125 0.05
0 0.35625 0.59140625 0.0609375 0.046875
0 0.67109375 0.6953125 0.0671875 0.040625
0 0.98984375 0.6421875 0.0203125 0.053125
0 0.82890625 0.86875 0.0546875 0.0640625
0 0.5484375 0.82734375 0.03125 0.0375
0 0.6109375 0.79921875 0.04375 0.04375
0 0.43984375 0.83671875 0.040625 0.04375
0 0.3953125 0.85703125 0.0390625 0.046875
0 0.37890625 0.91015625 0.04375 0.0453125
0 0.41171875 0.921875 0.034375 0.034375
0 0.225 0.86171875 0.0703125 0.05625
0 0.26796875 0.91484375 0.05625 0.0515625
0 0.2875 0.9796875 0.053125 0.040625
0 0.06640625 0.96875 0.040625 0.053125