0 0.3640625 0.621875 0.034375 0.0359375
0 0.3890625 0.64296875 0.028125 0.0296875
0 0.4046875 0.53671875 0.0296875 0.0296875
0 0.42265625 0.47890625 0.0234375 0.025
0 0.43671875 0.4546875 0.0265625 0.0328125
0 0.49296875 0.42890625 0.0265625 0.0265625
0 0.41484375 0.340625 0.0375 0.0375
0 0.53515625 0.2625 0.0296875 0.0265625
0 0.45859375 0.20390625 0.0296875 0.034375
0 0.7046875 0.5109375 0.025 0.0234375
0 0.66640625 0.590625 0.028125 0.0265625
0 0.6390625 0.6125 0.034375 0.0375
0 0.64453125 0.56640625 0.025 0.0234375
0 0.62421875 0.58828125 0.0296875 0.0296875
0 0.54609375 0.596875 0.034375 0.034375
0 0.5546875 0.765625 0.0296875 0.0296875
0 0.66015625 0.71015625 0.0296875 0.0296875
0 0.6515625 0.8078125 0.040625 0.0390625
0 0.39296875 0.89140625 0.040625 0.040625
0 0.33046875 0.71796875 0.0265625 0.0296875
0 0.28046875 0.6921875 0.0296875 0.0265625
0 0.228125 0.67421875 0.028125 0.0390625
0 0.33984375 0.778125 0.0296875 0.03125
0 0.36875 0.56484375 0.0203125 0.021875
0 0.40078125 0.55703125 0.0265625 0.025
0 0.40625 0.571875 0.021875 0.028125
0 0.36484375 0.5484375 0.034375 0.0328125
0 0.27578125 0.72421875 0.03125 0.0234375
0 0.72421875 0.5515625 0.028125 0.0328125