0 0.40703125 0.659375 0.028125 0.0296875
0 0.43203125 0.67578125 0.0234375 0.025
0 0.43515625 0.57578125 0.025 0.025
0 0.44453125 0.5203125 0.01875 0.021875
0 0.4546875 0.49609375 0.021875 0.028125
0 0.50390625 0.46640625 0.021875 0.021875
0 0.421875 0.39375 0.03125 0.03125
0 0.52421875 0.3078125 0.025 0.021875
0 0.446875 0.26171875 0.025 0.0296875
0 0.709375 0.51796875 0.021875 0.01875
0 0.6828125 0.59609375 0.0234375 0.021875
0 0.66015625 0.61953125 0.028125 0.03125
0 0.66015625 0.5765625 0.021875 0.01875
0 0.64375 0.59921875 0.025 0.025
0 0.57265625 0.615625 0.028125 0.028125
0 0.59921875 0.7703125 0.025 0.025
0 0.690625 0.70703125 0.025 0.025
0 0.69375 0.7984375 0.034375 0.0328125
0 0.4640625 0.90546875 0.034375 0.034375
0 0.38671875 0.7515625 0.021875 0.025
0 0.3375 0.73359375 0.025 0.021875
0 0.2875 0.7234375 0.021875 0.034375
0 0.40234375 0.80625 0.025 0.0265625
0 0.4046875 0.60625 0.0171875 0.01875
0 0.43359375 0.5953125 0.021875 0.0203125
0 0.43984375 0.60859375 0.0171875 0.025
0 0.39921875 0.59140625 0.028125 0.0265625
0 0.33671875 0.7640625 0.0265625 0.01875
0 0.73203125 0.55390625 0.0234375 0.028125
4 0.80859375 0.66328125 0.040625 0.059375
4 0.78359375 0.72109375 0.0359375 0.0375
4 0.759375 0.75546875 0.0375 0.0375
4 0.6859375 0.83125 0.025 0.0375
4 0.646875 0.8484375 0.04375 0.0328125