0 0.875 0.51796875 0.0375 0.0453125
0 0.475 0.30390625 0.0390625 0.0421875
0 0.50625 0.26640625 0.0390625 0.0484375
0 0.565625 0.321875 0.0421875 0.0453125
0 0.60859375 0.35 0.0484375 0.0484375
0 0.65546875 0.3515625 0.0421875 0.0453125
0 0.56953125 0.5546875 0.04375 0.0515625
0 0.65 0.6109375 0.0484375 0.04375
0 0.65625 0.6578125 0.040625 0.0390625
0 0.65 0.6953125 0.0515625 0.04375
0 0.7578125 0.60625 0.0421875 0.04375
0 0.7578125 0.625 0.0453125 0.0453125
0 0.728125 0.5859375 0.0328125 0.04375
0 0.7203125 0.6171875 0.0359375 0.040625
0 0.89296875 0.75546875 0.0375 0.0546875
0 0.8828125 0.571875 0.0375 0.046875
0 0.95078125 0.37265625 0.0390625 0.05
0 0.92265625 0.36875 0.0375 0.05
0 0.9875 0.5109375 0.025 0.040625
0 0.75546875 0.36875 0.034375 0.0484375
0 0.7171875 0.3609375 0.03125 0.0484375
0 0.340625 0.6421875 0.05 0.0640625
0 0.4078125 0.646875 0.04375 0.0484375
0 0.30390625 0.78515625 0.059375 0.06875
0 0.23046875 0.78671875 0.053125 0.053125
0 0.08828125 0.75703125 0.0375 0.05
0 0.1375 0.6421875 0.0421875 0.046875
0 0.2078125 0.434375 0.04375 0.0546875
0 0.25546875 0.32109375 0.0328125 0.0515625
0 0.22734375 0.228125 0.046875 0.0546875
0 0.11953125 0.3203125 0.04375 0.04375
0 0.02890625 0.53359375 0.0546875 0.071875
0 0.5453125 0.634375 0.028125 0.040625
0 0.51484375 0.6203125 0.0296875 0.0390625
0 0.58203125 0.63359375 0.0359375 0.0421875
0 0.5625 0.1765625 0.0375 0.05
0 0.2265625 0.1015625 0.0453125 0.0453125
0 0.4015625 0.52890625 0.0375 0.053125
0 0.4578125 0.82890625 0.0390625 0.040625
0 0.221875 0.6453125 0.0453125 0.04375
0 0.2453125 0.56640625 0.034375 0.0453125
0 0.28125 0.54609375 0.0421875 0.046875