0 0.1 0.4984375 0.0359375 0.0453125
0 0.528125 0.690625 0.0375 0.0421875
0 0.4984375 0.73203125 0.0375 0.0484375
0 0.4328125 0.67890625 0.040625 0.04375
0 0.38671875 0.65234375 0.0484375 0.0484375
0 0.3390625 0.65390625 0.040625 0.04375
0 0.41171875 0.43828125 0.0421875 0.05
0 0.32578125 0.38671875 0.046875 0.0421875
0 0.31484375 0.33828125 0.040625 0.0375
0 0.31953125 0.2984375 0.05 0.0421875
0 0.21484375 0.39921875 0.040625 0.0421875
0 0.2140625 0.38046875 0.0453125 0.0453125
0 0.24609375 0.41796875 0.0328125 0.0453125
0 0.25234375 0.38515625 0.034375 0.0390625
0 0.0640625 0.25546875 0.0359375 0.05625
0 0.0890625 0.44375 0.0359375 0.046875
0 0.0328125 0.65390625 0.0375 0.05
0 0.0625 0.65625 0.0359375 0.05
0 0.23359375 0.64296875 0.0328125 0.05
0 0.27421875 0.64921875 0.0296875 0.0484375
0 0.6421875 0.33125 0.0484375 0.0640625
0 0.571875 0.3328125 0.0421875 0.046875
0 0.66953125 0.18203125 0.0578125 0.06875
0 0.74453125 0.175 0.0515625 0.0515625
0 0.89375 0.1953125 0.0359375 0.05
0 0.8515625 0.31640625 0.040625 0.046875
0 0.79375 0.53671875 0.0421875 0.053125
0 0.753125 0.65703125 0.0296875 0.0515625
0 0.7890625 0.75078125 0.046875 0.0546875
0 0.89375 0.64765625 0.04375 0.04375
0 0.97109375 0.421875 0.053125 0.071875
0 0.43203125 0.3546875 0.0265625 0.040625
0 0.46328125 0.36640625 0.028125 0.0390625
0 0.39453125 0.3578125 0.034375 0.0421875
0 0.44765625 0.82890625 0.0359375 0.05
0 0.7984375 0.88125 0.0453125 0.0453125
0 0.58671875 0.453125 0.0359375 0.053125
0 0.5078125 0.14765625 0.0375 0.040625
0 0.7640625 0.3203125 0.0453125 0.04375
0 0.7453125 0.403125 0.0328125 0.046875
0 0.71015625 0.4265625 0.040625 0.046875