0 0.5640625 0.1328125 0.0484375 0.040625
0 0.32265625 0.5484375 0.0453125 0.0421875
0 0.284375 0.51328125 0.0515625 0.0421875
0 0.34453125 0.45234375 0.0484375 0.046875
0 0.3765625 0.4078125 0.053125 0.053125
0 0.38046875 0.359375 0.0484375 0.046875
0 0.5921875 0.45703125 0.0546875 0.0484375
0 0.65390625 0.375 0.046875 0.0515625
0 0.70390625 0.36875 0.0421875 0.04375
0 0.74375 0.37734375 0.0484375 0.0546875
0 0.653125 0.26015625 0.046875 0.0453125
0 0.67265625 0.26171875 0.05 0.05
0 0.63046875 0.28984375 0.046875 0.0375
0 0.66328125 0.30078125 0.04375 0.0390625
0 0.815625 0.12265625 0.059375 0.040625
0 0.62109375 0.1265625 0.05 0.040625
0 0.41328125 0.04765625 0.0546875 0.0421875
0 0.4078125 0.07734375 0.053125 0.040625
0 0.5609375 0.01328125 0.04375 0.0265625
0 0.40234375 0.253125 0.053125 0.0375
0 0.3921875 0.29375 0.0515625 0.034375
0 0.67578125 0.70234375 0.06875 0.0546875
0 0.68203125 0.63046875 0.0515625 0.046875
0 0.825 0.74609375 0.075 0.0640625
0 0.825 0.82421875 0.0578125 0.0578125
0 0.78828125 0.97265625 0.053125 0.040625
0 0.66796875 0.9171875 0.0515625 0.0453125
0 0.45078125 0.83515625 0.0578125 0.0484375
0 0.3328125 0.78046875 0.0546875 0.034375
0 0.23359375 0.80703125 0.059375 0.0515625
0 0.32734375 0.925 0.046875 0.046875
0 0.675 0.48671875 0.04375 0.03125
0 0.659375 0.5171875 0.0421875 0.03125
0 0.675 0.446875 0.0453125 0.0390625
0 0.190625 0.45078125 0.053125 0.040625
0 0.1 0.80234375 0.05 0.05
0 0.55859375 0.63359375 0.05625 0.0421875
0 0.87734375 0.58515625 0.04375 0.0421875
0 0.67421875 0.828125 0.0484375 0.0484375
0 0.59296875 0.8 0.0484375 0.0375
0 0.571875 0.76171875 0.0515625 0.0453125