0 0.46484375 0.1359375 0.040625 0.03125
0 0.31796875 0.55859375 0.0375 0.0328125
0 0.27578125 0.5328125 0.04375 0.03125
0 0.32109375 0.4671875 0.0390625 0.0359375
0 0.3421875 0.4203125 0.0421875 0.0421875
0 0.33671875 0.375 0.0390625 0.0359375
0 0.546875 0.4265625 0.0453125 0.0359375
0 0.58984375 0.34140625 0.0359375 0.0421875
0 0.634375 0.32734375 0.0328125 0.0359375
0 0.671875 0.32734375 0.0359375 0.0453125
0 0.56796875 0.23671875 0.0375 0.0359375
0 0.58671875 0.23359375 0.0390625 0.0390625
0 0.553125 0.26796875 0.040625 0.0265625
0 0.584375 0.27109375 0.0359375 0.0296875
0 0.69140625 0.08203125 0.0515625 0.0296875
0 0.51484375 0.1203125 0.0421875 0.0296875
0 0.3109375 0.08515625 0.0453125 0.03125
0 0.31171875 0.11328125 0.0453125 0.0296875
0 0.440625 0.01796875 0.0375 0.0359375
0 0.33828125 0.275 0.0453125 0.0265625
0 0.3359375 0.3140625 0.0453125 0.0234375
0 0.6671875 0.6359375 0.0578125 0.040625
0 0.6609375 0.56953125 0.0421875 0.0359375
0 0.81171875 0.65 0.0625 0.05
0 0.82578125 0.72109375 0.0453125 0.0453125
0 0.81796875 0.8640625 0.0453125 0.0296875
0 0.69921875 0.834375 0.0421875 0.034375
0 0.4859375 0.79765625 0.0484375 0.0375
0 0.36796875 0.76875 0.0484375 0.025
0 0.28203125 0.8109375 0.0484375 0.040625
0 0.38828125 0.90078125 0.0375 0.0375
0 0.609375 0.95625 0.065625 0.0453125
0 0.628125 0.43828125 0.0375 0.021875
0 0.61953125 0.4703125 0.0359375 0.0234375
0 0.621875 0.403125 0.0375 0.0296875
0 0.1796875 0.49296875 0.0453125 0.0296875
0 0.15859375 0.83046875 0.0390625 0.0390625
0 0.54765625 0.59453125 0.0484375 0.03125
0 0.83125 0.49375 0.0359375 0.0328125
0 0.68828125 0.7515625 0.0375 0.0390625
0 0.60859375 0.740625 0.0421875 0.0265625
0 0.5828125 0.709375 0.0421875 0.034375