0 0.13359375 0.47421875 0.0328125 0.040625
0 0.55859375 0.32578125 0.034375 0.0390625
0 0.534375 0.28359375 0.0328125 0.04375
0 0.4671875 0.32890625 0.0375 0.040625
0 0.42109375 0.35 0.04375 0.04375
0 0.37421875 0.34453125 0.0375 0.040625
0 0.4265625 0.55703125 0.0375 0.046875
0 0.33984375 0.6 0.04375 0.0375
0 0.325 0.6453125 0.0375 0.034375
0 0.32578125 0.6828125 0.046875 0.0375
0 0.23515625 0.578125 0.0375 0.0390625
0 0.23203125 0.596875 0.040625 0.040625
0 0.26640625 0.56328125 0.028125 0.040625
0 0.26953125 0.5953125 0.03125 0.0359375
0 0.078125 0.70390625 0.0296875 0.0515625
0 0.1171875 0.525 0.03125 0.0421875
0 0.08125 0.31953125 0.0328125 0.0453125
0 0.109375 0.31953125 0.03125 0.0453125
0 0.01640625 0.44765625 0.0328125 0.0390625
0 0.2734375 0.34609375 0.028125 0.0453125
0 0.31171875 0.34375 0.0234375 0.0453125
0 0.63828125 0.67890625 0.040625 0.059375
0 0.57109375 0.67265625 0.0375 0.04375
0 0.65234375 0.82421875 0.05 0.0625
0 0.7234375 0.83828125 0.046875 0.046875
0 0.86796875 0.83046875 0.03125 0.0453125
0 0.83828125 0.7109375 0.0359375 0.04375
0 0.80078125 0.4953125 0.0375 0.05
0 0.771875 0.3765625 0.025 0.0484375
0 0.81328125 0.28984375 0.040625 0.05
0 0.90546875 0.396875 0.0390625 0.0390625
0 0.9609375 0.61953125 0.046875 0.065625
0 0.4390625 0.6390625 0.021875 0.0375
0 0.4703125 0.63046875 0.0234375 0.0359375
0 0.403125 0.6328125 0.03125 0.0375
0 0.49296875 0.18671875 0.03125 0.0453125
0 0.83359375 0.165625 0.040625 0.040625
0 0.59609375 0.5578125 0.03125 0.0484375
0 0.49453125 0.84375 0.034375 0.0375
0 0.7546875 0.69921875 0.040625 0.0390625
0 0.74296875 0.61953125 0.028125 0.0421875
0 0.71171875 0.59296875 0.0359375 0.04375