0 0.87734375 0.53984375 0.0390625 0.046875
0 0.45625 0.3234375 0.040625 0.04375
0 0.4890625 0.28359375 0.040625 0.05
0 0.5515625 0.340625 0.04375 0.046875
0 0.596875 0.36953125 0.05 0.05
0 0.6453125 0.3703125 0.04375 0.046875
0 0.56015625 0.584375 0.0453125 0.053125
0 0.64375 0.640625 0.0484375 0.04375
0 0.65234375 0.690625 0.0421875 0.040625
0 0.64609375 0.7296875 0.053125 0.0453125
0 0.75625 0.634375 0.04375 0.0453125
0 0.7578125 0.653125 0.046875 0.046875
0 0.72578125 0.61328125 0.034375 0.0453125
0 0.71796875 0.64609375 0.0359375 0.0421875
0 0.90078125 0.78671875 0.0375 0.0578125
0 0.88671875 0.59609375 0.0375 0.0484375
0 0.95390625 0.38671875 0.040625 0.0515625
0 0.925 0.3828125 0.0375 0.0515625
0 0.99140625 0.53125 0.0171875 0.040625
0 0.75078125 0.38671875 0.034375 0.0515625
0 0.7109375 0.37890625 0.03125 0.05
0 0.32265625 0.6796875 0.05 0.0671875
0 0.39296875 0.68203125 0.04375 0.0484375
0 0.28671875 0.82890625 0.0609375 0.071875
0 0.21015625 0.8328125 0.0546875 0.0546875
0 0.0609375 0.80390625 0.0375 0.0515625
0 0.11015625 0.6828125 0.0421875 0.0484375
0 0.1796875 0.46484375 0.0453125 0.05625
0 0.22734375 0.3453125 0.0328125 0.053125
0 0.19609375 0.24921875 0.0484375 0.05625
0 0.0859375 0.346875 0.0453125 0.0453125
0 0.0125 0.56953125 0.025 0.0734375
0 0.53515625 0.66796875 0.028125 0.0421875
0 0.5046875 0.65390625 0.0296875 0.040625
0 0.5734375 0.665625 0.0359375 0.04375
0 0.5453125 0.1890625 0.0375 0.0515625
0 0.19375 0.1171875 0.046875 0.046875
0 0.384375 0.559375 0.0390625 0.0546875
0 0.4484375 0.871875 0.040625 0.0421875
0 0.1984375 0.684375 0.046875 0.0453125
0 0.22265625 0.60234375 0.034375 0.046875
0 0.25859375 0.5796875 0.0421875 0.0484375