0 0.4453125 0.90390625 0.0421875 0.0328125
0 0.32890625 0.4453125 0.0390625 0.034375
0 0.2828125 0.46796875 0.0453125 0.0328125
0 0.32421875 0.5421875 0.040625 0.0375
0 0.3421875 0.5921875 0.04375 0.04375
0 0.3328125 0.640625 0.040625 0.0375
0 0.55859375 0.60546875 0.0484375 0.0390625
0 0.5953125 0.69921875 0.0375 0.04375
0 0.640625 0.71796875 0.034375 0.0375
0 0.68046875 0.72109375 0.0390625 0.0484375
0 0.56328125 0.80703125 0.0390625 0.0375
0 0.58203125 0.81171875 0.040625 0.040625
0 0.55078125 0.77265625 0.0421875 0.028125
0 0.58359375 0.771875 0.0375 0.03125
0 0.6796875 0.98125 0.0546875 0.0296875
0 0.496875 0.92421875 0.04375 0.03125
0 0.27890625 0.94296875 0.0484375 0.0328125
0 0.28203125 0.9140625 0.0484375 0.03125
0 0.32421875 0.7453125 0.0484375 0.028125
0 0.32578125 0.7046875 0.0484375 0.025
0 0.7046875 0.39609375 0.0609375 0.0421875
0 0.69140625 0.465625 0.04375 0.0375
0 0.8578125 0.39453125 0.065625 0.0515625
0 0.878125 0.32109375 0.0484375 0.0484375
0 0.88359375 0.1703125 0.0484375 0.03125
0 0.75625 0.190625 0.04375 0.0359375
0 0.528125 0.209375 0.0515625 0.0390625
0 0.4015625 0.22890625 0.0515625 0.025
0 0.31484375 0.1765625 0.0515625 0.0421875
0 0.43515625 0.09140625 0.0390625 0.0390625
0 0.67265625 0.05390625 0.0671875 0.046875
0 0.6453125 0.6 0.0390625 0.0234375
0 0.6390625 0.56640625 0.0375 0.025
0 0.63515625 0.63671875 0.0390625 0.03125
0 0.17890625 0.50234375 0.0484375 0.03125
0 0.1875 0.1453125 0.040625 0.040625
0 0.57421875 0.428125 0.0515625 0.03125
0 0.8640625 0.5609375 0.0375 0.034375
0 0.73671875 0.27578125 0.0390625 0.040625
0 0.65234375 0.28125 0.04375 0.028125
0 0.62265625 0.3109375 0.04375 0.0359375