0 0.546875 0.12734375 0.046875 0.0390625
0 0.31875 0.53359375 0.04375 0.040625
0 0.28125 0.50078125 0.05 0.040625
0 0.3390625 0.44140625 0.046875 0.04375
0 0.36875 0.39765625 0.0515625 0.0515625
0 0.37109375 0.34921875 0.046875 0.04375
0 0.57890625 0.440625 0.053125 0.0453125
0 0.6375 0.36015625 0.0453125 0.05
0 0.6859375 0.35390625 0.040625 0.0421875
0 0.72421875 0.3609375 0.0453125 0.053125
0 0.634375 0.24921875 0.0453125 0.04375
0 0.65390625 0.24921875 0.046875 0.046875
0 0.61328125 0.27890625 0.0453125 0.034375
0 0.6453125 0.28828125 0.0421875 0.0375
0 0.78984375 0.1125 0.0578125 0.0390625
0 0.6015625 0.1203125 0.0484375 0.0390625
0 0.3984375 0.046875 0.0515625 0.040625
0 0.39375 0.07578125 0.0515625 0.0390625
0 0.54140625 0.01171875 0.0421875 0.0234375
0 0.390625 0.246875 0.0515625 0.0359375
0 0.38203125 0.2859375 0.05 0.0328125
0 0.6640625 0.67734375 0.0671875 0.0515625
0 0.66875 0.6078125 0.05 0.0453125
0 0.809375 0.71796875 0.071875 0.0625
0 0.8109375 0.79296875 0.0546875 0.0546875
0 0.77734375 0.93828125 0.0515625 0.0390625
0 0.6609375 0.8859375 0.05 0.04375
0 0.4484375 0.81015625 0.05625 0.0453125
0 0.3328125 0.75859375 0.053125 0.0328125
0 0.23671875 0.78671875 0.05625 0.0484375
0 0.32890625 0.89921875 0.0453125 0.0453125
0 0.54609375 0.9828125 0.0734375 0.034375
0 0.659375 0.46796875 0.040625 0.0296875
0 0.64453125 0.4984375 0.040625 0.0296875
0 0.65859375 0.4296875 0.04375 0.0375
0 0.18984375 0.4421875 0.0515625 0.0390625
0 0.10703125 0.784375 0.046875 0.046875
0 0.5484375 0.61328125 0.0546875 0.040625
0 0.8578125 0.5609375 0.0421875 0.040625
0 0.66484375 0.79921875 0.0453125 0.046875
0 0.58515625 0.7734375 0.0484375 0.0359375
0 0.5640625 0.73671875 0.05 0.04375