0 0.3640625 0.128125 0.046875 0.0390625
0 0.32109375 0.59921875 0.04375 0.040625
0 0.27265625 0.58359375 0.05 0.0390625
0 0.30078125 0.5046875 0.046875 0.04375
0 0.31171875 0.45234375 0.05 0.05
0 0.29375 0.40625 0.046875 0.04375
0 0.52265625 0.40546875 0.053125 0.0453125
0 0.54453125 0.30703125 0.04375 0.0484375
0 0.5875 0.28125 0.040625 0.0421875
0 0.62578125 0.271875 0.0453125 0.053125
0 0.49609375 0.20546875 0.0453125 0.04375
0 0.5140625 0.1984375 0.046875 0.046875
0 0.4890625 0.2421875 0.0453125 0.034375
0 0.52109375 0.2375 0.0421875 0.0359375
0 0.58359375 0.01640625 0.0578125 0.0328125
0 0.41171875 0.1 0.0484375 0.0375
0 0.19453125 0.115625 0.0515625 0.0390625
0 0.2015625 0.14453125 0.0515625 0.0375
0 0.2703125 0.30390625 0.0515625 0.034375
0 0.278125 0.34375 0.05 0.03125
0 0.70078125 0.58984375 0.0671875 0.05
0 0.6765625 0.52265625 0.0484375 0.04375
0 0.8515625 0.5671875 0.071875 0.0609375
0 0.88359375 0.6359375 0.0546875 0.0546875
0 0.9125 0.784375 0.0515625 0.0375
0 0.7828125 0.784375 0.0484375 0.0421875
0 0.55546875 0.8015625 0.05625 0.0453125
0 0.4265625 0.8015625 0.053125 0.0328125
0 0.34921875 0.86640625 0.05625 0.0484375
0 0.48125 0.9328125 0.0453125 0.0453125
0 0.721875 0.93203125 0.0734375 0.05625
0 0.61015625 0.39765625 0.0421875 0.028125
0 0.60859375 0.43125 0.040625 0.0296875
0 0.59375 0.3625 0.04375 0.0359375
0 0.16328125 0.5671875 0.0515625 0.0375
0 0.22890625 0.91796875 0.046875 0.046875
0 0.5671875 0.578125 0.0546875 0.0390625
0 0.83125 0.4015625 0.0421875 0.040625
0 0.75078125 0.70234375 0.0453125 0.046875
0 0.66640625 0.7109375 0.046875 0.034375
0 0.63203125 0.6859375 0.0484375 0.0421875