0 0.12890625 0.47890625 0.0375 0.0453125
0 0.52578125 0.69140625 0.0390625 0.0421875
0 0.49453125 0.72890625 0.0375 0.0484375
0 0.4359375 0.67421875 0.0421875 0.0453125
0 0.39296875 0.64609375 0.0484375 0.0484375
0 0.34609375 0.64375 0.0421875 0.0453125
0 0.43125 0.4421875 0.04375 0.0515625
0 0.35234375 0.3875 0.0484375 0.04375
0 0.3453125 0.33984375 0.040625 0.0390625
0 0.3515625 0.30234375 0.0515625 0.04375
0 0.24609375 0.39140625 0.0421875 0.04375
0 0.24609375 0.3734375 0.0453125 0.0453125
0 0.27421875 0.4109375 0.0328125 0.04375
0 0.2828125 0.38125 0.034375 0.040625
0 0.1109375 0.24375 0.0359375 0.0546875
0 0.121875 0.42578125 0.0359375 0.046875
0 0.05390625 0.62265625 0.0390625 0.05
0 0.0828125 0.6265625 0.0375 0.05
0 0.01484375 0.48359375 0.0296875 0.0421875
0 0.246875 0.6265625 0.034375 0.0484375
0 0.28515625 0.63515625 0.03125 0.0484375
0 0.65859375 0.35546875 0.05 0.0640625
0 0.59140625 0.3515625 0.04375 0.0484375
0 0.69453125 0.21484375 0.059375 0.06875
0 0.7671875 0.2125 0.053125 0.053125
0 0.90859375 0.24296875 0.0375 0.05
0 0.859375 0.35625 0.0421875 0.046875
0 0.790625 0.56171875 0.04375 0.0546875
0 0.7421875 0.67421875 0.03125 0.0515625
0 0.77109375 0.76640625 0.046875 0.0546875
0 0.87734375 0.67421875 0.04375 0.04375
0 0.9671875 0.4640625 0.0546875 0.0703125
0 0.45625 0.3640625 0.028125 0.040625
0 0.48515625 0.37734375 0.028125 0.0390625
0 0.41953125 0.36484375 0.034375 0.0421875
0 0.4390625 0.81796875 0.0375 0.05
0 0.77109375 0.89140625 0.0453125 0.0453125
0 0.59765625 0.46796875 0.0375 0.053125
0 0.54296875 0.17109375 0.0390625 0.040625
0 0.7765625 0.353125 0.0453125 0.04375
0 0.753125 0.43046875 0.0328125 0.0453125
0 0.7171875 0.4515625 0.0421875 0.046875