0 0.87578125 0.54140625 0.0328125 0.0421875
0 0.434375 0.68671875 0.034375 0.0390625
0 0.459375 0.73046875 0.0328125 0.0453125
0 0.52890625 0.68515625 0.0375 0.040625
0 0.57734375 0.6640625 0.04375 0.04375
0 0.62578125 0.67109375 0.0375 0.040625
0 0.575 0.45078125 0.0375 0.046875
0 0.66484375 0.40859375 0.04375 0.0375
0 0.68046875 0.3625 0.0375 0.034375
0 0.68046875 0.32265625 0.046875 0.0375
0 0.77265625 0.4328125 0.0375 0.0390625
0 0.7765625 0.4140625 0.040625 0.040625
0 0.740625 0.44765625 0.0265625 0.0421875
0 0.73671875 0.41484375 0.03125 0.0375
0 0.93671875 0.30625 0.0296875 0.053125
0 0.89296875 0.4890625 0.03125 0.04375
0 0.92578125 0.7015625 0.0328125 0.046875
0 0.896875 0.70078125 0.03125 0.046875
0 0.9890625 0.56875 0.021875 0.0375
0 0.72890625 0.67109375 0.028125 0.046875
0 0.6890625 0.67265625 0.025 0.046875
0 0.359375 0.321875 0.040625 0.059375
0 0.428125 0.3296875 0.0375 0.04375
0 0.34765625 0.171875 0.0515625 0.0640625
0 0.27421875 0.15625 0.0484375 0.0484375
0 0.1265625 0.1609375 0.03125 0.046875
0 0.1546875 0.28515625 0.0359375 0.04375
0 0.1890625 0.5078125 0.0375 0.05
0 0.2171875 0.63125 0.025 0.05
0 0.171875 0.71953125 0.040625 0.05
0 0.07890625 0.60703125 0.0390625 0.0390625
0 0.0265625 0.3765625 0.0453125 0.0671875
0 0.5640625 0.36640625 0.021875 0.0375
0 0.53125 0.37421875 0.0234375 0.0359375
0 0.60078125 0.3734375 0.03125 0.0390625
0 0.5 0.83125 0.03125 0.046875
0 0.14921875 0.846875 0.040625 0.040625
0 0.4015625 0.446875 0.03125 0.05
0 0.5109375 0.1546875 0.034375 0.0375
0 0.240625 0.29765625 0.040625 0.0390625
0 0.25078125 0.38125 0.0265625 0.04375
0 0.2828125 0.40859375 0.0359375 0.04375