0 0.6578125 0.85234375 0.046875 0.040625
0 0.67578125 0.38828125 0.04375 0.040625
0 0.725 0.4015625 0.05 0.040625
0 0.70078125 0.48046875 0.046875 0.04375
0 0.69296875 0.53203125 0.0515625 0.0515625
0 0.71328125 0.5765625 0.046875 0.04375
0 0.4875 0.5890625 0.053125 0.0453125
0 0.471875 0.6875 0.0453125 0.05
0 0.43125 0.71484375 0.040625 0.0421875
0 0.39375 0.7265625 0.0453125 0.053125
0 0.52421875 0.784375 0.0453125 0.04375
0 0.50703125 0.79296875 0.046875 0.046875
0 0.5296875 0.7484375 0.0453125 0.034375
0 0.49765625 0.7546875 0.0421875 0.0375
0 0.4484375 0.97578125 0.0578125 0.040625
0 0.6125 0.88359375 0.0484375 0.0390625
0 0.82578125 0.8578125 0.0515625 0.0421875
0 0.8171875 0.82890625 0.0515625 0.040625
0 0.7140625 0.953125 0.040625 0.025
0 0.7421875 0.6765625 0.0515625 0.0359375
0 0.73203125 0.6375 0.05 0.0328125
0 0.30390625 0.41796875 0.065625 0.0515625
0 0.33125 0.48203125 0.05 0.0453125
0 0.15703125 0.446875 0.071875 0.0625
0 0.121875 0.38125 0.05625 0.05625
0 0.0859375 0.23671875 0.0515625 0.040625
0 0.21328125 0.23046875 0.05 0.04375
0 0.4359375 0.2015625 0.05625 0.046875
0 0.5625 0.19453125 0.053125 0.034375
0 0.634375 0.12734375 0.0578125 0.05
0 0.5015625 0.06953125 0.0453125 0.0453125
0 0.265625 0.08203125 0.075 0.0578125
0 0.403125 0.6015625 0.0421875 0.0296875
0 0.40234375 0.56796875 0.040625 0.03125
0 0.42109375 0.63515625 0.04375 0.0375
0 0.83203125 0.4125 0.0515625 0.040625
0 0.75 0.0703125 0.046875 0.046875
0 0.43671875 0.42265625 0.0546875 0.040625
0 0.18515625 0.609375 0.0421875 0.040625
0 0.2484375 0.309375 0.0453125 0.046875
0 0.33203125 0.29609375 0.046875 0.0359375
0 0.36640625 0.31953125 0.05 0.04375