0 0.61171875 0.13828125 0.04375 0.0359375
0 0.6765625 0.5875 0.040625 0.0375
0 0.721875 0.5703125 0.046875 0.0359375
0 0.690625 0.49609375 0.0421875 0.040625
0 0.67890625 0.44609375 0.046875 0.046875
0 0.69296875 0.4015625 0.0421875 0.040625
0 0.47265625 0.4125 0.0484375 0.040625
0 0.44765625 0.31796875 0.040625 0.0453125
0 0.40546875 0.29609375 0.0359375 0.0390625
0 0.36796875 0.2890625 0.040625 0.0484375
0 0.4890625 0.21875 0.040625 0.040625
0 0.47109375 0.21171875 0.04375 0.04375
0 0.49765625 0.253125 0.04375 0.03125
0 0.465625 0.25 0.0390625 0.0328125
0 0.3953125 0.040625 0.0546875 0.034375
0 0.5640625 0.11328125 0.0453125 0.034375
0 0.77421875 0.11640625 0.0484375 0.0359375
0 0.76875 0.14453125 0.0484375 0.034375
0 0.65703125 0.03046875 0.0390625 0.03125
0 0.7109375 0.3015625 0.0484375 0.03125
0 0.70546875 0.340625 0.046875 0.028125
0 0.31171875 0.59765625 0.0625 0.0453125
0 0.33125 0.5328125 0.0453125 0.040625
0 0.165625 0.58359375 0.0671875 0.05625
0 0.13828125 0.65234375 0.05 0.05
0 0.11875 0.79609375 0.0484375 0.034375
0 0.2421875 0.7890625 0.0453125 0.0390625
0 0.46171875 0.79375 0.0515625 0.0421875
0 0.58515625 0.78828125 0.05 0.0296875
0 0.6625 0.84609375 0.053125 0.0453125
0 0.5390625 0.915625 0.0421875 0.0421875
0 0.3078125 0.928125 0.06875 0.0515625
0 0.38984375 0.40859375 0.0390625 0.0265625
0 0.3921875 0.44140625 0.0375 0.0265625
0 0.403125 0.37421875 0.040625 0.034375
0 0.82578125 0.54921875 0.0484375 0.034375
0 0.78125 0.88984375 0.04375 0.04375
0 0.43984375 0.57890625 0.0515625 0.0359375
0 0.17734375 0.42421875 0.0390625 0.0359375
0 0.26875 0.70859375 0.0421875 0.04375
0 0.35078125 0.7125 0.0453125 0.03125
0 0.38203125 0.68671875 0.0453125 0.0390625