0 0.13984375 0.334375 0.040625 0.046875
0 0.6125 0.30703125 0.040625 0.0453125
0 0.59921875 0.2578125 0.040625 0.0515625
0 0.51953125 0.284375 0.0453125 0.046875
0 0.46640625 0.29140625 0.0515625 0.0515625
0 0.42109375 0.2734375 0.0453125 0.046875
0 0.41171875 0.503125 0.046875 0.0546875
0 0.3125 0.52109375 0.05 0.0453125
0 0.284375 0.5625 0.04375 0.040625
0 0.27421875 0.60078125 0.0546875 0.046875
0 0.2125 0.46875 0.04375 0.0453125
0 0.20390625 0.4859375 0.0484375 0.0484375
0 0.2484375 0.4625 0.0359375 0.046875
0 0.24296875 0.4953125 0.0375 0.0421875
0 0.01875 0.54921875 0.0375 0.0578125
0 0.10859375 0.38046875 0.0390625 0.0484375
0 0.13203125 0.1625 0.0421875 0.053125
0 0.16171875 0.17109375 0.0390625 0.053125
0 0.31875 0.24453125 0.0359375 0.0515625
0 0.35859375 0.25390625 0.0328125 0.0515625
0 0.58984375 0.68671875 0.053125 0.0671875
0 0.525 0.66015625 0.0453125 0.05
0 0.5625 0.8375 0.0625 0.0734375
0 0.63046875 0.87265625 0.05625 0.05625
0 0.778125 0.90625 0.0390625 0.053125
0 0.7828125 0.77578125 0.04375 0.05
0 0.8078125 0.5484375 0.046875 0.05625
0 0.8125 0.41953125 0.034375 0.0546875
0 0.88046875 0.34453125 0.05 0.0578125
0 0.94140625 0.4796875 0.0453125 0.0453125
0 0.93359375 0.7203125 0.059375 0.075
0 0.40078125 0.5890625 0.0296875 0.0421875
0 0.43515625 0.5890625 0.03125 0.040625
0 0.36640625 0.571875 0.0375 0.04375
0 0.5859375 0.14765625 0.0390625 0.053125
0 0.9359375 0.22578125 0.0484375 0.0484375
0 0.5828125 0.55234375 0.040625 0.0546875
0 0.39765625 0.81171875 0.040625 0.04375
0 0.7015625 0.74140625 0.046875 0.046875
0 0.71328125 0.65703125 0.0359375 0.0484375
0 0.6890625 0.62109375 0.04375 0.05