0 0.8640625 0.48671875 0.034375 0.0421875
0 0.44765625 0.31640625 0.0359375 0.040625
0 0.475 0.27578125 0.034375 0.0453125
0 0.5390625 0.32421875 0.0390625 0.0421875
0 0.584375 0.34765625 0.0453125 0.0453125
0 0.63125 0.34453125 0.0390625 0.0421875
0 0.5671875 0.55390625 0.0390625 0.0484375
0 0.65234375 0.60078125 0.0453125 0.0390625
0 0.6640625 0.646875 0.0390625 0.0359375
0 0.6609375 0.68515625 0.0484375 0.0390625
0 0.75703125 0.58515625 0.0390625 0.040625
0 0.759375 0.603125 0.0421875 0.0421875
0 0.7265625 0.56875 0.0296875 0.0421875
0 0.721875 0.59921875 0.03125 0.0375
0 0.90703125 0.71796875 0.03125 0.053125
0 0.87734375 0.53828125 0.0328125 0.04375
0 0.9234375 0.33515625 0.034375 0.046875
0 0.8953125 0.334375 0.0328125 0.046875
0 0.98203125 0.46875 0.0359375 0.040625
0 0.73046875 0.3515625 0.0296875 0.046875
0 0.69296875 0.34765625 0.0265625 0.046875
0 0.35078125 0.6640625 0.04375 0.0609375
0 0.41796875 0.6609375 0.0390625 0.0453125
0 0.3296875 0.8078125 0.053125 0.0640625
0 0.2578125 0.81796875 0.0484375 0.0484375
0 0.1140625 0.80234375 0.0328125 0.046875
0 0.15078125 0.6859375 0.0375 0.0453125
0 0.19765625 0.47265625 0.040625 0.0515625
0 0.23359375 0.35546875 0.0265625 0.05
0 0.19609375 0.26796875 0.04375 0.0515625
0 0.09921875 0.36953125 0.040625 0.040625
0 0.0328125 0.58828125 0.05 0.0671875
0 0.55078125 0.63515625 0.0234375 0.0390625
0 0.5203125 0.625 0.025 0.0375
0 0.5875 0.63046875 0.03125 0.0390625
0 0.52109375 0.18203125 0.0328125 0.046875
0 0.1828125 0.14296875 0.0421875 0.0421875
0 0.3984375 0.54609375 0.0328125 0.05
0 0.48515625 0.83515625 0.0359375 0.0390625
0 0.23359375 0.67890625 0.0421875 0.040625
0 0.24921875 0.59921875 0.0296875 0.04375
0 0.28203125 0.575 0.0375 0.0453125