0 0.1109375 0.6390625 0.0375 0.0453125
0 0.58671875 0.7171875 0.0375 0.0421875
0 0.5671875 0.76484375 0.0375 0.05
0 0.4890625 0.73046875 0.0421875 0.0453125
0 0.4359375 0.71640625 0.0484375 0.0484375
0 0.38828125 0.73125 0.0421875 0.0453125
0 0.4046875 0.49765625 0.04375 0.0515625
0 0.3046875 0.46796875 0.0484375 0.0421875
0 0.28125 0.4234375 0.040625 0.0375
0 0.275 0.38359375 0.0515625 0.04375
0 0.1984375 0.51015625 0.0421875 0.04375
0 0.19140625 0.49140625 0.0453125 0.0453125
0 0.234375 0.52109375 0.0328125 0.0453125
0 0.23203125 0.48671875 0.034375 0.040625
0 0.0140625 0.4078125 0.028125 0.05625
0 0.08515625 0.5890625 0.0359375 0.046875
0 0.08515625 0.81171875 0.0375 0.0515625
0 0.11484375 0.80625 0.0359375 0.0515625
0 0.28203125 0.74765625 0.0328125 0.05
0 0.32265625 0.74296875 0.0296875 0.05
0 0.603125 0.3296875 0.0484375 0.065625
0 0.534375 0.35 0.0421875 0.0484375
0 0.59140625 0.175 0.0578125 0.0703125
0 0.6640625 0.146875 0.053125 0.053125
0 0.8171875 0.128125 0.0359375 0.0515625
0 0.80703125 0.26015625 0.040625 0.0484375
0 0.809375 0.49296875 0.04375 0.0546875
0 0.8 0.6234375 0.0296875 0.053125
0 0.8609375 0.70703125 0.046875 0.0546875
0 0.93671875 0.57734375 0.04375 0.04375
0 0.95390625 0.3328125 0.0546875 0.0734375
0 0.4015625 0.409375 0.0265625 0.0421875
0 0.43671875 0.4125 0.028125 0.040625
0 0.365625 0.42265625 0.034375 0.0421875
0 0.54296875 0.875 0.0359375 0.0515625
0 0.9046875 0.83359375 0.0453125 0.0453125
0 0.58203125 0.465625 0.0359375 0.0546875
0 0.421875 0.18359375 0.0375 0.040625
0 0.72265625 0.28671875 0.0453125 0.04375
0 0.725 0.3734375 0.0328125 0.046875
0 0.696875 0.40625 0.040625 0.0484375