0 0.13671875 0.38125 0.0375 0.04375
0 0.59140625 0.33125 0.0375 0.0421875
0 0.57578125 0.28515625 0.0375 0.0484375
0 0.5 0.31328125 0.040625 0.04375
0 0.44921875 0.32421875 0.0484375 0.0484375
0 0.4046875 0.30859375 0.040625 0.04375
0 0.4078125 0.53046875 0.0421875 0.05
0 0.31328125 0.55234375 0.046875 0.0421875
0 0.28828125 0.59453125 0.040625 0.0375
0 0.2796875 0.63203125 0.05 0.0421875
0 0.2140625 0.5078125 0.040625 0.0421875
0 0.20703125 0.525 0.04375 0.04375
0 0.2484375 0.5 0.0328125 0.04375
0 0.24453125 0.53203125 0.034375 0.0390625
0 0.03125 0.5953125 0.0359375 0.05625
0 0.11015625 0.428125 0.0359375 0.046875
0 0.121875 0.21640625 0.0375 0.05
0 0.15 0.2234375 0.0359375 0.05
0 0.03203125 0.33125 0.0265625 0.0390625
0 0.30546875 0.2875 0.0328125 0.0484375
0 0.34375 0.29375 0.0296875 0.0484375
0 0.5890625 0.6984375 0.0484375 0.0640625
0 0.52421875 0.6765625 0.0421875 0.046875
0 0.5703125 0.8453125 0.0578125 0.06875
0 0.63671875 0.875 0.053125 0.053125
0 0.78125 0.9 0.0359375 0.05
0 0.77890625 0.775 0.040625 0.046875
0 0.7921875 0.5546875 0.04375 0.053125
0 0.78984375 0.43046875 0.03125 0.0515625
0 0.8515625 0.3546875 0.046875 0.0546875
0 0.9171875 0.48125 0.0421875 0.0421875
0 0.92109375 0.7140625 0.0546875 0.0703125
0 0.4015625 0.6140625 0.0265625 0.0390625
0 0.434375 0.6125 0.028125 0.0390625
0 0.3671875 0.5984375 0.034375 0.040625
0 0.5578125 0.1796875 0.0359375 0.05
0 0.89921875 0.23671875 0.04375 0.04375
0 0.575 0.56953125 0.0375 0.053125
0 0.409375 0.828125 0.0375 0.040625
0 0.69921875 0.7453125 0.04375 0.0421875
0 0.70625 0.6640625 0.0328125 0.0453125
0 0.68046875 0.63125 0.040625 0.046875