0 0.55234375 0.85625 0.0390625 0.0296875
0 0.6765625 0.4296875 0.0359375 0.03125
0 0.71875 0.45234375 0.0421875 0.0296875
0 0.678125 0.5203125 0.0375 0.034375
0 0.659375 0.5671875 0.040625 0.040625
0 0.6671875 0.6125 0.0375 0.034375
0 0.45546875 0.571875 0.04375 0.034375
0 0.41796875 0.659375 0.034375 0.040625
0 0.37421875 0.67578125 0.03125 0.034375
0 0.33671875 0.67734375 0.034375 0.04375
0 0.44453125 0.76171875 0.0359375 0.034375
0 0.4265625 0.765625 0.0375 0.0375
0 0.4578125 0.7296875 0.0390625 0.025
0 0.4265625 0.728125 0.034375 0.028125
0 0.3296875 0.921875 0.05 0.0265625
0 0.503125 0.87421875 0.040625 0.028125
0 0.70703125 0.89921875 0.04375 0.0296875
0 0.70546875 0.87109375 0.04375 0.028125
0 0.58203125 0.971875 0.0359375 0.034375
0 0.67109375 0.71171875 0.04375 0.025
0 0.67109375 0.6734375 0.04375 0.021875
0 0.325 0.3703125 0.05625 0.0375
0 0.33515625 0.4359375 0.040625 0.034375
0 0.18125 0.3640625 0.059375 0.046875
0 0.1640625 0.29453125 0.04375 0.04375
0 0.1640625 0.15234375 0.04375 0.028125
0 0.28359375 0.17578125 0.040625 0.0328125
0 0.496875 0.20078125 0.046875 0.034375
0 0.615625 0.2234375 0.046875 0.021875
0 0.6984375 0.17734375 0.046875 0.0375
0 0.58828125 0.09296875 0.0359375 0.0359375
0 0.36640625 0.05 0.0625 0.0421875
0 0.37421875 0.5640625 0.0359375 0.0203125
0 0.38125 0.5328125 0.034375 0.021875
0 0.3828125 0.59921875 0.0359375 0.028125
0 0.81640625 0.4875 0.04375 0.028125
0 0.81953125 0.1515625 0.0375 0.0375
0 0.44609375 0.40546875 0.046875 0.028125
0 0.1703125 0.5203125 0.034375 0.03125
0 0.2984375 0.25703125 0.0359375 0.0375
0 0.378125 0.2640625 0.040625 0.025
0 0.40546875 0.29375 0.040625 0.0328125