0 0.86796875 0.51015625 0.0375 0.0453125
0 0.43671875 0.70390625 0.0390625 0.0421875
0 0.46640625 0.7453125 0.0375 0.05
0 0.53203125 0.69296875 0.0421875 0.0453125
0 0.578125 0.665625 0.0484375 0.0484375
0 0.62734375 0.6671875 0.0421875 0.0453125
0 0.55390625 0.45 0.0421875 0.0515625
0 0.63984375 0.396875 0.0484375 0.0421875
0 0.6515625 0.3484375 0.040625 0.0390625
0 0.64765625 0.3078125 0.0515625 0.0421875
0 0.75234375 0.41015625 0.0421875 0.04375
0 0.75390625 0.38984375 0.0453125 0.0453125
0 0.7203125 0.42890625 0.0328125 0.0453125
0 0.7140625 0.39609375 0.034375 0.040625
0 0.9046875 0.26484375 0.0359375 0.05625
0 0.88046875 0.45546875 0.0359375 0.046875
0 0.93671875 0.66640625 0.0375 0.0515625
0 0.90625 0.66953125 0.0359375 0.05
0 0.98671875 0.525 0.0265625 0.04375
0 0.73359375 0.65625 0.0328125 0.05
0 0.6921875 0.6625 0.0296875 0.05
0 0.32109375 0.34140625 0.0484375 0.065625
0 0.3921875 0.3421875 0.0421875 0.0484375
0 0.29296875 0.190625 0.0578125 0.0703125
0 0.2171875 0.1828125 0.053125 0.053125
0 0.0671875 0.20390625 0.0359375 0.05
0 0.109375 0.3265625 0.040625 0.046875
0 0.1671875 0.5484375 0.04375 0.0546875
0 0.209375 0.6703125 0.0296875 0.053125
0 0.17265625 0.76484375 0.046875 0.0546875
0 0.0671875 0.6609375 0.04375 0.04375
0 0.0078125 0.4328125 0.015625 0.06875
0 0.5328125 0.36484375 0.0265625 0.040625
0 0.50078125 0.3765625 0.028125 0.0390625
0 0.57109375 0.36875 0.034375 0.0421875
0 0.51796875 0.84296875 0.0359375 0.05
0 0.16328125 0.896875 0.0453125 0.0453125
0 0.3765625 0.46484375 0.0359375 0.053125
0 0.45625 0.15546875 0.0390625 0.040625
0 0.19765625 0.33046875 0.0453125 0.04375
0 0.2171875 0.41328125 0.0328125 0.046875
0 0.25234375 0.4375 0.040625 0.046875