0 0.0828125 0.3953125 0.0328125 0.0421875
0 0.54765625 0.26875 0.034375 0.0390625
0 0.52421875 0.221875 0.0328125 0.046875
0 0.45 0.265625 0.0375 0.040625
0 0.3984375 0.28515625 0.04375 0.04375
0 0.35 0.27578125 0.0375 0.040625
0 0.38984375 0.50625 0.0390625 0.0484375
0 0.29375 0.54453125 0.04375 0.0375
0 0.27578125 0.5921875 0.0375 0.034375
0 0.2734375 0.6328125 0.0484375 0.0390625
0 0.18359375 0.5140625 0.0375 0.0390625
0 0.17890625 0.53359375 0.040625 0.040625
0 0.21875 0.50078125 0.028125 0.0421875
0 0.21953125 0.534375 0.03125 0.0375
0 0.0109375 0.63515625 0.021875 0.0546875
0 0.0625 0.4484375 0.03125 0.04375
0 0.0390625 0.2265625 0.0328125 0.0484375
0 0.0703125 0.22890625 0.03125 0.0484375
0 0.2421875 0.26875 0.028125 0.0484375
0 0.28359375 0.26953125 0.025 0.0484375
0 0.60625 0.65078125 0.0421875 0.0609375
0 0.53515625 0.6390625 0.0375 0.04375
0 0.61015625 0.8078125 0.0515625 0.065625
0 0.68515625 0.8265625 0.0484375 0.0484375
0 0.8390625 0.8296875 0.03125 0.0484375
0 0.81640625 0.69921875 0.0359375 0.04375
0 0.79296875 0.46796875 0.0390625 0.0515625
0 0.77109375 0.33828125 0.025 0.0515625
0 0.82265625 0.24921875 0.0421875 0.0515625
0 0.91171875 0.3703125 0.0390625 0.0390625
0 0.9546875 0.61171875 0.046875 0.06875
0 0.396875 0.59453125 0.021875 0.0390625
0 0.43046875 0.58671875 0.0234375 0.0375
0 0.35859375 0.584375 0.03125 0.0390625
0 0.48828125 0.11640625 0.03125 0.0484375
0 0.853125 0.11875 0.040625 0.040625
0 0.5703125 0.51953125 0.03125 0.0515625
0 0.440625 0.81640625 0.034375 0.0375
0 0.728125 0.68203125 0.040625 0.0390625
0 0.721875 0.5953125 0.028125 0.04375
0 0.690625 0.56484375 0.0359375 0.04375