0 0.8421875 0.59296875 0.040625 0.0484375
0 0.36171875 0.628125 0.040625 0.0453125
0 0.3765625 0.678125 0.040625 0.0515625
0 0.4578125 0.65078125 0.0453125 0.046875
0 0.51171875 0.64140625 0.0515625 0.0515625
0 0.5578125 0.659375 0.0453125 0.046875
0 0.56328125 0.42578125 0.046875 0.0546875
0 0.6640625 0.40546875 0.05 0.0453125
0 0.69140625 0.36328125 0.04375 0.040625
0 0.70078125 0.32421875 0.0546875 0.046875
0 0.76640625 0.45703125 0.0453125 0.0453125
0 0.775 0.43828125 0.0484375 0.0484375
0 0.7296875 0.4640625 0.0359375 0.046875
0 0.73515625 0.43046875 0.0375 0.04375
0 0.9625 0.371875 0.0390625 0.059375
0 0.871875 0.54453125 0.0390625 0.0484375
0 0.853125 0.76640625 0.040625 0.053125
0 0.8234375 0.75859375 0.0390625 0.053125
0 0.95859375 0.65 0.0453125 0.0453125
0 0.6625 0.6859375 0.0359375 0.0515625
0 0.621875 0.67734375 0.0328125 0.0515625
0 0.378125 0.24140625 0.053125 0.06875
0 0.4453125 0.2671875 0.0453125 0.05
0 0.40390625 0.08828125 0.0625 0.0734375
0 0.33359375 0.05390625 0.05625 0.05625
0 0.18203125 0.02421875 0.0390625 0.0484375
0 0.18125 0.1546875 0.04375 0.05
0 0.159375 0.3859375 0.046875 0.0578125
0 0.15703125 0.5171875 0.0328125 0.0546875
0 0.0890625 0.59453125 0.05 0.0578125
0 0.025 0.45859375 0.046875 0.046875
0 0.57265625 0.33828125 0.0296875 0.0421875
0 0.5375 0.3375 0.03125 0.0421875
0 0.60859375 0.35546875 0.0375 0.0453125
0 0.39140625 0.78984375 0.0390625 0.053125
0 0.034375 0.7171875 0.0484375 0.0484375
0 0.38828125 0.378125 0.040625 0.05625
0 0.571875 0.11171875 0.040625 0.04375
0 0.26328125 0.1875 0.0484375 0.046875
0 0.253125 0.27421875 0.0359375 0.0484375
0 0.278125 0.31015625 0.04375 0.05