0 0.125 0.57890625 0.0328125 0.0421875
0 0.58359375 0.69453125 0.034375 0.0390625
0 0.5609375 0.73984375 0.0328125 0.0453125
0 0.48671875 0.7 0.0375 0.040625
0 0.43671875 0.68203125 0.04375 0.04375
0 0.38828125 0.69140625 0.0375 0.040625
0 0.4234375 0.46484375 0.0390625 0.0484375
0 0.3296875 0.42890625 0.04375 0.0375
0 0.3109375 0.3828125 0.0375 0.034375
0 0.3078125 0.34296875 0.0484375 0.0390625
0 0.221875 0.46015625 0.0375 0.0390625
0 0.2171875 0.4421875 0.040625 0.040625
0 0.25703125 0.4734375 0.028125 0.0421875
0 0.25703125 0.440625 0.03125 0.0375
0 0.04765625 0.34453125 0.0296875 0.0546875
0 0.1046875 0.52734375 0.03125 0.04375
0 0.0859375 0.74453125 0.0328125 0.0484375
0 0.11484375 0.74140625 0.03125 0.0484375
0 0.01328125 0.6140625 0.01875 0.0390625
0 0.28359375 0.7 0.028125 0.0484375
0 0.32421875 0.6984375 0.025 0.0484375
0 0.63359375 0.31953125 0.0421875 0.0609375
0 0.5640625 0.33203125 0.0375 0.04375
0 0.634375 0.16640625 0.0515625 0.065625
0 0.7078125 0.1453125 0.0484375 0.0484375
0 0.85859375 0.140625 0.03125 0.0484375
0 0.83828125 0.26796875 0.0359375 0.04375
0 0.81953125 0.49609375 0.0390625 0.0515625
0 0.8 0.62265625 0.025 0.0515625
0 0.85234375 0.70859375 0.0421875 0.0515625
0 0.9375 0.5890625 0.0390625 0.0390625
0 0.97421875 0.35234375 0.04375 0.0671875
0 0.4296875 0.37890625 0.0234375 0.0390625
0 0.4625 0.38515625 0.025 0.0375
0 0.3921875 0.3890625 0.03125 0.0390625
0 0.5265625 0.8453125 0.03125 0.0484375
0 0.88359375 0.83671875 0.040625 0.040625
0 0.60078125 0.4484375 0.03125 0.0515625
0 0.46796875 0.16015625 0.034375 0.0375
0 0.753125 0.28671875 0.040625 0.0390625
0 0.74765625 0.371875 0.028125 0.04375
0 0.71796875 0.4015625 0.0359375 0.04375