0 0.85625 0.44765625 0.0296875 0.0390625
0 0.4296875 0.3234375 0.03125 0.0359375
0 0.45234375 0.28125 0.0296875 0.0421875
0 0.5203125 0.321875 0.034375 0.0375
0 0.5671875 0.340625 0.040625 0.040625
0 0.6125 0.3328125 0.034375 0.0375
0 0.571875 0.54453125 0.034375 0.04375
0 0.659375 0.58203125 0.040625 0.034375
0 0.67578125 0.62578125 0.034375 0.03125
0 0.67734375 0.66328125 0.04375 0.034375
0 0.76171875 0.55546875 0.034375 0.0359375
0 0.765625 0.5734375 0.0375 0.0375
0 0.7296875 0.5421875 0.025 0.0390625
0 0.728125 0.5734375 0.028125 0.034375
0 0.921875 0.6703125 0.0265625 0.05
0 0.87421875 0.496875 0.028125 0.040625
0 0.89921875 0.29296875 0.0296875 0.04375
0 0.87109375 0.29453125 0.028125 0.04375
0 0.971875 0.41796875 0.034375 0.0359375
0 0.71171875 0.32890625 0.025 0.04375
0 0.6734375 0.32890625 0.021875 0.04375
0 0.3703125 0.675 0.0375 0.05625
0 0.4359375 0.66484375 0.034375 0.040625
0 0.3640625 0.81875 0.046875 0.059375
0 0.29453125 0.8359375 0.04375 0.04375
0 0.15234375 0.8359375 0.028125 0.04375
0 0.17578125 0.71640625 0.0328125 0.040625
0 0.20078125 0.503125 0.034375 0.046875
0 0.2234375 0.384375 0.021875 0.046875
0 0.17734375 0.3015625 0.0375 0.046875
0 0.09296875 0.41171875 0.0359375 0.0359375
0 0.05 0.63359375 0.0421875 0.0625
0 0.5640625 0.62578125 0.0203125 0.0359375
0 0.5328125 0.61875 0.021875 0.034375
0 0.59921875 0.6171875 0.028125 0.0359375
0 0.4875 0.18359375 0.028125 0.04375
0 0.1515625 0.18046875 0.0375 0.0375
0 0.40546875 0.55390625 0.028125 0.046875
0 0.5203125 0.8296875 0.03125 0.034375
0 0.25703125 0.7015625 0.0375 0.0359375
0 0.2640625 0.621875 0.025 0.040625
0 0.29375 0.59453125 0.0328125 0.040625