0 0.63046875 0.3734375 0.05625 0.059375
0 0.75234375 0.35625 0.046875 0.05625
0 0.78671875 0.29921875 0.053125 0.0609375
0 0.82265625 0.3109375 0.05 0.0578125
0 0.81875 0.26796875 0.059375 0.0546875
0 0.7125 0.18671875 0.0515625 0.0625
0 0.6375 0.13828125 0.0453125 0.05
0 0.6109375 0.18359375 0.0453125 0.046875
0 0.5609375 0.2 0.0484375 0.0578125
0 0.58203125 0.11640625 0.046875 0.0484375
0 0.50546875 0.0921875 0.0515625 0.0484375
0 0.57109375 0.0484375 0.0578125 0.0625
0 0.65859375 0.040625 0.0390625 0.0359375
0 0.76015625 0.08671875 0.0546875 0.0609375
0 0.93125 0.484375 0.034375 0.0453125
0 0.9890625 0.4234375 0.01875 0.0421875
0 0.46015625 0.83984375 0.05 0.05
0 0.47890625 0.7875 0.0484375 0.0546875
0 0.64609375 0.803125 0.0453125 0.0546875
0 0.6390625 0.746875 0.040625 0.053125
0 0.67890625 0.746875 0.04375 0.0484375
0 0.73359375 0.7359375 0.0421875 0.04375
0 0.696875 0.6953125 0.046875 0.0484375
0 0.78671875 0.76640625 0.0453125 0.065625
0 0.79453125 0.8328125 0.0359375 0.0484375
0 0.784375 0.7078125 0.0359375 0.04375
0 0.01875 0.3765625 0.0375 0.04375
0 0.06328125 0.19296875 0.065625 0.0671875
0 0.2265625 0.196875 0.0375 0.040625
0 0.2203125 0.15390625 0.0515625 0.059375
0 0.259375 0.14609375 0.05625 0.059375
0 0.40859375 0.14765625 0.0390625 0.0453125
0 0.41796875 0.19140625 0.046875 0.0515625
0 0.41640625 0.3171875 0.0546875 0.059375
0 0.4484375 0.43984375 0.0453125 0.0484375
0 0.50390625 0.42890625 0.046875 0.05
0 0.4125 0.8671875 0.040625 0.0453125
0 0.4 0.77109375 0.0578125 0.0640625