0 0.84609375 0.72578125 0.0390625 0.059375
0 0.8546875 0.45703125 0.0328125 0.0484375
0 0.79921875 0.49453125 0.040625 0.0484375
0 0.78046875 0.740625 0.0328125 0.034375
0 0.8015625 0.78984375 0.046875 0.0515625
0 0.7375 0.8359375 0.0546875 0.0515625
0 0.7828125 0.8640625 0.04375 0.0546875
0 0.896875 0.95390625 0.0375 0.0484375
0 0.3453125 0.81953125 0.05 0.05625
0 0.35625 0.98125 0.05 0.0265625
0 0.26328125 0.52890625 0.0578125 0.0578125
0 0.40234375 0.53828125 0.0375 0.0578125
0 0.40625 0.621875 0.0390625 0.05625
0 0.1390625 0.76875 0.053125 0.05
0 0.13046875 0.84140625 0.046875 0.0515625
0 0.14765625 0.96484375 0.075 0.0375
0 0.08671875 0.8765625 0.0578125 0.0671875
0 0.01953125 0.71640625 0.0390625 0.0703125
0 0.0078125 0.80625 0.015625 0.084375
0 0.0453125 0.80625 0.04375 0.05
0 0.11796875 0.55234375 0.053125 0.0625
0 0.05703125 0.54375 0.053125 0.0640625
0 0.0375 0.34453125 0.0515625 0.05625
0 0.07890625 0.28046875 0.046875 0.05625
0 0.03125 0.271875 0.0453125 0.0859375
0 0.0671875 0.05234375 0.04375 0.0703125
0 0.0390625 0.0328125 0.034375 0.0609375
0 0.10859375 0.378125 0.0328125 0.0375
0 0.42109375 0.35 0.0375 0.0453125
0 0.828125 0.9453125 0.0671875 0.053125
0 0.76484375 0.95 0.0671875 0.05625