0 0.24921875 0.165625 0.0625 0.046875
0 0.50703125 0.11640625 0.0515625 0.0390625
0 0.47890625 0.17578125 0.053125 0.046875
0 0.24453125 0.23046875 0.0375 0.0359375
0 0.19453125 0.21796875 0.05625 0.0515625
0 0.159375 0.28671875 0.059375 0.059375
0 0.12578125 0.24765625 0.059375 0.0484375
0 0.0234375 0.1515625 0.046875 0.04375
0 0.2359375 0.66171875 0.0609375 0.05625
0 0.06171875 0.6796875 0.0609375 0.0578125
0 0.52734375 0.69609375 0.0640625 0.0640625
0 0.49765625 0.56328125 0.059375 0.0453125
0 0.41640625 0.57265625 0.059375 0.0453125
0 0.315625 0.85234375 0.0546875 0.0578125
0 0.24765625 0.87109375 0.05625 0.0515625
0 0.11171875 0.87578125 0.071875 0.0828125
0 0.2203125 0.91875 0.071875 0.0640625
0 0.38515625 0.9671875 0.0765625 0.065625
0 0.303125 0.984375 0.09375 0.03125
0 0.29296875 0.9484375 0.0546875 0.0484375
0 0.52578125 0.840625 0.0671875 0.0609375
0 0.54453125 0.89609375 0.06875 0.0609375
0 0.7390625 0.8859375 0.0609375 0.0578125
0 0.79453125 0.8359375 0.059375 0.0515625
0 0.81171875 0.88828125 0.0921875 0.071875
0 0.9890625 0.81171875 0.021875 0.0515625
0 0.69609375 0.821875 0.040625 0.0359375
0 0.67421875 0.5171875 0.0484375 0.0421875
0 0.04140625 0.21640625 0.0609375 0.0703125
0 0.04609375 0.278125 0.0609375 0.0703125