0 0.8453125 0.68515625 0.034375 0.053125
0 0.83984375 0.434375 0.028125 0.04375
0 0.790625 0.47265625 0.0359375 0.04375
0 0.78515625 0.70234375 0.028125 0.03125
0 0.80703125 0.746875 0.040625 0.046875
0 0.75 0.79375 0.0484375 0.0453125
0 0.79296875 0.81640625 0.0375 0.0484375
0 0.90390625 0.8953125 0.0328125 0.04375
0 0.384375 0.796875 0.04375 0.05
0 0.40234375 0.9625 0.0453125 0.0515625
0 0.29375 0.53046875 0.0515625 0.0515625
0 0.4234375 0.53203125 0.0328125 0.0515625
0 0.43125 0.61015625 0.034375 0.05
0 0.18984375 0.76015625 0.046875 0.04375
0 0.1859375 0.82734375 0.040625 0.046875
0 0.20859375 0.9546875 0.06875 0.05625
0 0.146875 0.8625 0.05 0.059375
0 0.06640625 0.7171875 0.05625 0.0625
0 0.03984375 0.80234375 0.071875 0.0765625
0 0.1046875 0.79921875 0.0375 0.0453125
0 0.0484375 0.91953125 0.034375 0.0375
0 0.159375 0.56015625 0.046875 0.05625
0 0.103125 0.5546875 0.046875 0.0578125
0 0.07421875 0.3703125 0.0453125 0.05
0 0.11015625 0.30859375 0.040625 0.05
0 0.0578125 0.303125 0.053125 0.078125
0 0.08828125 0.096875 0.0375 0.0640625
0 0.06015625 0.08203125 0.034375 0.05625
0 0.14296875 0.39765625 0.028125 0.034375
0 0.43203125 0.35703125 0.0328125 0.040625
0 0.8390625 0.88984375 0.059375 0.046875
0 0.78125 0.89765625 0.059375 0.0484375