0 0.30703125 0.834375 0.05625 0.0375
0 0.565625 0.83671875 0.046875 0.03125
0 0.528125 0.784375 0.046875 0.0375
0 0.29140625 0.77109375 0.0328125 0.0296875
0 0.24453125 0.7921875 0.05 0.04375
0 0.19765625 0.73203125 0.05 0.0515625
0 0.17265625 0.775 0.053125 0.040625
0 0.0875 0.88671875 0.046875 0.034375
0 0.2078125 0.3546875 0.053125 0.046875
0 0.03671875 0.36640625 0.053125 0.0484375
0 0.4859375 0.2703125 0.0546875 0.0546875
0 0.4796875 0.40390625 0.0546875 0.0359375
0 0.39921875 0.409375 0.053125 0.0375
0 0.253125 0.15546875 0.046875 0.05
0 0.18359375 0.1484375 0.05 0.04375
0 0.05234375 0.1671875 0.0609375 0.0734375
0 0.1484375 0.10703125 0.0625 0.053125
0 0.30078125 0.02890625 0.0671875 0.0578125
0 0.2140625 0.01875 0.08125 0.0375
0 0.215625 0.065625 0.0484375 0.040625
0 0.09375 0.01015625 0.040625 0.0203125
0 0.46015625 0.13046875 0.059375 0.05
0 0.46796875 0.07265625 0.0609375 0.05
0 0.659375 0.05 0.053125 0.0484375
0 0.721875 0.0890625 0.053125 0.04375
0 0.7296875 0.03515625 0.0828125 0.0578125
0 0.940625 0.0734375 0.0671875 0.040625
0 0.9578125 0.0453125 0.059375 0.0375
0 0.62890625 0.11953125 0.0359375 0.0296875
0 0.66015625 0.41953125 0.04375 0.034375
0 0.0953125 0.81953125 0.05 0.0625
0 0.08984375 0.76015625 0.05 0.0625