0 0.66875 0.39140625 0.046875 0.05
0 0.7875 0.4015625 0.0359375 0.0484375
0 0.8328125 0.3546875 0.04375 0.0515625
0 0.8640625 0.37421875 0.040625 0.0484375
0 0.87109375 0.33203125 0.05 0.0453125
0 0.7875 0.23203125 0.0421875 0.053125
0 0.7265625 0.17109375 0.0359375 0.0421875
0 0.6921875 0.20703125 0.0375 0.0390625
0 0.640625 0.21171875 0.0375 0.05
0 0.6796875 0.1375 0.0390625 0.040625
0 0.61171875 0.09765625 0.04375 0.0390625
0 0.684375 0.07109375 0.046875 0.0546875
0 0.76796875 0.0828125 0.0328125 0.0296875
0 0.8546875 0.14921875 0.0453125 0.0515625
0 0.9296875 0.56171875 0.0265625 0.040625
0 0.996875 0.515625 0.00625 0.040625
0 0.40546875 0.7953125 0.040625 0.0421875
0 0.43515625 0.75 0.040625 0.0453125
0 0.58984375 0.80078125 0.0359375 0.046875
0 0.59609375 0.74609375 0.03125 0.0453125
0 0.63359375 0.75546875 0.0359375 0.040625
0 0.6875 0.75703125 0.034375 0.0359375
0 0.66171875 0.71015625 0.0390625 0.040625
0 0.73046875 0.79765625 0.0328125 0.0578125
0 0.7234375 0.86171875 0.028125 0.0421875
0 0.7421875 0.740625 0.028125 0.0375
0 0.05234375 0.284375 0.0375 0.040625
0 0.0875 0.26171875 0.034375 0.0359375
0 0.021875 0.18125 0.0328125 0.04375
0 0.17265625 0.096875 0.0546875 0.0578125
0 0.32578125 0.13671875 0.03125 0.034375
0 0.32890625 0.09375 0.0421875 0.05
0 0.3671875 0.0953125 0.046875 0.05
0 0.5078125 0.12890625 0.03125 0.0390625
0 0.50703125 0.17265625 0.0375 0.04375
0 0.47890625 0.29140625 0.0453125 0.05
0 0.48203125 0.41484375 0.0375 0.040625
0 0.5375 0.41640625 0.0375 0.0421875
0 0.3546875 0.81171875 0.0328125 0.0390625
0 0.36484375 0.7171875 0.046875 0.05625