0 0.2703125 0.834375 0.0578125 0.040625
0 0.52578125 0.85546875 0.046875 0.0328125
0 0.4921875 0.80078125 0.0484375 0.040625
0 0.25859375 0.77109375 0.034375 0.0328125
0 0.2109375 0.78828125 0.0515625 0.046875
0 0.16953125 0.725 0.053125 0.0546875
0 0.1421875 0.76640625 0.0546875 0.04375
0 0.05 0.87109375 0.0484375 0.0375
0 0.20546875 0.35390625 0.0546875 0.05
0 0.03671875 0.35390625 0.0515625 0.0515625
0 0.4859375 0.28984375 0.0578125 0.0578125
0 0.4703125 0.421875 0.05625 0.0390625
0 0.390625 0.42109375 0.0546875 0.040625
0 0.26328125 0.159375 0.05 0.0515625
0 0.1953125 0.1484375 0.0515625 0.046875
0 0.0640625 0.1578125 0.065625 0.0765625
0 0.1640625 0.1046875 0.065625 0.05625
0 0.3203125 0.0390625 0.0703125 0.0640625
0 0.2359375 0.021875 0.084375 0.04375
0 0.2328125 0.06875 0.05 0.0421875
0 0.11640625 0.00859375 0.0421875 0.0171875
0 0.4703125 0.15 0.0625 0.053125
0 0.48125 0.09375 0.0640625 0.053125
0 0.67265625 0.08359375 0.0546875 0.0515625
0 0.73125 0.1265625 0.0546875 0.046875
0 0.74296875 0.0734375 0.084375 0.0625
0 0.9484375 0.1265625 0.06875 0.0453125
0 0.9671875 0.1 0.0609375 0.040625
0 0.6375 0.15078125 0.0375 0.0328125
0 0.64765625 0.4484375 0.0453125 0.0375
0 0.0625 0.80625 0.053125 0.065625
0 0.06015625 0.74609375 0.053125 0.065625