0 0.2953125 0.84609375 0.05625 0.0375
0 0.5515625 0.85390625 0.0453125 0.03125
0 0.515625 0.8015625 0.046875 0.0390625
0 0.28125 0.78359375 0.0328125 0.03125
0 0.234375 0.80390625 0.05 0.04375
0 0.18984375 0.74296875 0.05 0.0515625
0 0.1640625 0.78515625 0.053125 0.040625
0 0.078125 0.89453125 0.046875 0.0359375
0 0.20625 0.36953125 0.053125 0.046875
0 0.0359375 0.37890625 0.053125 0.0484375
0 0.4828125 0.290625 0.0546875 0.0546875
0 0.47421875 0.4234375 0.0546875 0.0359375
0 0.39453125 0.42734375 0.053125 0.0375
0 0.25390625 0.17265625 0.046875 0.05
0 0.1859375 0.16484375 0.05 0.04375
0 0.0546875 0.18203125 0.0609375 0.0734375
0 0.15234375 0.1234375 0.0640625 0.053125
0 0.3046875 0.04921875 0.0671875 0.0609375
0 0.21875 0.028125 0.08125 0.05625
0 0.21875 0.08359375 0.0484375 0.040625
0 0.0984375 0.01953125 0.040625 0.0375
0 0.459375 0.15234375 0.0609375 0.05
0 0.46875 0.0953125 0.0625 0.05
0 0.65859375 0.07578125 0.053125 0.0484375
0 0.71953125 0.115625 0.053125 0.04375
0 0.728125 0.0625 0.0828125 0.059375
0 0.93671875 0.1046875 0.0671875 0.0421875
0 0.953125 0.0765625 0.059375 0.0375
0 0.6265625 0.14453125 0.0359375 0.03125
0 0.65234375 0.44140625 0.04375 0.0359375
0 0.08671875 0.82890625 0.05 0.0640625
0 0.08203125 0.76875 0.05 0.0640625