0 0.671875 0.91328125 0.0609375 0.0421875
0 0.40703125 0.8796875 0.05 0.034375
0 0.45234375 0.83203125 0.05 0.04375
0 0.696875 0.8515625 0.0359375 0.0328125
0 0.74140625 0.8796875 0.0546875 0.0484375
0 0.79765625 0.82421875 0.0546875 0.05625
0 0.81640625 0.87265625 0.05625 0.0453125
0 0.8875 0.9890625 0.05 0.021875
0 0.8421875 0.43671875 0.0578125 0.0515625
0 0.99296875 0.471875 0.0140625 0.05
0 0.56953125 0.3109375 0.059375 0.059375
0 0.55625 0.4484375 0.0578125 0.040625
0 0.6390625 0.465625 0.05625 0.0421875
0 0.825 0.22734375 0.0515625 0.0546875
0 0.89609375 0.2296875 0.0546875 0.0484375
0 0.9375 0.1921875 0.06875 0.059375
0 0.79296875 0.090625 0.071875 0.0671875
0 0.8859375 0.075 0.0890625 0.08125
0 0.87578125 0.140625 0.0515625 0.0453125
0 0.99375 0.09375 0.0125 0.040625
0 0.615625 0.171875 0.065625 0.05625
0 0.61640625 0.11171875 0.0671875 0.05625
0 0.4234375 0.0609375 0.0578125 0.053125
0 0.3546875 0.0921875 0.0578125 0.0484375
0 0.3546875 0.03515625 0.0890625 0.065625
0 0.13203125 0.0453125 0.071875 0.046875
0 0.11953125 0.0171875 0.0640625 0.034375
0 0.4453125 0.13671875 0.0390625 0.0328125
0 0.36953125 0.43828125 0.046875 0.0390625
0 0.88984375 0.9296875 0.05625 0.06875
0 0.90390625 0.86953125 0.05625 0.06875