0 0.77734375 0.83515625 0.0640625 0.05
0 0.5171875 0.89375 0.053125 0.040625
0 0.54453125 0.8328125 0.0546875 0.0484375
0 0.78046875 0.76796875 0.0390625 0.0375
0 0.83125 0.7796875 0.059375 0.053125
0 0.86484375 0.70859375 0.0609375 0.0625
0 0.9 0.74765625 0.0609375 0.0515625
0 0.990625 0.84140625 0.01875 0.0453125
0 0.77421875 0.33125 0.0625 0.0578125
0 0.94453125 0.3078125 0.053125 0.0578125
0 0.4765625 0.30546875 0.065625 0.065625
0 0.51171875 0.4390625 0.0609375 0.046875
0 0.59375 0.4265625 0.0609375 0.0484375
0 0.6859375 0.13984375 0.0578125 0.059375
0 0.75546875 0.11796875 0.059375 0.053125
0 0.88984375 0.109375 0.0703125 0.084375
0 0.78125 0.06796875 0.075 0.0671875
0 0.61015625 0.03046875 0.0796875 0.0609375
0 0.6921875 0.0109375 0.096875 0.021875
0 0.70546875 0.04140625 0.05625 0.05
0 0.471875 0.159375 0.0703125 0.0625
0 0.45234375 0.103125 0.071875 0.0640625
0 0.2546875 0.1203125 0.0625 0.059375
0 0.2 0.17265625 0.0625 0.0546875
0 0.18046875 0.1203125 0.09375 0.075
0 0.30078125 0.184375 0.0421875 0.0375
0 0.3328125 0.4921875 0.05 0.04375
0 0.97734375 0.77578125 0.0453125 0.0734375
0 0.97421875 0.71328125 0.0515625 0.0734375