0 0.09140625 0.33125 0.04375 0.0609375
0 0.1296875 0.59609375 0.0359375 0.05
0 0.17734375 0.54921875 0.04375 0.0515625
0 0.15234375 0.3046875 0.0328125 0.0375
0 0.1234375 0.26015625 0.0484375 0.0546875
0 0.178125 0.203125 0.0578125 0.0546875
0 0.1296875 0.18515625 0.0453125 0.05625
0 0.0109375 0.11640625 0.021875 0.0515625
0 0.56484375 0.153125 0.053125 0.0578125
0 0.5265625 0.00546875 0.05 0.0109375
0 0.6953125 0.4234375 0.0609375 0.0609375
0 0.5578125 0.43828125 0.0421875 0.0578125
0 0.53984375 0.35625 0.0421875 0.0578125
0 0.77578125 0.16640625 0.0546875 0.053125
0 0.7703125 0.09453125 0.0484375 0.0546875
0 0.8078125 0.05234375 0.0609375 0.06875
0 0.9125 0.19609375 0.0671875 0.0734375
0 0.92265625 0.103125 0.0734375 0.0890625
0 0.86015625 0.1140625 0.0453125 0.053125
0 0.834375 0.37421875 0.05625 0.065625
0 0.89453125 0.37265625 0.0578125 0.0671875
0 0.9484375 0.5640625 0.0546875 0.059375
0 0.91875 0.634375 0.0484375 0.0578125
0 0.9703125 0.6328125 0.059375 0.090625
0 0.96953125 0.85546875 0.0484375 0.071875
0 0.9890625 0.86640625 0.021875 0.0640625
0 0.871875 0.54375 0.034375 0.040625
0 0.57109375 0.625 0.040625 0.046875
0 0.071875 0.11328125 0.06875 0.0578125
0 0.13203125 0.09765625 0.06875 0.059375