0 0.19609375 0.7828125 0.046875 0.0625
0 0.146875 0.525 0.0390625 0.0515625
0 0.20546875 0.553125 0.046875 0.053125
0 0.26171875 0.78671875 0.0359375 0.0375
0 0.2484375 0.8375 0.0515625 0.05625
0 0.3171875 0.87265625 0.059375 0.0578125
0 0.278125 0.90546875 0.0484375 0.0578125
0 0.18125 0.9921875 0.04375 0.015625
0 0.69140625 0.79609375 0.05625 0.0609375
0 0.70625 0.9546875 0.0515625 0.034375
0 0.7265625 0.5046875 0.0640625 0.0640625
0 0.59453125 0.534375 0.0453125 0.059375
0 0.603125 0.61640625 0.0453125 0.059375
0 0.88203125 0.71640625 0.0578125 0.0546875
0 0.9015625 0.784375 0.0515625 0.05625
0 0.90390625 0.9078125 0.078125 0.0484375
0 0.94921875 0.81171875 0.0640625 0.071875
0 0.98203125 0.64609375 0.0359375 0.0765625
0 0.9765625 0.73828125 0.046875 0.0546875
0 0.8703125 0.50625 0.0609375 0.0671875
0 0.92734375 0.4875 0.0609375 0.06875
0 0.91640625 0.29296875 0.0578125 0.0609375
0 0.865625 0.2375 0.0515625 0.059375
0 0.91796875 0.22109375 0.071875 0.0921875
0 0.84140625 0.02578125 0.0515625 0.0515625
0 0.8671875 0.01328125 0.046875 0.0265625
0 0.8515625 0.3359375 0.0359375 0.040625
0 0.546875 0.35703125 0.0421875 0.0484375
0 0.24609375 0.9796875 0.0703125 0.040625
0 0.30703125 0.97734375 0.0703125 0.0453125