0 0.81484375 0.73828125 0.0421875 0.059375
0 0.8453125 0.48203125 0.034375 0.0484375
0 0.78984375 0.5140625 0.0421875 0.05
0 0.7515625 0.74765625 0.0328125 0.0359375
0 0.76796875 0.7953125 0.0484375 0.053125
0 0.703125 0.83515625 0.05625 0.053125
0 0.74375 0.86484375 0.0453125 0.0546875
0 0.8453125 0.9609375 0.0390625 0.05
0 0.3296875 0.7859375 0.0515625 0.0578125
0 0.325 0.9546875 0.053125 0.05625
0 0.27578125 0.5015625 0.059375 0.059375
0 0.4078125 0.521875 0.040625 0.0578125
0 0.4046875 0.60234375 0.0421875 0.05625
0 0.13671875 0.72109375 0.0546875 0.0515625
0 0.1234375 0.78828125 0.0484375 0.053125
0 0.128125 0.921875 0.078125 0.0671875
0 0.07890625 0.81875 0.059375 0.0671875
0 0.025 0.659375 0.05 0.071875
0 0.009375 0.74296875 0.01875 0.0859375
0 0.04453125 0.7484375 0.04375 0.0515625
0 0.134375 0.5125 0.05625 0.0640625
0 0.078125 0.49921875 0.05625 0.065625
0 0.075 0.30703125 0.053125 0.0578125
0 0.1203125 0.24921875 0.0484375 0.05625
0 0.06796875 0.23671875 0.065625 0.0875
0 0.128125 0.0328125 0.046875 0.065625
0 0.10078125 0.02109375 0.0421875 0.0421875
0 0.140625 0.34453125 0.0328125 0.0390625
0 0.44140625 0.3453125 0.0390625 0.046875
0 0.7796875 0.9453125 0.0671875 0.05625
0 0.71953125 0.94609375 0.0671875 0.0578125