0 0.20703125 0.8484375 0.0640625 0.0484375
0 0.47421875 0.89921875 0.053125 0.0390625
0 0.44453125 0.83828125 0.0546875 0.0484375
0 0.20234375 0.78125 0.0390625 0.0375
0 0.15 0.79375 0.059375 0.053125
0 0.11328125 0.72265625 0.0609375 0.0625
0 0.07890625 0.7625 0.0609375 0.0515625
0 0.1921875 0.33359375 0.0625 0.0578125
0 0.03359375 0.3203125 0.021875 0.05
0 0.4953125 0.29765625 0.0671875 0.0671875
0 0.4640625 0.43515625 0.0625 0.046875
0 0.3796875 0.42578125 0.0609375 0.0484375
0 0.275 0.1359375 0.0578125 0.059375
0 0.2046875 0.1171875 0.059375 0.053125
0 0.08203125 0.11640625 0.0390625 0.078125
0 0.17578125 0.0671875 0.0734375 0.065625
0 0.34765625 0.02578125 0.0796875 0.0515625
0 0.25234375 0.03671875 0.05625 0.05
0 0.49375 0.14921875 0.0703125 0.0625
0 0.5125 0.090625 0.071875 0.0625
0 0.71484375 0.1015625 0.0625 0.059375
0 0.771875 0.153125 0.0625 0.0546875
0 0.78984375 0.09921875 0.0953125 0.0734375
0 0.98125 0.17734375 0.0375 0.0546875
0 0.6703125 0.16796875 0.04375 0.0375
0 0.6484375 0.48359375 0.05 0.04375
0 0.0109375 0.79453125 0.021875 0.0734375
0 0.01328125 0.73203125 0.0265625 0.0734375