0 0.34140625 0.1375 0.05625 0.0390625
0 0.59296875 0.16484375 0.0453125 0.03125
0 0.54921875 0.2109375 0.046875 0.0390625
0 0.31875 0.19609375 0.0328125 0.03125
0 0.2765625 0.1703125 0.05 0.0453125
0 0.225 0.2234375 0.0515625 0.0515625
0 0.2046875 0.17890625 0.053125 0.0421875
0 0.1359375 0.06015625 0.046875 0.0359375
0 0.1890625 0.58984375 0.053125 0.0484375
0 0.025 0.55625 0.05 0.05
0 0.4484375 0.70390625 0.05625 0.05625
0 0.45859375 0.57421875 0.0546875 0.0375
0 0.38046875 0.559375 0.053125 0.0390625
0 0.209375 0.7875 0.0484375 0.05
0 0.140625 0.7859375 0.05 0.0453125
0 0.0234375 0.75078125 0.046875 0.0734375
0 0.10234375 0.821875 0.0640625 0.0546875
0 0.240625 0.91484375 0.0671875 0.0609375
0 0.15390625 0.934375 0.0828125 0.0796875
0 0.1625 0.86953125 0.0484375 0.040625
0 0.03671875 0.915625 0.040625 0.0375
0 0.40625 0.8359375 0.059375 0.0515625
0 0.4078125 0.89296875 0.0609375 0.0515625
0 0.58984375 0.9375 0.053125 0.05
0 0.6546875 0.90703125 0.053125 0.0453125
0 0.65546875 0.9609375 0.0828125 0.059375
0 0.86484375 0.94765625 0.0671875 0.04375
0 0.87734375 0.97734375 0.059375 0.0390625
0 0.56796875 0.86640625 0.0359375 0.03125
0 0.634375 0.58046875 0.04375 0.0359375
0 0.1359375 0.12578125 0.0515625 0.0625
0 0.1234375 0.1828125 0.0515625 0.0625