0 0.66484375 0.59296875 0.04375 0.046875
0 0.78046875 0.584375 0.034375 0.046875
0 0.8234375 0.63046875 0.040625 0.05
0 0.85390625 0.6125 0.0375 0.046875
0 0.859375 0.653125 0.0484375 0.0421875
0 0.77734375 0.7484375 0.0390625 0.0515625
0 0.7171875 0.80703125 0.034375 0.040625
0 0.684375 0.77109375 0.0359375 0.0375
0 0.63515625 0.765625 0.0359375 0.0484375
0 0.67109375 0.83828125 0.0375 0.0390625
0 0.6046875 0.87578125 0.0421875 0.0375
0 0.67421875 0.903125 0.04375 0.0515625
0 0.75625 0.89296875 0.03125 0.028125
0 0.840625 0.83046875 0.0421875 0.05
0 0.9203125 0.43203125 0.025 0.0390625
0 0.990625 0.47734375 0.01875 0.0390625
0 0.4171875 0.196875 0.0390625 0.040625
0 0.44453125 0.24140625 0.0375 0.04375
0 0.5953125 0.19453125 0.034375 0.0453125
0 0.6 0.24765625 0.0296875 0.04375
0 0.63671875 0.2390625 0.034375 0.0390625
0 0.6890625 0.23828125 0.0328125 0.034375
0 0.66328125 0.28359375 0.0375 0.0390625
0 0.73203125 0.2 0.03125 0.05625
0 0.72578125 0.1375 0.0265625 0.040625
0 0.74140625 0.2546875 0.0265625 0.0359375
0 0.065625 0.6859375 0.0359375 0.0390625
0 0.1 0.70859375 0.0328125 0.034375
0 0.0328125 0.7859375 0.0359375 0.0421875
0 0.17890625 0.86953125 0.0515625 0.0546875
0 0.328125 0.83359375 0.0296875 0.0328125
0 0.33046875 0.875 0.0390625 0.0484375
0 0.36796875 0.87421875 0.04375 0.046875
0 0.5046875 0.84375 0.0296875 0.0375
0 0.5046875 0.8015625 0.0359375 0.0421875
0 0.47890625 0.6859375 0.0421875 0.0484375
0 0.484375 0.5671875 0.0359375 0.0390625
0 0.53828125 0.56640625 0.0359375 0.040625
0 0.36796875 0.18046875 0.03125 0.0375
0 0.37578125 0.271875 0.04375 0.053125