0 0.790625 0.2359375 0.046875 0.059375
0 0.846875 0.48203125 0.0375 0.05
0 0.78828125 0.45625 0.0453125 0.0515625
0 0.72734375 0.2328125 0.034375 0.0375
0 0.7375 0.184375 0.05 0.0546875
0 0.67109375 0.153125 0.0578125 0.05625
0 0.70703125 0.11953125 0.0484375 0.05625
0 0.79609375 0.0203125 0.0421875 0.040625
0 0.31328125 0.2390625 0.0546875 0.059375
0 0.290625 0.07265625 0.05625 0.0609375
0 0.28984375 0.52109375 0.0625 0.0625
0 0.415625 0.48828125 0.04375 0.0578125
0 0.40390625 0.409375 0.0453125 0.05625
0 0.13203125 0.321875 0.05625 0.053125
0 0.11171875 0.25703125 0.05 0.0546875
0 0.103125 0.12734375 0.08125 0.071875
0 0.065625 0.23203125 0.0625 0.0703125
0 0.028125 0.39375 0.05625 0.075
0 0.009375 0.31796875 0.01875 0.0921875
0 0.03984375 0.3046875 0.046875 0.053125
0 0.15078125 0.525 0.059375 0.065625
0 0.09765625 0.54375 0.059375 0.0671875
0 0.11484375 0.73046875 0.05625 0.059375
0 0.16484375 0.7828125 0.0515625 0.0578125
0 0.1140625 0.80078125 0.0703125 0.0890625
0 0.19453125 0.97890625 0.0515625 0.0421875
0 0.1703125 0.9921875 0.046875 0.015625
0 0.175 0.6875 0.0359375 0.040625
0 0.46640625 0.65625 0.0421875 0.046875
0 0.73515625 0.0375 0.06875 0.059375
0 0.67578125 0.04375 0.06875 0.0609375