0 0.68515625 0.1546875 0.053125 0.034375
0 0.434375 0.16015625 0.04375 0.028125
0 0.47265625 0.209375 0.04375 0.0359375
0 0.70234375 0.21484375 0.03125 0.028125
0 0.746875 0.19296875 0.046875 0.040625
0 0.79375 0.25 0.046875 0.0484375
0 0.81640625 0.20703125 0.05 0.0375
0 0.8953125 0.09609375 0.04375 0.0328125
0 0.796875 0.615625 0.05 0.04375
0 0.9625 0.59765625 0.05 0.0453125
0 0.53046875 0.70625 0.0515625 0.0515625
0 0.53203125 0.5765625 0.0515625 0.0328125
0 0.61015625 0.56875 0.05 0.034375
0 0.76015625 0.81015625 0.04375 0.046875
0 0.82734375 0.8140625 0.046875 0.040625
0 0.9546875 0.79140625 0.05625 0.06875
0 0.8625 0.853125 0.059375 0.05
0 0.7171875 0.93359375 0.0625 0.05625
0 0.80234375 0.96015625 0.0765625 0.071875
0 0.79921875 0.8953125 0.0453125 0.0375
0 0.91953125 0.9515625 0.0375 0.034375
0 0.56015625 0.840625 0.05625 0.046875
0 0.5546875 0.896875 0.0578125 0.046875
0 0.3703125 0.92578125 0.05 0.0453125
0 0.30859375 0.88984375 0.05 0.040625
0 0.303125 0.9421875 0.078125 0.053125
0 0.096875 0.91171875 0.0640625 0.0375
0 0.08203125 0.93984375 0.05625 0.034375
0 0.39765625 0.85703125 0.034375 0.028125
0 0.35703125 0.56796875 0.040625 0.0328125
0 0.88984375 0.1609375 0.046875 0.059375
0 0.89765625 0.21875 0.046875 0.059375