0 0.2390625 0.49296875 0.0515625 0.065625
0 0.07109375 0.575 0.0546875 0.0625
0 0.134375 0.4578125 0.05625 0.065625
0 0.0796875 0.3984375 0.0453125 0.0453125
0 0.07890625 0.34609375 0.046875 0.053125
0 0.17109375 0.33046875 0.05 0.0640625
0 0.08046875 0.26875 0.0609375 0.0640625
0 0.284375 0.54453125 0.0515625 0.065625
0 0.45078125 0.6375 0.0453125 0.0421875
0 0.46484375 0.61015625 0.0390625 0.04375
0 0.4953125 0.4328125 0.040625 0.053125
0 0.58515625 0.71953125 0.0453125 0.0515625
0 0.68046875 0.7171875 0.05625 0.0609375
0 0.64921875 0.575 0.059375 0.053125
0 0.63359375 0.4703125 0.065625 0.0546875
0 0.575 0.45625 0.04375 0.0421875
0 0.54921875 0.509375 0.040625 0.0390625
0 0.81484375 0.4109375 0.0578125 0.053125
0 0.73359375 0.51796875 0.0359375 0.0484375
0 0.69609375 0.47421875 0.053125 0.0515625
0 0.74375 0.4609375 0.0390625 0.04375
0 0.765625 0.4765625 0.040625 0.0390625
0 0.978125 0.38515625 0.04375 0.0546875
0 0.8703125 0.3171875 0.0421875 0.05
0 0.99375 0.34765625 0.0125 0.0609375
0 0.9375 0.64609375 0.0578125 0.0625
0 0.909375 0.71796875 0.0484375 0.059375
0 0.85625 0.73125 0.0578125 0.065625
0 0.6234375 0.8765625 0.05 0.0625
0 0.846875 0.559375 0.0515625 0.065625
0 0.9203125 0.5390625 0.046875 0.05625
0 0.85859375 0.48203125 0.040625 0.0578125
0 0.78046875 0.9125 0.0328125 0.028125
0 0.73046875 0.83828125 0.0375 0.0375
0 0.75625 0.82109375 0.028125 0.0359375
0 0.9625 0.7453125 0.0140625 0.034375
0 0.44296875 0.790625 0.034375 0.0390625
0 0.50546875 0.78203125 0.0390625 0.046875
0 0.51171875 0.73828125 0.040625 0.040625