0 0.2296875 0.4765625 0.053125 0.065625
0 0.0609375 0.39765625 0.0546875 0.0640625
0 0.12578125 0.51328125 0.0578125 0.0671875
0 0.07109375 0.57421875 0.046875 0.046875
0 0.07265625 0.62578125 0.046875 0.053125
0 0.1640625 0.6390625 0.0515625 0.0640625
0 0.075 0.703125 0.0625 0.0640625
0 0.27421875 0.4234375 0.053125 0.065625
0 0.4390625 0.328125 0.0453125 0.0421875
0 0.45390625 0.35546875 0.0390625 0.0453125
0 0.4875 0.53203125 0.040625 0.0546875
0 0.57265625 0.24453125 0.0453125 0.0515625
0 0.66796875 0.2453125 0.0578125 0.0609375
0 0.6390625 0.38671875 0.0609375 0.0546875
0 0.62421875 0.4921875 0.0671875 0.05625
0 0.565625 0.50703125 0.04375 0.0421875
0 0.53984375 0.45390625 0.040625 0.040625
0 0.80703125 0.54921875 0.0578125 0.0546875
0 0.72421875 0.44296875 0.0375 0.0484375
0 0.6875 0.48671875 0.053125 0.0515625
0 0.73515625 0.5 0.0390625 0.0453125
0 0.75546875 0.484375 0.040625 0.040625
0 0.97421875 0.5703125 0.0515625 0.05625
0 0.8640625 0.64140625 0.04375 0.05
0 0.98984375 0.60703125 0.0203125 0.0609375
0 0.925 0.3109375 0.0578125 0.0640625
0 0.89609375 0.2390625 0.05 0.059375
0 0.84296875 0.22734375 0.059375 0.0671875
0 0.60703125 0.08671875 0.05 0.0625
0 0.8359375 0.3984375 0.053125 0.065625
0 0.909375 0.41796875 0.0484375 0.05625
0 0.85 0.47734375 0.0421875 0.0578125
0 0.7640625 0.0484375 0.0328125 0.028125
0 0.71484375 0.121875 0.0375 0.0375
0 0.740625 0.13984375 0.028125 0.0359375
0 0.95078125 0.21171875 0.01875 0.034375
0 0.428125 0.175 0.0359375 0.0390625
0 0.490625 0.1828125 0.0390625 0.0484375
0 0.4984375 0.2265625 0.0421875 0.0421875