0 0.22890625 0.45234375 0.040625 0.05625
0 0.08359375 0.35078125 0.04375 0.053125
0 0.125 0.46953125 0.0453125 0.05625
0 0.06484375 0.5171875 0.0375 0.0375
0 0.05703125 0.565625 0.0375 0.0453125
0 0.140625 0.59375 0.0390625 0.0546875
0 0.046875 0.63828125 0.05 0.053125
0 0.278125 0.41015625 0.040625 0.05625
0 0.44765625 0.3484375 0.0375 0.034375
0 0.45703125 0.3765625 0.03125 0.0375
0 0.459375 0.546875 0.03125 0.046875
0 0.5859375 0.2921875 0.0359375 0.04375
0 0.675 0.30859375 0.046875 0.05
0 0.62421875 0.4359375 0.05 0.04375
0 0.59375 0.53203125 0.05625 0.04375
0 0.53671875 0.5359375 0.0359375 0.034375
0 0.52109375 0.4828125 0.034375 0.0328125
0 0.7546875 0.61484375 0.0484375 0.04375
0 0.69453125 0.50234375 0.028125 0.0421875
0 0.653125 0.5375 0.04375 0.0421875
0 0.6953125 0.55703125 0.03125 0.0375
0 0.71796875 0.54609375 0.034375 0.0328125
0 0.9078125 0.6625 0.040625 0.046875
0 0.79296875 0.71015625 0.034375 0.0421875
0 0.92734375 0.7015625 0.034375 0.053125
0 0.97890625 0.6125 0.025 0.053125
0 0.97109375 0.48984375 0.0328125 0.046875
0 0.96796875 0.44453125 0.0421875 0.0578125
0 0.90390625 0.4125 0.046875 0.053125
0 0.88828125 0.340625 0.0390625 0.05
0 0.84140625 0.32109375 0.046875 0.05625
0 0.64453125 0.15078125 0.0390625 0.053125
0 0.80625 0.4796875 0.040625 0.05625
0 0.871875 0.51015625 0.0375 0.0484375
0 0.80625 0.5546875 0.03125 0.05
0 0.98515625 0.74453125 0.0296875 0.0328125
0 0.796875 0.140625 0.028125 0.021875
0 0.7390625 0.2015625 0.03125 0.03125
0 0.76015625 0.221875 0.021875 0.03125
0 0.95390625 0.3234375 0.028125 0.03125
0 0.46328125 0.20390625 0.028125 0.0328125
0 0.5203125 0.22109375 0.03125 0.040625
0 0.5203125 0.26328125 0.034375 0.034375