0 0.8 0.56328125 0.0453125 0.0609375
0 0.9578125 0.66484375 0.0484375 0.0578125
0 0.909375 0.54140625 0.05 0.0609375
0 0.97109375 0.48828125 0.040625 0.040625
0 0.978125 0.4375 0.0421875 0.0484375
0 0.88828125 0.4109375 0.04375 0.059375
0 0.97734375 0.36015625 0.0375 0.0578125
0 0.75 0.609375 0.0453125 0.0609375
0 0.5734375 0.68046875 0.040625 0.0375
0 0.5625 0.65078125 0.034375 0.040625
0 0.55390625 0.471875 0.034375 0.05
0 0.4296875 0.74453125 0.040625 0.046875
0 0.334375 0.73125 0.0515625 0.0546875
0 0.38359375 0.59453125 0.0546875 0.0484375
0 0.4125 0.4921875 0.0609375 0.0484375
0 0.471875 0.4859375 0.0390625 0.0375
0 0.490625 0.54140625 0.0375 0.0359375
0 0.2390625 0.4109375 0.053125 0.0484375
0 0.30703125 0.52734375 0.03125 0.0453125
0 0.34921875 0.4890625 0.046875 0.046875
0 0.30390625 0.46953125 0.034375 0.040625
0 0.28046875 0.48203125 0.0375 0.0359375
0 0.07578125 0.36640625 0.0453125 0.05
0 0.1953125 0.3109375 0.0375 0.0453125
0 0.05390625 0.32578125 0.0375 0.0578125
0 0.00859375 0.4203125 0.0171875 0.05625
0 0.0171875 0.55 0.0328125 0.05
0 0.0234375 0.5984375 0.0421875 0.0625
0 0.0890625 0.6296875 0.0515625 0.0578125
0 0.10859375 0.70546875 0.04375 0.0546875
0 0.15859375 0.7234375 0.0515625 0.0609375
0 0.37265625 0.896875 0.04375 0.0578125
0 0.18984375 0.55546875 0.0453125 0.0609375
0 0.11953125 0.52578125 0.0421875 0.0515625
0 0.1875 0.4765625 0.034375 0.0546875
0 0.00390625 0.28125 0.0078125 0.034375
0 0.21171875 0.9125 0.03125 0.025
0 0.27109375 0.84609375 0.034375 0.034375
0 0.24765625 0.8265625 0.025 0.034375
0 0.03984375 0.72578125 0.03125 0.034375
0 0.56171875 0.834375 0.03125 0.0359375
0 0.50078125 0.81796875 0.034375 0.04375
0 0.49921875 0.7734375 0.0375 0.0375