0 0.79296875 0.59609375 0.0546875 0.06875
0 0.92421875 0.73671875 0.059375 0.0671875
0 0.90703125 0.60078125 0.0609375 0.0703125
0 0.978125 0.5625 0.04375 0.046875
0 0.98671875 0.5140625 0.0265625 0.053125
0 0.91875 0.465625 0.053125 0.0671875
0 0.73125 0.6296875 0.0546875 0.06875
0 0.53828125 0.65703125 0.046875 0.0453125
0 0.53515625 0.625 0.040625 0.046875
0 0.57109375 0.44375 0.04375 0.05625
0 0.37890625 0.68515625 0.0484375 0.0546875
0 0.2890625 0.64765625 0.0609375 0.0640625
0 0.37109375 0.52421875 0.0625 0.0578125
0 0.42578125 0.4296875 0.06875 0.059375
0 0.4859375 0.43828125 0.0453125 0.0453125
0 0.490625 0.4984375 0.04375 0.0421875
0 0.2734375 0.30546875 0.0609375 0.0578125
0 0.31171875 0.43828125 0.0390625 0.05
0 0.36328125 0.41015625 0.05625 0.0546875
0 0.3234375 0.38046875 0.040625 0.046875
0 0.29765625 0.38671875 0.04375 0.0421875
0 0.12265625 0.22109375 0.053125 0.059375
0 0.2546875 0.19609375 0.046875 0.0515625
0 0.1109375 0.175 0.0484375 0.0640625
0 0.04375 0.26015625 0.0203125 0.0578125
0 0.0234375 0.39140625 0.03125 0.0546875
0 0.01875 0.43984375 0.0375 0.0671875
0 0.0703125 0.4859375 0.0609375 0.0671875
0 0.0703125 0.56640625 0.053125 0.0609375
0 0.115625 0.59765625 0.0625 0.0703125
0 0.2859375 0.82109375 0.053125 0.065625
0 0.1890625 0.4375 0.0546875 0.06875
0 0.1265625 0.38984375 0.05 0.059375
0 0.20546875 0.35859375 0.04375 0.059375
0 0.121875 0.7984375 0.034375 0.0296875
0 0.196875 0.74609375 0.040625 0.040625
0 0.17890625 0.7203125 0.0296875 0.0375
0 0.0078125 0.56953125 0.015625 0.0390625
0 0.4890625 0.80625 0.0375 0.040625
0 0.4328125 0.775 0.0421875 0.05
0 0.4421875 0.73046875 0.04375 0.04375