0 0.21875 0.49609375 0.0546875 0.0671875
0 0.0484375 0.56484375 0.05625 0.0640625
0 0.11796875 0.45390625 0.059375 0.0671875
0 0.06796875 0.3921875 0.046875 0.046875
0 0.07109375 0.340625 0.0484375 0.0546875
0 0.16171875 0.33203125 0.053125 0.0640625
0 0.078125 0.265625 0.0625 0.065625
0 0.25859375 0.55 0.0546875 0.0671875
0 0.415625 0.65234375 0.046875 0.04375
0 0.43125 0.62578125 0.040625 0.0453125
0 0.4734375 0.45390625 0.0421875 0.0546875
0 0.54296875 0.74140625 0.046875 0.053125
0 0.63671875 0.7453125 0.059375 0.0609375
0 0.61484375 0.60546875 0.0609375 0.05625
0 0.60625 0.50078125 0.0671875 0.0578125
0 0.54921875 0.48359375 0.0453125 0.04375
0 0.52109375 0.5328125 0.0421875 0.0421875
0 0.7890625 0.4546875 0.059375 0.0546875
0 0.7015625 0.55390625 0.0375 0.0484375
0 0.66796875 0.509375 0.0546875 0.053125
0 0.71484375 0.49921875 0.040625 0.0453125
0 0.73515625 0.51484375 0.0421875 0.0421875
0 0.95546875 0.44140625 0.0515625 0.05625
0 0.85 0.36640625 0.0453125 0.05
0 0.98046875 0.40625 0.0390625 0.0625
0 0.971875 0.63046875 0.03125 0.0515625
0 0.9578125 0.67421875 0.0421875 0.065625
0 0.8921875 0.69375 0.059375 0.065625
0 0.86015625 0.7625 0.0515625 0.059375
0 0.8078125 0.771875 0.0609375 0.06875
0 0.56953125 0.8984375 0.0515625 0.0625
0 0.81015625 0.603125 0.0546875 0.0671875
0 0.8828125 0.5875 0.05 0.0578125
0 0.82734375 0.52734375 0.04375 0.0578125
0 0.7203125 0.94375 0.0328125 0.028125
0 0.6765625 0.86875 0.0390625 0.0390625
0 0.70234375 0.853125 0.0296875 0.0375
0 0.92265625 0.7953125 0.0359375 0.0390625
0 0.39765625 0.8015625 0.0359375 0.040625
0 0.459375 0.79765625 0.0421875 0.0484375
0 0.46953125 0.7546875 0.04375 0.04375