0 0.77578125 0.5359375 0.046875 0.0609375
0 0.934375 0.628125 0.05 0.0578125
0 0.88125 0.51015625 0.0515625 0.0609375
0 0.9390625 0.45546875 0.0421875 0.0421875
0 0.94296875 0.4046875 0.04375 0.05
0 0.8546875 0.38359375 0.0453125 0.059375
0 0.94609375 0.32890625 0.05625 0.059375
0 0.7296875 0.584375 0.046875 0.0609375
0 0.5609375 0.66328125 0.0421875 0.0390625
0 0.54765625 0.63515625 0.0359375 0.0421875
0 0.53046875 0.46015625 0.0359375 0.0515625
0 0.4234375 0.73359375 0.040625 0.0484375
0 0.3296875 0.72421875 0.053125 0.05625
0 0.37109375 0.5890625 0.0546875 0.05
0 0.39375 0.4875 0.0609375 0.05
0 0.4515625 0.478125 0.0390625 0.0375
0 0.47265625 0.53125 0.0375 0.0359375
0 0.2203125 0.4171875 0.053125 0.05
0 0.29296875 0.5265625 0.0328125 0.046875
0 0.33203125 0.4875 0.0484375 0.046875
0 0.2875 0.47109375 0.0359375 0.0421875
0 0.26484375 0.484375 0.0375 0.0359375
0 0.059375 0.38203125 0.046875 0.0515625
0 0.1734375 0.32265625 0.0390625 0.046875
0 0.03515625 0.34296875 0.0390625 0.0578125
0 0.003125 0.43828125 0.00625 0.0546875
0 0.015625 0.56328125 0.028125 0.05
0 0.0234375 0.6109375 0.0359375 0.0625
0 0.08515625 0.63828125 0.053125 0.059375
0 0.10859375 0.7109375 0.0453125 0.0546875
0 0.15859375 0.7265625 0.053125 0.0625
0 0.37578125 0.884375 0.0453125 0.0578125
0 0.1796875 0.56015625 0.046875 0.0609375
0 0.109375 0.53515625 0.04375 0.053125
0 0.1734375 0.4828125 0.0359375 0.0546875
0 0.21953125 0.9078125 0.03125 0.025
0 0.27421875 0.840625 0.034375 0.034375
0 0.25078125 0.82109375 0.025 0.034375
0 0.0421875 0.734375 0.03125 0.034375
0 0.55703125 0.81328125 0.03125 0.0359375
0 0.49765625 0.80078125 0.0359375 0.0453125
0 0.49375 0.75703125 0.0375 0.0375