0 0.22890625 0.54765625 0.040625 0.05625
0 0.08359375 0.64921875 0.04375 0.053125
0 0.125 0.53046875 0.0453125 0.05625
0 0.06484375 0.4828125 0.0375 0.0375
0 0.05703125 0.434375 0.0375 0.0453125
0 0.140625 0.40625 0.0390625 0.0546875
0 0.046875 0.36171875 0.05 0.053125
0 0.278125 0.58984375 0.040625 0.05625
0 0.44765625 0.6515625 0.0375 0.034375
0 0.45703125 0.6234375 0.03125 0.0375
0 0.459375 0.453125 0.03125 0.046875
0 0.5859375 0.7078125 0.0359375 0.04375
0 0.675 0.69140625 0.046875 0.05
0 0.62421875 0.5640625 0.05 0.04375
0 0.59375 0.46796875 0.05625 0.04375
0 0.53671875 0.4640625 0.0359375 0.034375
0 0.52109375 0.5171875 0.034375 0.0328125
0 0.7546875 0.38515625 0.0484375 0.04375
0 0.69453125 0.49765625 0.028125 0.0421875
0 0.653125 0.4625 0.04375 0.0421875
0 0.6953125 0.44296875 0.03125 0.0375
0 0.71796875 0.45390625 0.034375 0.0328125
0 0.9078125 0.3375 0.040625 0.046875
0 0.79296875 0.28984375 0.034375 0.0421875
0 0.92734375 0.2984375 0.034375 0.053125
0 0.97890625 0.3875 0.025 0.053125
0 0.97109375 0.51015625 0.0328125 0.046875
0 0.96796875 0.55546875 0.0421875 0.0578125
0 0.90390625 0.5875 0.046875 0.053125
0 0.88828125 0.659375 0.0390625 0.05
0 0.84140625 0.67890625 0.046875 0.05625
0 0.64453125 0.84921875 0.0390625 0.053125
0 0.80625 0.5203125 0.040625 0.05625
0 0.871875 0.48984375 0.0375 0.0484375
0 0.80625 0.4453125 0.03125 0.05
0 0.98515625 0.25546875 0.0296875 0.0328125
0 0.796875 0.859375 0.028125 0.021875
0 0.7390625 0.7984375 0.03125 0.03125
0 0.76015625 0.778125 0.021875 0.03125
0 0.95390625 0.6765625 0.028125 0.03125
0 0.46328125 0.79609375 0.028125 0.0328125
0 0.5203125 0.77890625 0.03125 0.040625
0 0.5203125 0.73671875 0.034375 0.034375