0 0.796875 0.49765625 0.0484375 0.0625
0 0.959375 0.4078125 0.0515625 0.059375
0 0.903125 0.5265625 0.053125 0.0625
0 0.96015625 0.5828125 0.0421875 0.0421875
0 0.96328125 0.634375 0.04375 0.0515625
0 0.8734375 0.65390625 0.046875 0.0609375
0 0.96015625 0.709375 0.046875 0.059375
0 0.75078125 0.4484375 0.0484375 0.0625
0 0.58125 0.365625 0.0421875 0.0390625
0 0.56796875 0.39375 0.0359375 0.0421875
0 0.546875 0.57109375 0.0375 0.053125
0 0.44296875 0.2921875 0.0421875 0.05
0 0.3484375 0.29921875 0.0546875 0.0578125
0 0.3875 0.43671875 0.05625 0.0515625
0 0.40859375 0.540625 0.0625 0.0515625
0 0.4671875 0.55078125 0.040625 0.0390625
0 0.4890625 0.49765625 0.0390625 0.0375
0 0.23203125 0.609375 0.0546875 0.0515625
0 0.30703125 0.4984375 0.034375 0.046875
0 0.346875 0.53984375 0.05 0.0484375
0 0.3 0.55546875 0.0359375 0.0421875
0 0.278125 0.5421875 0.0390625 0.0375
0 0.06796875 0.64140625 0.046875 0.053125
0 0.18203125 0.70390625 0.040625 0.046875
0 0.04375 0.68046875 0.0421875 0.059375
0 0.00703125 0.58203125 0.0140625 0.0578125
0 0.02109375 0.45546875 0.0390625 0.053125
0 0.02890625 0.40859375 0.05 0.0640625
0 0.09921875 0.3828125 0.0546875 0.0609375
0 0.1234375 0.309375 0.0453125 0.05625
0 0.17421875 0.29375 0.0546875 0.0640625
0 0.39765625 0.13828125 0.046875 0.059375
0 0.19375 0.46328125 0.0484375 0.0625
0 0.121875 0.4875 0.04375 0.0546875
0 0.18515625 0.540625 0.0375 0.05625
0 0.23984375 0.1109375 0.03125 0.025
0 0.29375 0.18046875 0.0359375 0.0359375
0 0.26953125 0.2 0.0265625 0.034375
0 0.05703125 0.284375 0.0328125 0.0359375
0 0.58046875 0.2140625 0.0328125 0.0375
0 0.51875 0.22578125 0.0375 0.0453125
0 0.5140625 0.26875 0.0390625 0.0390625