0 0.215625 0.49921875 0.05 0.0625
0 0.05390625 0.42109375 0.053125 0.0609375
0 0.11484375 0.53359375 0.0546875 0.0640625
0 0.06171875 0.58984375 0.04375 0.04375
0 0.06171875 0.63984375 0.0453125 0.0515625
0 0.15 0.65546875 0.0484375 0.0609375
0 0.06328125 0.7140625 0.0578125 0.0609375
0 0.2578125 0.45 0.05 0.0625
0 0.41796875 0.3609375 0.04375 0.040625
0 0.43125 0.3875 0.0375 0.0421875
0 0.4609375 0.5578125 0.0390625 0.0515625
0 0.546875 0.2828125 0.04375 0.05
0 0.6390625 0.28515625 0.0546875 0.0578125
0 0.60859375 0.4203125 0.0578125 0.0515625
0 0.59296875 0.521875 0.0640625 0.053125
0 0.5359375 0.534375 0.0421875 0.040625
0 0.5125 0.48359375 0.040625 0.0390625
0 0.7671875 0.57890625 0.05625 0.0515625
0 0.6890625 0.47578125 0.034375 0.046875
0 0.653125 0.51796875 0.05 0.05
0 0.6984375 0.53046875 0.0375 0.0421875
0 0.71953125 0.515625 0.040625 0.0390625
0 0.928125 0.60234375 0.0484375 0.053125
0 0.82109375 0.6671875 0.0421875 0.0484375
0 0.95390625 0.6375 0.04375 0.059375
0 0.9875 0.53984375 0.025 0.0578125
0 0.9640625 0.41953125 0.040625 0.0515625
0 0.953125 0.37421875 0.0515625 0.0640625
0 0.884375 0.353125 0.05625 0.0609375
0 0.85703125 0.2828125 0.046875 0.05625
0 0.80703125 0.27109375 0.05625 0.0640625
0 0.58359375 0.13203125 0.0484375 0.059375
0 0.79765625 0.43515625 0.05 0.0625
0 0.86796875 0.45546875 0.0453125 0.0546875
0 0.809375 0.51015625 0.0390625 0.0546875
0 0.734375 0.09765625 0.03125 0.0265625
0 0.6859375 0.1671875 0.0359375 0.0359375
0 0.71015625 0.18515625 0.0265625 0.034375
0 0.9203125 0.25546875 0.0328125 0.0359375
0 0.41015625 0.21328125 0.0328125 0.0375
0 0.4703125 0.22265625 0.0375 0.0453125
0 0.4765625 0.2640625 0.040625 0.040625