0 0.78046875 0.4640625 0.04375 0.0578125
0 0.93125 0.3671875 0.046875 0.0546875
0 0.88515625 0.4859375 0.0484375 0.059375
0 0.94453125 0.5359375 0.0390625 0.0390625
0 0.95078125 0.58515625 0.040625 0.046875
0 0.86484375 0.6109375 0.0421875 0.05625
0 0.9578125 0.659375 0.053125 0.05625
0 0.7328125 0.4203125 0.04375 0.0578125
0 0.56328125 0.35234375 0.0390625 0.0359375
0 0.55234375 0.3796875 0.0328125 0.0390625
0 0.54453125 0.55234375 0.034375 0.0484375
0 0.425 0.28984375 0.0375 0.0453125
0 0.334375 0.303125 0.05 0.053125
0 0.38125 0.434375 0.0515625 0.046875
0 0.40859375 0.5328125 0.0578125 0.046875
0 0.465625 0.5390625 0.0375 0.0359375
0 0.484375 0.48515625 0.0359375 0.034375
0 0.24296875 0.6109375 0.05 0.046875
0 0.3078125 0.4984375 0.0296875 0.04375
0 0.3484375 0.5359375 0.0453125 0.04375
0 0.3046875 0.55390625 0.0328125 0.0390625
0 0.2828125 0.5421875 0.0359375 0.034375
0 0.0859375 0.65390625 0.04375 0.0484375
0 0.20078125 0.70546875 0.0359375 0.04375
0 0.06484375 0.6921875 0.0375 0.0546875
0 0.015625 0.6 0.0265625 0.0546875
0 0.028125 0.4765625 0.0359375 0.0484375
0 0.0328125 0.43046875 0.0453125 0.059375
0 0.09921875 0.40078125 0.05 0.05625
0 0.1171875 0.328125 0.0421875 0.0515625
0 0.165625 0.31015625 0.05 0.059375
0 0.37109375 0.14453125 0.0421875 0.0546875
0 0.1953125 0.471875 0.04375 0.0578125
0 0.128125 0.5 0.040625 0.05
0 0.19296875 0.54765625 0.034375 0.0515625
0 0.01015625 0.7328125 0.0203125 0.034375
0 0.21640625 0.12890625 0.028125 0.0234375
0 0.2734375 0.19296875 0.0328125 0.0328125
0 0.2515625 0.21328125 0.0234375 0.0328125
0 0.0515625 0.30859375 0.0296875 0.0328125
0 0.55234375 0.2046875 0.0296875 0.034375
0 0.49375 0.22109375 0.0328125 0.0421875
0 0.49296875 0.2625 0.0359375 0.0359375