0 0.75703125 0.46640625 0.0578125 0.0703125
0 0.9359375 0.534375 0.0609375 0.0671875
0 0.86171875 0.42109375 0.0625 0.0703125
0 0.9125 0.35546875 0.05 0.05
0 0.9078125 0.30234375 0.0515625 0.0578125
0 0.8125 0.29453125 0.0546875 0.0671875
0 0.9 0.22421875 0.065625 0.06875
0 0.71640625 0.5234375 0.0578125 0.0703125
0 0.5546875 0.6328125 0.0484375 0.046875
0 0.5375 0.60546875 0.0421875 0.046875
0 0.490625 0.42734375 0.0453125 0.0578125
0 0.425 0.72734375 0.05 0.05625
0 0.3265625 0.734375 0.0625 0.0640625
0 0.346875 0.5875 0.0640625 0.059375
0 0.35390625 0.478125 0.0703125 0.0609375
0 0.4125 0.459375 0.046875 0.0453125
0 0.4421875 0.5109375 0.0453125 0.04375
0 0.16328125 0.43359375 0.0625 0.059375
0 0.25546875 0.5359375 0.040625 0.0515625
0 0.28984375 0.48828125 0.0578125 0.05625
0 0.240625 0.47890625 0.0421875 0.046875
0 0.21953125 0.49609375 0.0453125 0.04375
0 0.00859375 0.4234375 0.0171875 0.059375
0 0.09765625 0.34375 0.046875 0.053125
0 0.059375 0.684375 0.0625 0.06875
0 0.09453125 0.75546875 0.0546875 0.0625
0 0.1484375 0.7640625 0.0640625 0.071875
0 0.4 0.89140625 0.0546875 0.065625
0 0.14453125 0.58828125 0.0578125 0.0703125
0 0.0671875 0.57421875 0.0515625 0.0609375
0 0.125 0.51015625 0.0453125 0.0609375
0 0.24296875 0.94140625 0.0359375 0.0296875
0 0.2875 0.86328125 0.040625 0.040625
0 0.26015625 0.846875 0.03125 0.0375
0 0.57578125 0.78828125 0.0375 0.0421875
0 0.51171875 0.78515625 0.04375 0.05
0 0.50078125 0.740625 0.0453125 0.0453125