0 0.221875 0.41953125 0.0484375 0.0625
0 0.07890625 0.29921875 0.05 0.059375
0 0.1109375 0.42734375 0.053125 0.0640625
0 0.04453125 0.471875 0.0421875 0.0421875
0 0.03125 0.521875 0.04375 0.0515625
0 0.11640625 0.55859375 0.0453125 0.0609375
0 0.02109375 0.596875 0.0421875 0.059375
0 0.2765625 0.3796875 0.0484375 0.0625
0 0.46015625 0.33046875 0.0421875 0.0390625
0 0.46640625 0.3609375 0.0359375 0.0421875
0 0.453125 0.5390625 0.0375 0.0515625
0 0.609375 0.284375 0.040625 0.0484375
0 0.70078125 0.309375 0.053125 0.05625
0 0.63671875 0.43828125 0.05625 0.05
0 0.5953125 0.5359375 0.0625 0.0515625
0 0.53515625 0.534375 0.040625 0.0390625
0 0.52421875 0.478125 0.0390625 0.0375
0 0.75625 0.63671875 0.0546875 0.05
0 0.703125 0.5140625 0.0328125 0.046875
0 0.6578125 0.546875 0.05 0.0484375
0 0.69921875 0.57109375 0.0359375 0.0421875
0 0.72421875 0.56171875 0.0390625 0.0375
0 0.9125 0.70078125 0.046875 0.053125
0 0.7875 0.73984375 0.0390625 0.046875
0 0.92890625 0.74296875 0.040625 0.0578125
0 0.98203125 0.65546875 0.0171875 0.0578125
0 0.98671875 0.52578125 0.0265625 0.0515625
0 0.98515625 0.47734375 0.0296875 0.0640625
0 0.93046875 0.4390625 0.053125 0.059375
0 0.9203125 0.3625 0.0453125 0.05625
0 0.8734375 0.3375 0.0546875 0.0640625
0 0.68359375 0.1421875 0.0453125 0.059375
0 0.82265625 0.5 0.0484375 0.0625
0 0.88828125 0.5375 0.04375 0.0546875
0 0.815625 0.57890625 0.0375 0.0546875
0 0.9734375 0.7921875 0.009375 0.034375
0 0.84375 0.1453125 0.03125 0.025
0 0.77734375 0.20390625 0.0359375 0.0359375
0 0.79765625 0.2265625 0.025 0.034375
0 0.9875 0.34921875 0.025 0.0359375
0 0.48984375 0.18046875 0.0328125 0.0375
0 0.546875 0.20390625 0.0359375 0.0453125
0 0.54296875 0.2484375 0.0390625 0.0390625