0 0.225 0.51484375 0.0515625 0.0640625
0 0.0609375 0.4484375 0.0546875 0.0609375
0 0.128125 0.5546875 0.05625 0.065625
0 0.0796875 0.61484375 0.0453125 0.0453125
0 0.0828125 0.66328125 0.046875 0.053125
0 0.17109375 0.671875 0.05 0.0625
0 0.08984375 0.73671875 0.0609375 0.0625
0 0.26328125 0.4625 0.0515625 0.0640625
0 0.41484375 0.3640625 0.04375 0.0421875
0 0.43046875 0.3890625 0.0390625 0.04375
0 0.47109375 0.5546875 0.040625 0.053125
0 0.53671875 0.278125 0.0453125 0.05
0 0.62734375 0.27421875 0.05625 0.059375
0 0.60625 0.409375 0.0578125 0.053125
0 0.5984375 0.51015625 0.0640625 0.0546875
0 0.54375 0.5265625 0.0421875 0.0421875
0 0.51640625 0.478125 0.040625 0.0390625
0 0.77421875 0.5546875 0.0578125 0.053125
0 0.68984375 0.45859375 0.0375 0.046875
0 0.6578125 0.50234375 0.0515625 0.0515625
0 0.703125 0.51171875 0.0390625 0.04375
0 0.72265625 0.49609375 0.040625 0.0390625
0 0.93359375 0.56640625 0.05 0.0546875
0 0.8328125 0.6390625 0.04375 0.0484375
0 0.96171875 0.6 0.0453125 0.059375
0 0.98671875 0.50078125 0.0265625 0.0578125
0 0.95703125 0.384375 0.0421875 0.053125
0 0.94375 0.340625 0.0546875 0.065625
0 0.87421875 0.32421875 0.0578125 0.0625
0 0.8421875 0.25703125 0.05 0.0578125
0 0.7921875 0.24921875 0.0578125 0.065625
0 0.5625 0.12734375 0.05 0.0609375
0 0.79375 0.4109375 0.0515625 0.0640625
0 0.86484375 0.4265625 0.046875 0.05625
0 0.8109375 0.484375 0.0421875 0.05625
0 0.70859375 0.0828125 0.0328125 0.028125
0 0.665625 0.15546875 0.0375 0.0375
0 0.690625 0.1703125 0.028125 0.0359375
0 0.90234375 0.22578125 0.034375 0.0375
0 0.39765625 0.21953125 0.034375 0.0390625
0 0.45703125 0.2234375 0.0390625 0.046875
0 0.46640625 0.26484375 0.040625 0.040625