0 0.77109375 0.45234375 0.040625 0.05625
0 0.91640625 0.35078125 0.04375 0.053125
0 0.875 0.46953125 0.0453125 0.05625
0 0.93515625 0.5171875 0.0375 0.0375
0 0.94296875 0.565625 0.0375 0.0453125
0 0.859375 0.59375 0.0390625 0.0546875
0 0.953125 0.63828125 0.05 0.053125
0 0.721875 0.41015625 0.040625 0.05625
0 0.55234375 0.3484375 0.0375 0.034375
0 0.54296875 0.3765625 0.03125 0.0375
0 0.540625 0.546875 0.03125 0.046875
0 0.4140625 0.2921875 0.0359375 0.04375
0 0.325 0.30859375 0.046875 0.05
0 0.37578125 0.4359375 0.05 0.04375
0 0.40625 0.53203125 0.05625 0.04375
0 0.46328125 0.5359375 0.0359375 0.034375
0 0.47890625 0.4828125 0.034375 0.0328125
0 0.2453125 0.61484375 0.0484375 0.04375
0 0.30546875 0.50234375 0.028125 0.0421875
0 0.346875 0.5375 0.04375 0.0421875
0 0.3046875 0.55703125 0.03125 0.0375
0 0.28203125 0.54609375 0.034375 0.0328125
0 0.0921875 0.6625 0.040625 0.046875
0 0.20703125 0.71015625 0.034375 0.0421875
0 0.07265625 0.7015625 0.034375 0.053125
0 0.02109375 0.6125 0.025 0.053125
0 0.02890625 0.48984375 0.0328125 0.046875
0 0.03203125 0.44453125 0.0421875 0.0578125
0 0.09609375 0.4125 0.046875 0.053125
0 0.11171875 0.340625 0.0390625 0.05
0 0.15859375 0.32109375 0.046875 0.05625
0 0.35546875 0.15078125 0.0390625 0.053125
0 0.19375 0.4796875 0.040625 0.05625
0 0.128125 0.51015625 0.0375 0.0484375
0 0.19375 0.5546875 0.03125 0.05
0 0.01484375 0.74453125 0.0296875 0.0328125
0 0.203125 0.140625 0.028125 0.021875
0 0.2609375 0.2015625 0.03125 0.03125
0 0.23984375 0.221875 0.021875 0.03125
0 0.04609375 0.3234375 0.028125 0.03125
0 0.53671875 0.20390625 0.028125 0.0328125
0 0.4796875 0.22109375 0.03125 0.040625
0 0.4796875 0.26328125 0.034375 0.034375