0 0.78515625 0.459375 0.04375 0.059375
0 0.9390625 0.359375 0.046875 0.05625
0 0.89140625 0.48046875 0.0484375 0.059375
0 0.9515625 0.53203125 0.0390625 0.0390625
0 0.95859375 0.58203125 0.040625 0.0484375
0 0.8703125 0.6078125 0.0421875 0.0578125
0 0.965625 0.65703125 0.053125 0.05625
0 0.7359375 0.4140625 0.04375 0.059375
0 0.5640625 0.34453125 0.0390625 0.0359375
0 0.55390625 0.37265625 0.0328125 0.0390625
0 0.5453125 0.5484375 0.034375 0.05
0 0.42421875 0.28125 0.0375 0.046875
0 0.33203125 0.2953125 0.05 0.053125
0 0.3796875 0.42890625 0.053125 0.046875
0 0.4078125 0.528125 0.059375 0.046875
0 0.465625 0.534375 0.0375 0.0359375
0 0.48359375 0.4796875 0.0359375 0.034375
0 0.2390625 0.60703125 0.0515625 0.046875
0 0.3046875 0.49375 0.0296875 0.0453125
0 0.34609375 0.53125 0.046875 0.0453125
0 0.30234375 0.55 0.0328125 0.0390625
0 0.27890625 0.53828125 0.0359375 0.034375
0 0.0796875 0.65078125 0.04375 0.05
0 0.19609375 0.7046875 0.0359375 0.0453125
0 0.0578125 0.68984375 0.0375 0.05625
0 0.01171875 0.596875 0.0234375 0.05625
0 0.02109375 0.471875 0.0359375 0.05
0 0.02578125 0.425 0.0453125 0.0609375
0 0.0921875 0.39453125 0.05 0.05625
0 0.11171875 0.32109375 0.0421875 0.053125
0 0.1609375 0.30234375 0.05 0.059375
0 0.36875 0.134375 0.0421875 0.05625
0 0.190625 0.46640625 0.04375 0.059375
0 0.121875 0.4953125 0.040625 0.0515625
0 0.18828125 0.54375 0.034375 0.053125
0 0.00703125 0.73359375 0.0140625 0.0328125
0 0.2125 0.11875 0.0296875 0.0234375
0 0.26953125 0.1828125 0.0328125 0.0328125
0 0.24765625 0.203125 0.0234375 0.0328125
0 0.04453125 0.3 0.0296875 0.0328125
0 0.55390625 0.1953125 0.0296875 0.034375
0 0.49375 0.2109375 0.0328125 0.04375
0 0.4921875 0.25390625 0.0359375 0.0359375