0 0.7703125 0.5640625 0.0453125 0.0609375
0 0.9109375 0.678125 0.0484375 0.0578125
0 0.87734375 0.5546875 0.05 0.0609375
0 0.9421875 0.509375 0.040625 0.040625
0 0.95390625 0.4609375 0.040625 0.0484375
0 0.8703125 0.4265625 0.04375 0.059375
0 0.96875 0.38828125 0.0546875 0.0578125
0 0.71640625 0.60390625 0.0453125 0.0609375
0 0.5390625 0.6546875 0.040625 0.0375
0 0.53203125 0.625 0.034375 0.040625
0 0.54140625 0.45234375 0.0359375 0.05
0 0.39453125 0.70234375 0.0390625 0.046875
0 0.3046875 0.67890625 0.0515625 0.0546875
0 0.365625 0.553125 0.053125 0.0484375
0 0.40390625 0.45703125 0.0609375 0.0484375
0 0.4625 0.45703125 0.0390625 0.0375
0 0.47421875 0.5125 0.0375 0.0359375
0 0.24609375 0.36171875 0.0515625 0.0484375
0 0.2984375 0.48046875 0.03125 0.0453125
0 0.34375 0.44765625 0.046875 0.0453125
0 0.3015625 0.42421875 0.034375 0.040625
0 0.278125 0.434375 0.0375 0.0359375
0 0.0921875 0.3015625 0.0453125 0.05
0 0.21328125 0.26171875 0.0375 0.0453125
0 0.07578125 0.26015625 0.0390625 0.05625
0 0.01875 0.3484375 0.021875 0.05625
0 0.01640625 0.475 0.0328125 0.05
0 0.01953125 0.51875 0.0390625 0.0625
0 0.07890625 0.55703125 0.0515625 0.0578125
0 0.08984375 0.63125 0.04375 0.053125
0 0.1359375 0.6546875 0.0515625 0.0609375
0 0.325 0.8421875 0.04375 0.0578125
0 0.1828125 0.4953125 0.0453125 0.0609375
0 0.11796875 0.46015625 0.0421875 0.0515625
0 0.18828125 0.41875 0.0359375 0.053125
0 0.0265625 0.21328125 0.0171875 0.034375
0 0.16796875 0.84140625 0.0296875 0.025
0 0.23203125 0.78359375 0.034375 0.034375
0 0.21171875 0.76171875 0.025 0.0328125
0 0.021875 0.64453125 0.03125 0.034375
0 0.51328125 0.80078125 0.03125 0.0359375
0 0.45625 0.7796875 0.034375 0.04375
0 0.459375 0.73671875 0.0375 0.0375