0 0.49296875 0.67734375 0.0234375 0.0234375
0 0.47578125 0.70703125 0.0203125 0.0203125
0 0.471875 0.67109375 0.0234375 0.0234375
0 0.5078125 0.64296875 0.0234375 0.025
0 0.51953125 0.67734375 0.0203125 0.0203125
0 0.57265625 0.6578125 0.0328125 0.028125
0 0.52109375 0.60859375 0.0234375 0.0265625
0 0.52578125 0.578125 0.0234375 0.021875
0 0.503125 0.521875 0.0203125 0.0296875
0 0.5234375 0.490625 0.0296875 0.0265625
0 0.55234375 0.42578125 0.0203125 0.0296875
0 0.5546875 0.45703125 0.0234375 0.0234375
0 0.53046875 0.43046875 0.015625 0.0171875
0 0.49453125 0.57578125 0.0203125 0.0234375