0 0.54609375 0.315625 0.028125 0.028125
0 0.53203125 0.28203125 0.0234375 0.0234375
0 0.5234375 0.31796875 0.028125 0.028125
0 0.55546875 0.353125 0.028125 0.0296875
0 0.5734375 0.31953125 0.0234375 0.0234375
0 0.62421875 0.346875 0.0375 0.0328125
0 0.5640625 0.38984375 0.028125 0.03125
0 0.565625 0.421875 0.0265625 0.0265625
0 0.53359375 0.47734375 0.025 0.0328125
0 0.55 0.51171875 0.034375 0.03125
0 0.57109375 0.58125 0.025 0.0328125
0 0.57734375 0.55078125 0.028125 0.028125
0 0.54921875 0.575 0.0171875 0.01875
0 0.53203125 0.41953125 0.025 0.0265625