0 0.45859375 0.70078125 0.028125 0.028125
0 0.471875 0.73359375 0.0234375 0.0234375
0 0.48203125 0.69765625 0.028125 0.028125
0 0.45 0.66328125 0.028125 0.0296875
0 0.43203125 0.69609375 0.0234375 0.0234375
0 0.38203125 0.66796875 0.0375 0.0328125
0 0.4421875 0.62578125 0.028125 0.03125
0 0.44140625 0.59453125 0.0265625 0.025
0 0.4734375 0.540625 0.025 0.0328125
0 0.4578125 0.50625 0.034375 0.0328125
0 0.4390625 0.43671875 0.025 0.0328125
0 0.43203125 0.4671875 0.028125 0.028125
0 0.4609375 0.44375 0.0171875 0.01875
0 0.47421875 0.59765625 0.0234375 0.0265625