0 0.66953125 0.49609375 0.0265625 0.0265625
0 0.70234375 0.50859375 0.0234375 0.0234375
0 0.66640625 0.51796875 0.0265625 0.0265625
0 0.63203125 0.48671875 0.028125 0.0265625
0 0.66484375 0.46875 0.0234375 0.0234375
0 0.63671875 0.41875 0.0328125 0.0375
0 0.5953125 0.47890625 0.0296875 0.028125
0 0.56484375 0.47890625 0.025 0.0265625
0 0.51171875 0.51015625 0.0328125 0.025
0 0.47734375 0.49453125 0.03125 0.034375
0 0.4078125 0.4765625 0.0328125 0.025
0 0.43828125 0.46953125 0.0265625 0.0265625
0 0.41484375 0.49765625 0.01875 0.0171875
0 0.56796875 0.51015625 0.0265625 0.0234375