0 0.509375 0.33203125 0.0234375 0.0234375
0 0.52890625 0.30390625 0.0203125 0.0203125
0 0.53046875 0.340625 0.0234375 0.0234375
0 0.49296875 0.365625 0.0234375 0.025
0 0.4828125 0.33046875 0.0203125 0.0203125
0 0.42890625 0.34609375 0.0328125 0.0265625
0 0.4765625 0.3984375 0.0234375 0.0265625
0 0.4703125 0.428125 0.0234375 0.021875
0 0.48828125 0.48671875 0.0203125 0.0296875
0 0.46640625 0.51484375 0.0296875 0.0265625
0 0.4328125 0.57734375 0.0203125 0.0296875
0 0.4328125 0.546875 0.0234375 0.0234375
0 0.4546875 0.575 0.0140625 0.015625
0 0.5015625 0.4328125 0.0203125 0.0234375