0 0.5171875 0.32578125 0.021875 0.021875
0 0.53671875 0.29765625 0.01875 0.01875
0 0.5375 0.33359375 0.021875 0.021875
0 0.50078125 0.35859375 0.021875 0.0234375
0 0.49140625 0.32421875 0.01875 0.01875
0 0.43828125 0.33984375 0.03125 0.025
0 0.48515625 0.39140625 0.021875 0.025
0 0.47890625 0.4203125 0.021875 0.0203125
0 0.496875 0.47734375 0.01875 0.028125
0 0.475 0.50546875 0.028125 0.025
0 0.4421875 0.5671875 0.01875 0.028125
0 0.4421875 0.53671875 0.021875 0.021875
0 0.4640625 0.56484375 0.0140625 0.015625
0 0.509375 0.42421875 0.01875 0.021875