0 0.51875 0.67109375 0.021875 0.021875
0 0.53828125 0.6984375 0.01875 0.01875
0 0.53828125 0.66328125 0.021875 0.021875
0 0.5015625 0.6390625 0.0234375 0.0234375
0 0.49296875 0.6734375 0.01875 0.01875
0 0.43984375 0.659375 0.0328125 0.0265625
0 0.4859375 0.60703125 0.0234375 0.025
0 0.478125 0.578125 0.021875 0.0203125
0 0.4953125 0.52109375 0.0203125 0.028125
0 0.4734375 0.49296875 0.0296875 0.0265625
0 0.43984375 0.43359375 0.0203125 0.028125
0 0.43984375 0.46328125 0.021875 0.021875
0 0.4609375 0.43515625 0.0140625 0.015625
0 0.50859375 0.5734375 0.01875 0.021875