0 0.66796875 0.48203125 0.0234375 0.0234375
0 0.69765625 0.46171875 0.0203125 0.0203125
0 0.66015625 0.46015625 0.0234375 0.0234375
0 0.63359375 0.49921875 0.025 0.0234375
0 0.6703125 0.509375 0.0203125 0.0203125
0 0.653125 0.565625 0.0265625 0.034375
0 0.5984375 0.515625 0.0265625 0.0234375
0 0.56796875 0.52265625 0.021875 0.0234375
0 0.5078125 0.50390625 0.0296875 0.0203125
0 0.47734375 0.52734375 0.0265625 0.0296875
0 0.4125 0.56171875 0.0296875 0.0203125
0 0.44375 0.56171875 0.0234375 0.0234375
0 0.41484375 0.5390625 0.0171875 0.015625
0 0.56328125 0.490625 0.0234375 0.0203125