0 0.525 0.67734375 0.0234375 0.0234375
0 0.54609375 0.7046875 0.0203125 0.0203125
0 0.5453125 0.66875 0.0234375 0.0234375
0 0.50703125 0.6453125 0.025 0.025
0 0.49921875 0.68125 0.0203125 0.0203125
0 0.44453125 0.66796875 0.034375 0.028125
0 0.4890625 0.6125 0.025 0.0265625
0 0.48046875 0.58359375 0.0234375 0.021875
0 0.49609375 0.525 0.021875 0.0296875
0 0.47265625 0.496875 0.03125 0.028125
0 0.4359375 0.4375 0.021875 0.0296875
0 0.4375 0.4671875 0.0234375 0.0234375
0 0.4578125 0.43828125 0.015625 0.0171875
0 0.51171875 0.57734375 0.0203125 0.0234375