0 0.5046875 0.67890625 0.0234375 0.0234375
0 0.5234375 0.70859375 0.0203125 0.0203125
0 0.52578125 0.671875 0.0234375 0.0234375
0 0.48984375 0.64453125 0.0234375 0.025
0 0.478125 0.68046875 0.0203125 0.0203125
0 0.4234375 0.66171875 0.0328125 0.0265625
0 0.475 0.609375 0.0234375 0.0265625
0 0.46875 0.5796875 0.0234375 0.021875
0 0.4890625 0.521875 0.0203125 0.0296875
0 0.4671875 0.49140625 0.0296875 0.0265625
0 0.43671875 0.428125 0.0203125 0.0296875
0 0.43515625 0.45859375 0.0234375 0.0234375
0 0.45859375 0.43046875 0.015625 0.0171875
0 0.5 0.5765625 0.0203125 0.0234375