0 0.671875 0.5125 0.021875 0.021875
0 0.7 0.53125 0.01875 0.01875
0 0.66484375 0.5328125 0.021875 0.021875
0 0.6390625 0.496875 0.0234375 0.021875
0 0.6734375 0.48671875 0.01875 0.01875
0 0.65703125 0.434375 0.025 0.03125
0 0.60625 0.48203125 0.025 0.021875
0 0.57734375 0.47578125 0.0203125 0.021875
0 0.52109375 0.49453125 0.028125 0.01875
0 0.4921875 0.4734375 0.025 0.028125
0 0.43125 0.4421875 0.028125 0.01875
0 0.4609375 0.44140625 0.021875 0.021875
0 0.43359375 0.46328125 0.015625 0.0140625
0 0.5734375 0.50625 0.021875 0.01875