0 0.51171875 0.3296875 0.0265625 0.0265625
0 0.496875 0.296875 0.0234375 0.0234375
0 0.4890625 0.33359375 0.0265625 0.0265625
0 0.521875 0.3671875 0.028125 0.028125
0 0.5390625 0.3328125 0.0234375 0.0234375
0 0.590625 0.359375 0.0375 0.03125
0 0.53125 0.40390625 0.028125 0.0296875
0 0.5328125 0.4359375 0.0265625 0.025
0 0.50234375 0.490625 0.025 0.0328125
0 0.51953125 0.52578125 0.034375 0.03125
0 0.540625 0.5953125 0.025 0.0328125
0 0.546875 0.5640625 0.0265625 0.0265625
0 0.51953125 0.58828125 0.0171875 0.01875
0 0.5 0.434375 0.0234375 0.0265625