0 0.31953125 0.459375 0.028125 0.028125
0 0.2859375 0.471875 0.0234375 0.0234375
0 0.32109375 0.48203125 0.028125 0.028125
0 0.35546875 0.45234375 0.0296875 0.028125
0 0.32421875 0.43359375 0.0234375 0.0234375
0 0.353125 0.38515625 0.0328125 0.0375
0 0.3921875 0.4453125 0.03125 0.028125
0 0.42265625 0.446875 0.0265625 0.0265625
0 0.47421875 0.47890625 0.0328125 0.0265625
0 0.50859375 0.465625 0.03125 0.034375
0 0.578125 0.44921875 0.0328125 0.0265625
0 0.54765625 0.44140625 0.028125 0.028125
0 0.56953125 0.46953125 0.01875 0.01875
0 0.41953125 0.478125 0.0265625 0.025