0 0.33984375 0.45390625 0.028125 0.028125
0 0.30625 0.4671875 0.025 0.025
0 0.3421875 0.47734375 0.028125 0.028125
0 0.378125 0.44609375 0.0296875 0.028125
0 0.34453125 0.42734375 0.025 0.025
0 0.37421875 0.37734375 0.0328125 0.0390625
0 0.415625 0.4390625 0.03125 0.028125
0 0.446875 0.4390625 0.0265625 0.028125
0 0.50078125 0.471875 0.0328125 0.0265625
0 0.5359375 0.45703125 0.0328125 0.034375
0 0.60625 0.43984375 0.0328125 0.0265625
0 0.575 0.43125 0.028125 0.028125
0 0.59921875 0.46015625 0.01875 0.01875
0 0.44296875 0.471875 0.028125 0.025