0 0.665625 0.53359375 0.0265625 0.0265625
0 0.68984375 0.559375 0.0234375 0.0234375
0 0.65390625 0.55234375 0.0265625 0.0265625
0 0.6359375 0.509375 0.028125 0.028125
0 0.6734375 0.50703125 0.0234375 0.0234375
0 0.66875 0.45 0.0328125 0.0375
0 0.60546875 0.48671875 0.03125 0.028125
0 0.57734375 0.47265625 0.025 0.0265625
0 0.515625 0.4796875 0.0328125 0.025
0 0.49140625 0.45078125 0.0328125 0.034375
0 0.4359375 0.4046875 0.0328125 0.025
0 0.4671875 0.4109375 0.0265625 0.0265625
0 0.43359375 0.4265625 0.01875 0.01875
0 0.56640625 0.503125 0.0265625 0.0234375