0 0.4625 0.3265625 0.0234375 0.0234375
0 0.44140625 0.29921875 0.0203125 0.0203125
0 0.4421875 0.3359375 0.0234375 0.0234375
0 0.48125 0.36015625 0.0234375 0.025
0 0.48984375 0.3234375 0.0203125 0.0203125
0 0.5453125 0.33828125 0.034375 0.028125
0 0.4984375 0.39375 0.0234375 0.0265625
0 0.50703125 0.4234375 0.0234375 0.021875
0 0.48984375 0.48359375 0.0203125 0.03125
0 0.5140625 0.5125 0.03125 0.0265625
0 0.55 0.57421875 0.0203125 0.03125
0 0.54921875 0.54375 0.0234375 0.0234375
0 0.52734375 0.57265625 0.015625 0.0171875
0 0.475 0.4296875 0.0203125 0.0234375