0 0.4890625 0.31640625 0.021875 0.021875
0 0.46953125 0.2875 0.01875 0.01875
0 0.46796875 0.3234375 0.021875 0.021875
0 0.5046875 0.35 0.021875 0.025
0 0.51484375 0.31484375 0.01875 0.01875
0 0.56875 0.33125 0.03125 0.025
0 0.5203125 0.38359375 0.021875 0.025
0 0.5265625 0.41328125 0.021875 0.021875
0 0.50703125 0.4703125 0.01875 0.028125
0 0.52890625 0.5 0.028125 0.025
0 0.5609375 0.5625 0.01875 0.028125
0 0.56171875 0.53203125 0.021875 0.021875
0 0.5390625 0.56015625 0.0140625 0.015625
0 0.4953125 0.4171875 0.01875 0.021875