0 0.48828125 0.69140625 0.025 0.025
0 0.503125 0.7234375 0.021875 0.021875
0 0.51015625 0.68671875 0.025 0.025
0 0.47578125 0.65625 0.025 0.0265625
0 0.4609375 0.68984375 0.021875 0.021875
0 0.409375 0.665625 0.0359375 0.0296875
0 0.46484375 0.6203125 0.025 0.028125
0 0.4625 0.5890625 0.025 0.0234375
0 0.4890625 0.534375 0.0234375 0.03125
0 0.47109375 0.50078125 0.03125 0.0296875
0 0.44609375 0.434375 0.0234375 0.03125
0 0.44140625 0.465625 0.025 0.025
0 0.4671875 0.4390625 0.0171875 0.01875
0 0.49375 0.5890625 0.021875 0.025