0 0.4875 0.671875 0.021875 0.021875
0 0.46875 0.7 0.01875 0.01875
0 0.4671875 0.66484375 0.021875 0.021875
0 0.503125 0.6390625 0.021875 0.0234375
0 0.51328125 0.6734375 0.01875 0.01875
0 0.565625 0.65703125 0.03125 0.025
0 0.51796875 0.60625 0.021875 0.025
0 0.52421875 0.57734375 0.021875 0.0203125
0 0.50546875 0.52109375 0.01875 0.028125
0 0.5265625 0.4921875 0.028125 0.025
0 0.5578125 0.43125 0.01875 0.028125
0 0.55859375 0.4609375 0.021875 0.021875
0 0.53671875 0.43359375 0.0140625 0.015625
0 0.49375 0.5734375 0.01875 0.021875