0 0.503125 0.6875 0.025 0.025
0 0.48828125 0.71875 0.021875 0.021875
0 0.48203125 0.68359375 0.025 0.025
0 0.515625 0.65234375 0.025 0.0265625
0 0.5296875 0.6859375 0.021875 0.021875
0 0.58125 0.66328125 0.034375 0.0296875
0 0.5265625 0.6171875 0.025 0.028125
0 0.5296875 0.5875 0.025 0.0234375
0 0.503125 0.5328125 0.0234375 0.03125
0 0.52109375 0.50078125 0.03125 0.0296875
0 0.54453125 0.434375 0.0234375 0.03125
0 0.54921875 0.46484375 0.025 0.025
0 0.52421875 0.43984375 0.015625 0.0171875
0 0.4984375 0.58671875 0.021875 0.025