0 0.7953125 0.6765625 0.046875 0.0546875
0 0.85703125 0.68828125 0.0390625 0.0421875
0 0.89609375 0.68359375 0.053125 0.05625
0 0.83203125 0.54609375 0.04375 0.046875
0 0.70390625 0.62265625 0.046875 0.0578125
0 0.6703125 0.60234375 0.0421875 0.0546875
0 0.6421875 0.59140625 0.05625 0.075
0 0.60859375 0.57578125 0.046875 0.0609375
0 0.57734375 0.559375 0.0546875 0.0625
0 0.55390625 0.5015625 0.0453125 0.0546875
0 0.52890625 0.48671875 0.0515625 0.053125
0 0.8578125 0.4046875 0.05 0.05625
0 0.8984375 0.41640625 0.040625 0.0484375
0 0.7796875 0.81171875 0.0421875 0.0546875