0 0.83671875 0.4328125 0.0421875 0.0515625
0 0.8984375 0.44453125 0.0359375 0.0390625
0 0.93359375 0.4625 0.0484375 0.053125
0 0.825 0.5671875 0.0390625 0.04375
0 0.73203125 0.45078125 0.040625 0.0546875
0 0.69296875 0.4578125 0.0375 0.0515625
0 0.66328125 0.4578125 0.0484375 0.0703125
0 0.6265625 0.459375 0.0421875 0.0578125
0 0.59140625 0.4640625 0.0484375 0.059375
0 0.5484375 0.51015625 0.040625 0.0515625
0 0.5203125 0.5140625 0.046875 0.05
0 0.79765625 0.70859375 0.0453125 0.0515625
0 0.83984375 0.7125 0.0375 0.0453125
0 0.8703125 0.3015625 0.0375 0.0515625