0 0.82109375 0.6234375 0.0390625 0.05
0 0.88359375 0.62421875 0.0328125 0.0359375
0 0.9203125 0.61328125 0.0453125 0.05
0 0.83515625 0.48984375 0.0375 0.040625
0 0.721875 0.58671875 0.0375 0.0515625
0 0.6859375 0.571875 0.034375 0.0484375
0 0.65625 0.565625 0.0453125 0.06875
0 0.6203125 0.55703125 0.0375 0.0546875
0 0.58828125 0.54609375 0.0453125 0.05625
0 0.55390625 0.49375 0.0375 0.0484375
0 0.528125 0.48359375 0.04375 0.046875
0 0.8359375 0.346875 0.0421875 0.05
0 0.8765625 0.3515625 0.034375 0.0421875
0 0.82890625 0.7578125 0.034375 0.0484375