0 0.8015625 0.3296875 0.046875 0.0546875
0 0.8640625 0.31875 0.0390625 0.0421875
0 0.903125 0.32421875 0.053125 0.05625
0 0.83671875 0.4609375 0.04375 0.046875
0 0.709375 0.38203125 0.0453125 0.0578125
0 0.675 0.4015625 0.0421875 0.053125
0 0.64765625 0.4125 0.0546875 0.0734375
0 0.61328125 0.4265625 0.046875 0.0609375
0 0.58203125 0.4421875 0.0546875 0.0625
0 0.55703125 0.50078125 0.0453125 0.0546875
0 0.53203125 0.5140625 0.05 0.053125
0 0.859375 0.60234375 0.05 0.0546875
0 0.9 0.59140625 0.040625 0.046875
0 0.78828125 0.19453125 0.0421875 0.053125