0 0.16640625 0.403125 0.0375 0.046875
0 0.103125 0.4078125 0.03125 0.034375
0 0.06640625 0.42109375 0.04375 0.046875
0 0.16171875 0.5390625 0.034375 0.040625
0 0.26796875 0.43359375 0.034375 0.05
0 0.30546875 0.4453125 0.03125 0.046875
0 0.33515625 0.44921875 0.040625 0.065625
0 0.371875 0.45546875 0.034375 0.053125
0 0.4046875 0.4640625 0.04375 0.053125
0 0.44296875 0.51484375 0.034375 0.046875
0 0.4703125 0.52265625 0.040625 0.04375
0 0.17109375 0.68203125 0.040625 0.046875
0 0.12890625 0.68046875 0.03125 0.040625
0 0.1484375 0.26875 0.03125 0.046875