0 0.1734375 0.6 0.0359375 0.046875
0 0.1109375 0.59609375 0.03125 0.034375
0 0.075 0.5828125 0.0421875 0.046875
0 0.16875 0.46640625 0.034375 0.0390625
0 0.27421875 0.5703125 0.034375 0.05
0 0.3109375 0.55859375 0.03125 0.046875
0 0.340625 0.5546875 0.040625 0.065625
0 0.3765625 0.5484375 0.034375 0.053125
0 0.409375 0.53984375 0.0421875 0.053125
0 0.446875 0.48984375 0.034375 0.046875
0 0.4734375 0.48203125 0.040625 0.04375
0 0.178125 0.325 0.0390625 0.046875
0 0.13671875 0.3265625 0.03125 0.040625
0 0.15625 0.7328125 0.03125 0.046875