0 0.59921875 0.83359375 0.0484375 0.0375
0 0.59375 0.896875 0.0359375 0.0328125
0 0.57890625 0.93359375 0.0484375 0.04375
0 0.46328125 0.8359375 0.040625 0.0359375
0 0.5703125 0.73203125 0.0515625 0.0359375
0 0.559375 0.69375 0.0484375 0.0328125
0 0.55546875 0.6640625 0.0671875 0.0421875
0 0.55 0.62734375 0.0546875 0.0359375
0 0.5421875 0.59375 0.0546875 0.04375
0 0.4921875 0.55546875 0.0484375 0.0359375
0 0.484375 0.528125 0.0453125 0.0421875
0 0.3203125 0.82421875 0.0484375 0.040625
0 0.32109375 0.86640625 0.0421875 0.0328125
0 0.7328125 0.85390625 0.0484375 0.0328125