0 0.4 0.1734375 0.046875 0.0359375
0 0.40390625 0.1109375 0.034375 0.03125
0 0.4171875 0.075 0.046875 0.0421875
0 0.53359375 0.16875 0.0390625 0.034375
0 0.4296875 0.27421875 0.05 0.034375
0 0.44140625 0.3109375 0.046875 0.03125
0 0.4453125 0.340625 0.065625 0.040625
0 0.4515625 0.3765625 0.053125 0.034375
0 0.46015625 0.409375 0.053125 0.0421875
0 0.51015625 0.446875 0.046875 0.034375
0 0.51796875 0.4734375 0.04375 0.040625
0 0.675 0.178125 0.046875 0.0390625
0 0.6734375 0.13671875 0.040625 0.03125
0 0.2671875 0.15625 0.046875 0.03125