0 0.56796875 0.83828125 0.053125 0.04375
0 0.55703125 0.9046875 0.040625 0.0375
0 0.5390625 0.94140625 0.0546875 0.05
0 0.42578125 0.82890625 0.0453125 0.040625
0 0.5484375 0.72890625 0.05625 0.0421875
0 0.53984375 0.6890625 0.053125 0.0390625
0 0.53828125 0.65625 0.075 0.05
0 0.53671875 0.61796875 0.0609375 0.0421875
0 0.53046875 0.58203125 0.0609375 0.0515625
0 0.48203125 0.53671875 0.053125 0.0421875
0 0.4765625 0.5078125 0.0515625 0.046875
0 0.27734375 0.803125 0.0546875 0.046875
0 0.27421875 0.84765625 0.046875 0.0375
0 0.7078125 0.871875 0.053125 0.0390625