0 0.20078125 0.34296875 0.0453125 0.0546875
0 0.1375 0.33359375 0.0390625 0.040625
0 0.09921875 0.3390625 0.053125 0.05625
0 0.16796875 0.4765625 0.0421875 0.046875
0 0.29609375 0.39453125 0.0453125 0.0578125
0 0.33046875 0.4140625 0.040625 0.0546875
0 0.36015625 0.42421875 0.0546875 0.075
0 0.39453125 0.43828125 0.0453125 0.0609375
0 0.42578125 0.45390625 0.0546875 0.0625
0 0.45234375 0.5125 0.04375 0.0546875
0 0.478125 0.52578125 0.05 0.053125
0 0.146875 0.6203125 0.0484375 0.05625
0 0.10625 0.61015625 0.040625 0.0484375
0 0.2125 0.20546875 0.040625 0.0546875