0 0.3640625 0.12578125 0.0515625 0.040625
0 0.37109375 0.0578125 0.0390625 0.034375
0 0.3859375 0.021875 0.053125 0.04375
0 0.509375 0.12578125 0.04375 0.0390625
0 0.3921875 0.2359375 0.0546875 0.0390625
0 0.40390625 0.2765625 0.0515625 0.0359375
0 0.40625 0.30859375 0.071875 0.046875
0 0.4125 0.34765625 0.059375 0.0390625
0 0.4203125 0.38359375 0.059375 0.0484375
0 0.47265625 0.4265625 0.0515625 0.0390625
0 0.48046875 0.45546875 0.0484375 0.0453125
0 0.66171875 0.14140625 0.0515625 0.04375
0 0.66171875 0.09609375 0.0453125 0.034375
0 0.22109375 0.1015625 0.0515625 0.0359375