0 0.31484375 0.81875 0.05625 0.0484375
0 0.303125 0.88203125 0.04375 0.040625
0 0.30625 0.921875 0.0578125 0.0546875
0 0.4484375 0.859375 0.0484375 0.0453125
0 0.37265625 0.72578125 0.059375 0.0484375
0 0.39375 0.69140625 0.0546875 0.04375
0 0.40625 0.66328125 0.0765625 0.0578125
0 0.421875 0.62890625 0.0625 0.0484375
0 0.4390625 0.59765625 0.065625 0.05625
0 0.5 0.5734375 0.05625 0.046875
0 0.5140625 0.54921875 0.0546875 0.053125
0 0.59296875 0.88828125 0.0578125 0.0515625
0 0.5796875 0.92890625 0.05 0.0421875
0 0.17734375 0.8 0.0546875 0.04375