0 0.4203125 0.8 0.06875 0.0640625
0 0.359375 0.83984375 0.05625 0.053125
0 0.328125 0.8015625 0.0609375 0.0421875
0 0.2875 0.77421875 0.053125 0.0453125
0 0.321875 0.7375 0.0515625 0.053125
0 0.40234375 0.7375 0.075 0.053125
0 0.40234375 0.71796875 0.0796875 0.0375
0 0.4015625 0.68359375 0.0640625 0.0484375
0 0.48046875 0.52421875 0.065625 0.0578125
0 0.43984375 0.3859375 0.0875 0.0765625
0 0.60390625 0.37265625 0.0984375 0.0859375
0 0.7140625 0.4515625 0.1046875 0.0765625
0 0.865625 0.41171875 0.06875 0.0703125
0 0.83046875 0.3546875 0.0859375 0.071875
0 0.78203125 0.30546875 0.0875 0.065625
0 0.7984375 0.17890625 0.096875 0.0578125
0 0.54375 0.17578125 0.096875 0.0625
0 0.55859375 0.2625 0.0984375 0.0671875
0 0.484375 0.2640625 0.090625 0.0703125
0 0.403125 0.21640625 0.1 0.08125
0 0.6359375 0.14296875 0.09375 0.06875
0 0.76953125 0.121875 0.1109375 0.08125