0 0.4546875 0.25 0.0609375 0.05625
0 0.40078125 0.21015625 0.05 0.046875
0 0.3703125 0.24453125 0.0546875 0.0359375
0 0.33125 0.2671875 0.046875 0.0390625
0 0.3609375 0.303125 0.0453125 0.046875
0 0.43515625 0.30703125 0.0671875 0.0453125
0 0.434375 0.325 0.071875 0.03125
0 0.43203125 0.35703125 0.0578125 0.0421875
0 0.49765625 0.5078125 0.0578125 0.05
0 0.45234375 0.63359375 0.078125 0.0671875
0 0.60390625 0.65390625 0.0875 0.075
0 0.709375 0.5859375 0.09375 0.065625
0 0.846875 0.63046875 0.0609375 0.0625
0 0.8125 0.68125 0.0765625 0.0625
0 0.76484375 0.725 0.078125 0.05625
0 0.77421875 0.8421875 0.0875 0.0484375
0 0.53828125 0.8328125 0.0875 0.053125
0 0.55703125 0.75390625 0.0875 0.0578125
0 0.48828125 0.7484375 0.08125 0.0609375
0 0.4109375 0.78828125 0.0890625 0.0703125
0 0.62265625 0.8671875 0.0828125 0.059375
0 0.74453125 0.89296875 0.1 0.0703125