0 0.55546875 0.246875 0.0640625 0.059375
0 0.61171875 0.20703125 0.0515625 0.0484375
0 0.6421875 0.24296875 0.05625 0.0375
0 0.68125 0.26640625 0.0484375 0.040625
0 0.65 0.30234375 0.046875 0.0484375
0 0.57421875 0.30625 0.0703125 0.046875
0 0.575 0.32421875 0.0734375 0.0328125
0 0.5765625 0.35703125 0.059375 0.04375
0 0.50703125 0.509375 0.0609375 0.0515625
0 0.55078125 0.6390625 0.08125 0.0703125
0 0.3953125 0.65703125 0.090625 0.078125
0 0.2890625 0.5859375 0.096875 0.06875
0 0.14765625 0.62890625 0.0640625 0.065625
0 0.18203125 0.68125 0.0796875 0.065625
0 0.23046875 0.7265625 0.08125 0.059375
0 0.21796875 0.846875 0.090625 0.05
0 0.459375 0.84140625 0.090625 0.05625
0 0.4421875 0.76015625 0.090625 0.0609375
0 0.51171875 0.75546875 0.084375 0.0640625
0 0.590625 0.79765625 0.0921875 0.0734375
0 0.3734375 0.875 0.0859375 0.0625
0 0.24765625 0.8984375 0.103125 0.0734375