0 0.50625 0.74609375 0.0765625 0.0734375
0 0.55078125 0.80078125 0.0625 0.0609375
0 0.590625 0.7734375 0.0640625 0.05
0 0.63671875 0.76015625 0.0578125 0.0515625
0 0.61484375 0.71640625 0.0578125 0.059375
0 0.540625 0.69375 0.0796875 0.0625
0 0.5453125 0.67578125 0.08125 0.05
0 0.55625 0.64375 0.0703125 0.0578125
0 0.52734375 0.4734375 0.071875 0.065625
0 0.60546875 0.35625 0.096875 0.0875
0 0.45703125 0.29765625 0.1078125 0.0984375
0 0.33203125 0.33984375 0.1125 0.090625
0 0.203125 0.259375 0.078125 0.0796875
0 0.25078125 0.21640625 0.09375 0.0828125
0 0.3109375 0.18359375 0.09375 0.078125
0 0.33125 0.0625 0.1015625 0.071875
0 0.56875 0.13203125 0.103125 0.0765625
0 0.5296875 0.2078125 0.1046875 0.08125
0 0.5984375 0.23046875 0.0984375 0.0828125
0 0.6875 0.209375 0.109375 0.09375
0 0.49140625 0.075 0.1 0.08125
0 0.3734375 0.03359375 0.11875 0.0671875