0 0.55078125 0.2515625 0.0625 0.0578125
0 0.60703125 0.2140625 0.0515625 0.0484375
0 0.6359375 0.24921875 0.05625 0.0375
0 0.67421875 0.2734375 0.0484375 0.040625
0 0.64375 0.3078125 0.046875 0.0484375
0 0.56875 0.309375 0.06875 0.0484375
0 0.56953125 0.328125 0.0734375 0.034375
0 0.5703125 0.36015625 0.059375 0.04375
0 0.49921875 0.509375 0.059375 0.0515625
0 0.53984375 0.6375 0.08125 0.0703125
0 0.38671875 0.65234375 0.090625 0.078125
0 0.2828125 0.58046875 0.096875 0.0703125
0 0.14296875 0.6203125 0.0625 0.065625
0 0.17578125 0.67265625 0.0796875 0.065625
0 0.22265625 0.71875 0.08125 0.059375
0 0.209375 0.8359375 0.090625 0.0515625
0 0.446875 0.83515625 0.090625 0.05625
0 0.43125 0.7546875 0.090625 0.0609375
0 0.5 0.7515625 0.084375 0.0640625
0 0.5765625 0.79453125 0.0921875 0.0734375
0 0.3609375 0.86640625 0.0859375 0.0625
0 0.23671875 0.88828125 0.103125 0.075