0 0.16640625 0.64765625 0.028125 0.028125
0 0.19765625 0.69453125 0.025 0.025
0 0.290625 0.70234375 0.03125 0.03125
0 0.253125 0.5765625 0.0265625 0.034375
0 0.19765625 0.58671875 0.028125 0.025
0 0.32265625 0.5734375 0.025 0.025
0 0.31484375 0.53828125 0.0234375 0.025
0 0.35 0.53671875 0.0171875 0.0171875
0 0.5078125 0.5125 0.03125 0.028125
0 0.76953125 0.37890625 0.028125 0.025
0 0.8640625 0.34765625 0.034375 0.0328125
0 0.8078125 0.4703125 0.03125 0.0375
0 0.7296875 0.86484375 0.0265625 0.0328125
0 0.72734375 0.33984375 0.021875 0.0265625