0 0.83359375 0.33125 0.028125 0.028125
0 0.79765625 0.28515625 0.0234375 0.0234375
0 0.69921875 0.2859375 0.03125 0.03125
0 0.75 0.4140625 0.025 0.034375
0 0.80703125 0.39765625 0.028125 0.0234375
0 0.67734375 0.4234375 0.0234375 0.0234375
0 0.6890625 0.459375 0.021875 0.0234375
0 0.653125 0.4640625 0.0171875 0.0171875
0 0.48984375 0.50390625 0.03125 0.028125
0 0.228125 0.66796875 0.028125 0.0234375
0 0.1328125 0.709375 0.034375 0.03125
0 0.1796875 0.57578125 0.0296875 0.0375
0 0.22578125 0.15546875 0.025 0.0328125
0 0.27578125 0.7046875 0.0203125 0.025