0 0.190625 0.30703125 0.025 0.025
0 0.22734375 0.26484375 0.021875 0.021875
0 0.32109375 0.2703125 0.028125 0.028125
0 0.26640625 0.38984375 0.021875 0.03125
0 0.2125 0.371875 0.025 0.021875
0 0.334375 0.40234375 0.021875 0.021875
0 0.321875 0.4359375 0.0203125 0.021875
0 0.35625 0.44296875 0.015625 0.015625
0 0.509375 0.4890625 0.028125 0.025
0 0.75 0.6578125 0.025 0.021875
0 0.8390625 0.7015625 0.03125 0.028125
0 0.80078125 0.571875 0.0265625 0.034375
0 0.778125 0.1703125 0.021875 0.0296875
0 0.703125 0.690625 0.01875 0.0234375