0 0.50390625 0.496875 0.0359375 0.040625
0 0.4703125 0.46640625 0.0296875 0.025
0 0.45625 0.446875 0.0390625 0.0296875
0 0.48203125 0.42421875 0.034375 0.03125
0 0.36875 0.44140625 0.0328125 0.028125
0 0.41015625 0.44296875 0.025 0.0265625
0 0.41953125 0.42734375 0.021875 0.0203125
0 0.44609375 0.53515625 0.0328125 0.0265625
0 0.5265625 0.5328125 0.0359375 0.0203125
0 0.51796875 0.54375 0.03125 0.0234375
0 0.51328125 0.5609375 0.0265625 0.025
0 0.49453125 0.578125 0.0328125 0.025
0 0.3859375 0.5578125 0.03125 0.03125
0 0.41484375 0.53203125 0.028125 0.025
0 0.2234375 0.42890625 0.03125 0.025
0 0.228125 0.4625 0.03125 0.021875
0 0.23828125 0.47890625 0.028125 0.025
0 0.26484375 0.47734375 0.0203125 0.021875
0 0.2671875 0.46328125 0.0234375 0.021875
0 0.20859375 0.4953125 0.028125 0.0265625
0 0.265625 0.5203125 0.021875 0.0203125
0 0.33125 0.53984375 0.0359375 0.0265625
0 0.32265625 0.5609375 0.03125 0.03125
0 0.44375 0.59375 0.0359375 0.0296875
0 0.48046875 0.5625 0.0234375 0.0265625
0 0.5078125 0.596875 0.0328125 0.028125
0 0.51953125 0.6234375 0.0265625 0.0203125
0 0.5390625 0.634375 0.0296875 0.028125
0 0.565625 0.6265625 0.0296875 0.028125
0 0.56328125 0.6046875 0.0296875 0.0265625
0 0.565625 0.6390625 0.0296875 0.025
0 0.4703125 0.65703125 0.0296875 0.03125
0 0.44765625 0.64375 0.0328125 0.0234375
0 0.4671875 0.63125 0.025 0.0171875
0 0.47890625 0.6203125 0.0265625 0.0171875
0 0.42890625 0.5546875 0.0390625 0.0265625
0 0.25 0.3765625 0.034375 0.028125
0 0.14765625 0.45078125 0.021875 0.0203125
0 0.18359375 0.4859375 0.0265625 0.0203125
0 0.19921875 0.5171875 0.0359375 0.03125
0 0.1984375 0.53046875 0.0296875 0.025
0 0.46953125 0.7015625 0.028125 0.028125
0 0.5046875 0.70390625 0.0234375 0.0140625
0 0.52890625 0.715625 0.03125 0.0234375
0 0.55 0.7015625 0.0265625 0.025
0 0.51171875 0.66640625 0.03125 0.0203125
0 0.48984375 0.65546875 0.028125 0.0171875
0 0.5171875 0.65390625 0.0265625 0.0171875
0 0.4625 0.496875 0.046875 0.0375
4 0.365625 0.2625 0.078125 0.04375
4 0.72109375 0.3515625 0.1 0.0515625