0 0.51484375 0.5234375 0.03125 0.0375
0 0.55546875 0.54765625 0.028125 0.0203125
0 0.57265625 0.565625 0.0375 0.025
0 0.55078125 0.59296875 0.03125 0.028125
0 0.66328125 0.5546875 0.03125 0.025
0 0.61953125 0.5609375 0.021875 0.025
0 0.61328125 0.5796875 0.0203125 0.0171875
0 0.5671875 0.4734375 0.03125 0.021875
0 0.4859375 0.490625 0.034375 0.015625
0 0.4921875 0.478125 0.0296875 0.01875
0 0.49453125 0.46015625 0.025 0.021875
0 0.509375 0.4390625 0.03125 0.0203125
0 0.62421875 0.4390625 0.028125 0.028125
0 0.6 0.471875 0.0265625 0.0203125
0 0.8125 0.5421875 0.0296875 0.0203125
0 0.80234375 0.5078125 0.03125 0.0171875
0 0.78984375 0.49375 0.0265625 0.0203125
0 0.76171875 0.5 0.0171875 0.0203125
0 0.76171875 0.51484375 0.0203125 0.01875
0 0.815625 0.471875 0.0265625 0.021875
0 0.753125 0.45625 0.0203125 0.0171875
0 0.68359375 0.4484375 0.034375 0.021875
0 0.6890625 0.42578125 0.028125 0.028125
0 0.559375 0.4140625 0.034375 0.025
0 0.52734375 0.45234375 0.0203125 0.025
0 0.49296875 0.42265625 0.03125 0.025
0 0.4765625 0.396875 0.0265625 0.0171875
0 0.45546875 0.38984375 0.028125 0.025
0 0.4296875 0.40234375 0.028125 0.025
0 0.43515625 0.42421875 0.028125 0.021875
0 0.42734375 0.3890625 0.028125 0.0203125
0 0.52109375 0.35390625 0.0265625 0.028125
0 0.54609375 0.3640625 0.03125 0.01875
0 0.52890625 0.38046875 0.0234375 0.0140625
0 0.51875 0.39296875 0.025 0.0140625
0 0.58046875 0.45 0.0375 0.021875
0 0.79453125 0.6 0.0328125 0.0234375
0 0.8859375 0.50625 0.0203125 0.0171875
0 0.84296875 0.4765625 0.0265625 0.0171875
0 0.821875 0.446875 0.0328125 0.028125
0 0.81953125 0.43359375 0.028125 0.0203125
0 0.51328125 0.309375 0.0265625 0.025
0 0.47734375 0.3125 0.0234375 0.0109375
0 0.45078125 0.3046875 0.0296875 0.01875
0 0.4328125 0.32265625 0.025 0.021875
0 0.47734375 0.3515625 0.0296875 0.015625
0 0.5015625 0.35859375 0.0265625 0.0125
0 0.4734375 0.365625 0.025 0.0140625
0 0.5578125 0.515625 0.04375 0.03125
4 0.6984375 0.7359375 0.0765625 0.0328125
4 0.32109375 0.71015625 0.1 0.0359375