0 0.503125 0.4921875 0.0296875 0.0359375
0 0.54453125 0.51484375 0.0265625 0.01875
0 0.5625 0.53203125 0.0359375 0.0234375
0 0.5421875 0.56015625 0.0296875 0.0265625
0 0.65234375 0.51640625 0.0296875 0.0234375
0 0.609375 0.525 0.021875 0.0234375
0 0.60390625 0.54375 0.01875 0.015625
0 0.553125 0.440625 0.0296875 0.021875
0 0.471875 0.46171875 0.034375 0.0125
0 0.47890625 0.44921875 0.028125 0.01875
0 0.4796875 0.43046875 0.0234375 0.021875
0 0.49375 0.40859375 0.0296875 0.01875
0 0.6078125 0.403125 0.0265625 0.0265625
0 0.58515625 0.43671875 0.025 0.01875
0 0.80078125 0.49609375 0.028125 0.01875
0 0.7890625 0.4625 0.0296875 0.015625
0 0.77578125 0.44921875 0.025 0.01875
0 0.7484375 0.45625 0.015625 0.01875
0 0.74921875 0.47109375 0.01875 0.01875
0 0.80078125 0.42578125 0.025 0.021875
0 0.7375 0.41328125 0.01875 0.015625
0 0.6671875 0.409375 0.0328125 0.01875
0 0.671875 0.3859375 0.0265625 0.0265625
0 0.54140625 0.38125 0.0328125 0.0234375
0 0.51171875 0.42109375 0.01875 0.0234375
0 0.47578125 0.39375 0.0296875 0.0234375
0 0.4578125 0.36875 0.025 0.015625
0 0.43671875 0.3625 0.0265625 0.0234375
0 0.41171875 0.3765625 0.0265625 0.0234375
0 0.41796875 0.39765625 0.0265625 0.021875
0 0.40859375 0.36328125 0.0265625 0.01875
0 0.5 0.3234375 0.025 0.0265625
0 0.52578125 0.33203125 0.0296875 0.01875
0 0.509375 0.34921875 0.0234375 0.0125
0 0.5 0.3625 0.025 0.0125
0 0.56484375 0.41640625 0.0359375 0.01875
0 0.7859375 0.5546875 0.03125 0.021875
0 0.87265625 0.45625 0.01875 0.015625
0 0.828125 0.42890625 0.025 0.015625
0 0.80546875 0.40078125 0.03125 0.0265625
0 0.803125 0.3875 0.0265625 0.01875
0 0.48984375 0.27890625 0.025 0.0234375
0 0.45390625 0.284375 0.0234375 0.009375
0 0.42734375 0.278125 0.028125 0.01875
0 0.41015625 0.296875 0.0234375 0.021875
0 0.45625 0.3234375 0.0296875 0.015625
0 0.48125 0.32890625 0.0265625 0.0125
0 0.453125 0.3375 0.025 0.0125
0 0.5453125 0.4828125 0.04375 0.0296875