0 0.50703125 0.490625 0.0328125 0.0375
0 0.46484375 0.47265625 0.028125 0.021875
0 0.44609375 0.45859375 0.0375 0.025
0 0.4625 0.4296875 0.03125 0.028125
0 0.36171875 0.48203125 0.03125 0.025
0 0.4015625 0.4703125 0.021875 0.0234375
0 0.40546875 0.4515625 0.0203125 0.0171875
0 0.46484375 0.5453125 0.03125 0.0234375
0 0.53984375 0.51640625 0.034375 0.015625
0 0.53515625 0.5296875 0.0296875 0.0203125
0 0.53671875 0.546875 0.0234375 0.021875
0 0.52421875 0.56953125 0.03125 0.021875
0 0.415625 0.58671875 0.028125 0.028125
0 0.43515625 0.55234375 0.025 0.021875
0 0.22109375 0.5171875 0.0296875 0.021875
0 0.23671875 0.54765625 0.0296875 0.01875
0 0.25078125 0.56015625 0.025 0.021875
0 0.27578125 0.55 0.0171875 0.0203125
0 0.2734375 0.5359375 0.0203125 0.01875
0 0.228125 0.584375 0.025 0.021875
0 0.29140625 0.58984375 0.0203125 0.0171875
0 0.35859375 0.58671875 0.034375 0.021875
0 0.35703125 0.609375 0.028125 0.028125
0 0.48125 0.60078125 0.034375 0.025
0 0.50625 0.56015625 0.0203125 0.0234375
0 0.54296875 0.5828125 0.03125 0.025
0 0.5625 0.60390625 0.025 0.01875
0 0.58359375 0.60859375 0.028125 0.025
0 0.60625 0.5921875 0.028125 0.025
0 0.59765625 0.57265625 0.028125 0.0234375
0 0.6109375 0.6046875 0.028125 0.021875
0 0.52734375 0.6515625 0.0265625 0.028125
0 0.50234375 0.646875 0.03125 0.0203125
0 0.515625 0.62890625 0.0234375 0.0140625
0 0.52265625 0.61484375 0.025 0.015625
0 0.45546875 0.56875 0.0375 0.021875
0 0.23046875 0.46015625 0.0328125 0.0234375
0 0.15703125 0.5625 0.0203125 0.0171875
0 0.20234375 0.58359375 0.025 0.01875
0 0.22734375 0.60859375 0.0328125 0.028125
0 0.23046875 0.62109375 0.028125 0.021875
0 0.540625 0.69375 0.025 0.0234375
0 0.575 0.684375 0.0234375 0.0109375
0 0.6015625 0.68828125 0.0296875 0.0203125
0 0.615625 0.66875 0.0234375 0.021875
0 0.56875 0.64765625 0.0296875 0.0171875
0 0.5453125 0.64453125 0.0265625 0.0140625
0 0.5703125 0.63359375 0.025 0.015625
0 0.4671875 0.50390625 0.04375 0.0328125
4 0.30078125 0.315625 0.075 0.034375
4 0.6640625 0.28359375 0.0984375 0.040625