0 0.50078125 0.50546875 0.0328125 0.0390625
0 0.45703125 0.4875 0.028125 0.021875
0 0.43671875 0.47109375 0.0390625 0.0265625
0 0.45546875 0.44140625 0.03125 0.0296875
0 0.34921875 0.4953125 0.03125 0.0265625
0 0.39140625 0.4828125 0.0234375 0.025
0 0.39453125 0.4640625 0.021875 0.01875
0 0.45546875 0.56171875 0.03125 0.025
0 0.534375 0.53359375 0.0359375 0.015625
0 0.52890625 0.54765625 0.0296875 0.0203125
0 0.5296875 0.565625 0.025 0.0234375
0 0.51796875 0.5890625 0.03125 0.0234375
0 0.403125 0.60390625 0.028125 0.028125
0 0.4234375 0.56953125 0.0265625 0.021875
0 0.2015625 0.528125 0.0296875 0.0234375
0 0.21640625 0.5609375 0.03125 0.01875
0 0.23125 0.5734375 0.0265625 0.021875
0 0.2578125 0.56328125 0.01875 0.021875
0 0.25546875 0.5484375 0.021875 0.0203125
0 0.2078125 0.59921875 0.0265625 0.0234375
0 0.27265625 0.60625 0.021875 0.01875
0 0.34296875 0.60390625 0.0359375 0.0234375
0 0.340625 0.62734375 0.028125 0.028125
0 0.471875 0.62109375 0.0359375 0.0265625
0 0.4984375 0.57890625 0.021875 0.025
0 0.53671875 0.60234375 0.03125 0.0265625
0 0.55625 0.62578125 0.0265625 0.01875
0 0.57890625 0.63046875 0.028125 0.025
0 0.60234375 0.6140625 0.028125 0.025
0 0.59453125 0.59375 0.028125 0.0234375
0 0.60703125 0.62734375 0.028125 0.021875
0 0.51875 0.675 0.0265625 0.028125
0 0.4921875 0.66953125 0.03125 0.0203125
0 0.5078125 0.65 0.025 0.015625
0 0.51484375 0.6359375 0.0265625 0.015625
0 0.44453125 0.5875 0.0390625 0.0234375
0 0.2109375 0.46875 0.0328125 0.025
0 0.13359375 0.57421875 0.021875 0.01875
0 0.1796875 0.59765625 0.0265625 0.01875
0 0.20546875 0.6234375 0.0328125 0.0296875
0 0.209375 0.63671875 0.028125 0.021875
0 0.5328125 0.71875 0.0265625 0.025
0 0.56875 0.709375 0.025 0.0125
0 0.5953125 0.7140625 0.0296875 0.0203125
0 0.6109375 0.69375 0.025 0.0234375
0 0.5625 0.67109375 0.03125 0.0171875
0 0.5375 0.66796875 0.028125 0.0140625
0 0.56484375 0.65703125 0.0265625 0.015625
0 0.459375 0.51953125 0.0453125 0.0328125