0 0.515625 0.48359375 0.03125 0.0359375
0 0.47578125 0.5078125 0.0265625 0.0203125
0 0.459375 0.52578125 0.0359375 0.025
0 0.48046875 0.5515625 0.0296875 0.0265625
0 0.37109375 0.51484375 0.0296875 0.0234375
0 0.4125 0.52109375 0.021875 0.0234375
0 0.41953125 0.53828125 0.0203125 0.0171875
0 0.46484375 0.43515625 0.0296875 0.021875
0 0.54453125 0.45234375 0.034375 0.015625
0 0.5375 0.43984375 0.028125 0.01875
0 0.5359375 0.421875 0.0234375 0.021875
0 0.5203125 0.40078125 0.0296875 0.0203125
0 0.40859375 0.40234375 0.0265625 0.0265625
0 0.43203125 0.4328125 0.025 0.0203125
0 0.225 0.50234375 0.028125 0.0203125
0 0.234375 0.46953125 0.0296875 0.0171875
0 0.24765625 0.45546875 0.025 0.0203125
0 0.27421875 0.4609375 0.0171875 0.0203125
0 0.27421875 0.47578125 0.0203125 0.01875
0 0.22109375 0.434375 0.025 0.021875
0 0.28203125 0.41796875 0.0203125 0.0171875
0 0.35078125 0.4109375 0.0328125 0.021875
0 0.3453125 0.38828125 0.0265625 0.0265625
0 0.47265625 0.37734375 0.0328125 0.025
0 0.503125 0.41484375 0.0203125 0.0234375
0 0.53671875 0.3859375 0.0296875 0.0234375
0 0.553125 0.3609375 0.025 0.0171875
0 0.5734375 0.353125 0.0265625 0.0234375
0 0.5984375 0.365625 0.0265625 0.0234375
0 0.59375 0.3875 0.0265625 0.021875
0 0.60078125 0.35234375 0.0265625 0.0203125
0 0.51015625 0.31875 0.025 0.0265625
0 0.48515625 0.328125 0.0296875 0.01875
0 0.50234375 0.34453125 0.0234375 0.0140625
0 0.51171875 0.35625 0.025 0.0140625
0 0.45078125 0.4125 0.0359375 0.021875
0 0.2421875 0.55859375 0.03125 0.0234375
0 0.15234375 0.4671875 0.0203125 0.0171875
0 0.19453125 0.43828125 0.025 0.0171875
0 0.215625 0.41015625 0.03125 0.0265625
0 0.21796875 0.396875 0.0265625 0.0203125
0 0.5171875 0.27421875 0.025 0.0234375
0 0.553125 0.278125 0.0234375 0.0109375
0 0.57890625 0.2703125 0.028125 0.01875
0 0.59609375 0.28828125 0.0234375 0.021875
0 0.55234375 0.31640625 0.0296875 0.015625
0 0.52890625 0.3234375 0.0265625 0.0125
0 0.55703125 0.3296875 0.025 0.0140625
0 0.4734375 0.4765625 0.04375 0.03125
4 0.33671875 0.69140625 0.075 0.03125
4 0.70625 0.6671875 0.0984375 0.0359375