0 0.5 0.50078125 0.028125 0.034375
0 0.4609375 0.521875 0.025 0.01875
0 0.44375 0.53828125 0.034375 0.021875
0 0.46328125 0.56484375 0.028125 0.025
0 0.35859375 0.5234375 0.028125 0.021875
0 0.39921875 0.53125 0.0203125 0.021875
0 0.4046875 0.54921875 0.01875 0.015625
0 0.453125 0.4515625 0.028125 0.0203125
0 0.5296875 0.471875 0.0328125 0.0125
0 0.5234375 0.459375 0.0265625 0.0171875
0 0.52265625 0.4421875 0.021875 0.0203125
0 0.509375 0.42109375 0.028125 0.01875
0 0.40078125 0.41640625 0.025 0.025
0 0.42265625 0.44765625 0.0234375 0.01875
0 0.21796875 0.50390625 0.0265625 0.01875
0 0.2296875 0.47265625 0.028125 0.015625
0 0.2421875 0.459375 0.0234375 0.01875
0 0.26796875 0.46640625 0.015625 0.01875
0 0.2671875 0.48046875 0.01875 0.0171875
0 0.21796875 0.4375 0.0234375 0.0203125
0 0.278125 0.42578125 0.01875 0.015625
0 0.34453125 0.421875 0.03125 0.01875
0 0.340625 0.4 0.025 0.025
0 0.4640625 0.3953125 0.03125 0.021875
0 0.4921875 0.4328125 0.01875 0.021875
0 0.52578125 0.40703125 0.028125 0.021875
0 0.54296875 0.38359375 0.0234375 0.015625
0 0.56328125 0.37734375 0.025 0.021875
0 0.58671875 0.390625 0.025 0.021875
0 0.58046875 0.4109375 0.025 0.0203125
0 0.58984375 0.378125 0.025 0.01875
0 0.503125 0.340625 0.0234375 0.025
0 0.47890625 0.3484375 0.028125 0.0171875
0 0.49453125 0.36484375 0.021875 0.0125
0 0.503125 0.37734375 0.0234375 0.0125
0 0.44140625 0.42890625 0.034375 0.01875
0 0.23203125 0.559375 0.0296875 0.0203125
0 0.15 0.46640625 0.01875 0.015625
0 0.1921875 0.440625 0.0234375 0.015625
0 0.2140625 0.4140625 0.0296875 0.025
0 0.21640625 0.4015625 0.025 0.01875
0 0.5125 0.2984375 0.0234375 0.021875
0 0.546875 0.30390625 0.021875 0.009375
0 0.571875 0.29765625 0.0265625 0.0171875
0 0.58828125 0.315625 0.021875 0.0203125
0 0.54453125 0.340625 0.028125 0.0140625
0 0.52109375 0.34609375 0.025 0.0109375
0 0.54765625 0.35390625 0.0234375 0.0125
0 0.46015625 0.49140625 0.040625 0.028125
4 0.31640625 0.69296875 0.071875 0.0265625
4 0.675 0.6875 0.09375 0.0296875