4 0.49609375 0.1166666671875 0.5015625 0.43055555625 0.5703125 0.4291666671875 0.5671875 0.0958333328125 0.49609375 0.1166666671875
4 0.49921875 0.46666666718750005 0.50078125 0.5138888890625 0.56640625 0.5166666671875 0.5640625 0.45694444375 0.49921875 0.46666666718750005
4 0.4671875 0.19583333281249998 0.4671875 0.125 0.44375 0.20833333281250002 0.4453125 0.24305555625 0.45390625 0.20972222187499998 0.4671875 0.19583333281249998
4 0.45 0.36944444375 0.46328125 0.35972222187499997 0.4640625 0.2388888890625 0.45078125 0.2736111109375 0.44921875 0.30694444375 0.4421875 0.34305555625 0.45 0.36944444375
4 0.4640625 0.51805555625 0.46484375 0.415277778125 0.44453125 0.47222222187499996 0.434375 0.5097222218749999 0.44453125 0.522222221875 0.4640625 0.51805555625
4 0.66484375 0.097222221875 0.609375 0.10555555624999999 0.6125 0.19305555624999998 0.66484375 0.1875 0.66484375 0.097222221875
4 0.6625 0.2 0.61328125 0.21805555625 0.6109375 0.2833333328125 0.66328125 0.275 0.6625 0.2
4 0.62578125 0.3513888890625 0.6125 0.4 0.63046875 0.40277777812500004 0.62421875 0.4388888890625 0.64375 0.4583333328125 0.621875 0.5291666671875 0.66484375 0.547222221875 0.66328125 0.2875 0.6140625 0.29444444375 0.6140625 0.29722222187499997 0.61328125 0.34861111093749997 0.62578125 0.3513888890625
4 0.68984375 0.10833333281249999 0.67578125 0.097222221875 0.6796875 0.522222221875 0.6859375 0.5291666671875 0.68984375 0.10833333281249999
4 0.71484375 0.11388888906250001 0.6984375 0.109722221875 0.70078125 0.5458333328125 0.71015625 0.5611111109375 0.71484375 0.11388888906250001
4 0.4703125 0.70694444375 0.43359375 0.7402777781250001 0.44375 0.7805555562500001 0.48203125 0.722222221875 0.4703125 0.70694444375