4 0.4894058546875 0.5530348734375 0.53500448125 0.877431775 0.6117165171875001 0.8872918921874999 0.5605270046874999 0.54323773125 0.4894058546875 0.5530348734375
4 0.4749972390625 0.46727652812500003 0.4810943671875 0.516200425 0.5495477234374999 0.5156298640625 0.5422157640624999 0.4536954796875 0.4749972390625 0.46727652812500003
4 0.466064740625 0.791506265625 0.5038362953125 0.873564284375 0.49227374687500003 0.8005612328125 0.47631106562500003 0.788416065625 0.4620080625 0.7554652609375 0.466064740625 0.791506265625
4 0.46265962656250004 0.7230805671875 0.48202305624999997 0.7566972203125 0.46149309374999997 0.6322902 0.44621056093749994 0.6244393296874999 0.44246199218750004 0.6529125203125 0.45560719218749995 0.688981384375 0.46265962656250004 0.7230805671875
4 0.42379420312500005 0.519406515625 0.45403566562500003 0.5747777109375 0.43645301718749996 0.46897931249999997 0.41563240468749996 0.46787495156250003 0.40719981406250005 0.48241660937499997 0.42379420312500005 0.519406515625
4 0.6536329015625 0.870381603125 0.7121921203125 0.8699107796875 0.6974555390625 0.776867675 0.64257223125 0.7796909750000001 0.6536329015625 0.870381603125
4 0.6392969500000001 0.75379759375 0.692998234375 0.7643675765625 0.6815611546875 0.6869426296875 0.6262244124999999 0.6869030656249999 0.6392969500000001 0.75379759375
4 0.627633153125 0.674941215625 0.67952070625 0.6740597390625 0.6387359359375 0.40612668906250005 0.59737423125 0.4317531703125 0.6314940984375 0.5011834921875 0.6145276671875 0.5244134828125 0.6268672484375 0.5606099437500001 0.6087914546875 0.56640755 0.6304220515625001 0.6143385265625 0.6179855890625 0.6192429500000001 0.6271797203125 0.6720783499999999 0.627633153125 0.674941215625
4 0.7234707796875 0.8681244156249999 0.7361581796875 0.8543762031250001 0.663434953125 0.42129017968750004 0.6581235875 0.42946812031250003 0.7234707796875 0.8681244156249999
4 0.7447932671874999 0.8515411984375 0.7610311078125 0.8445673546875 0.6831946453125 0.3844117125 0.67602110625 0.4016886390625 0.7447932671874999 0.8515411984375
4 0.3687592359375 0.24492643125 0.41206450625 0.27328372968750003 0.42165490156249996 0.2556240109375 0.37265749531250003 0.2017561265625 0.3687592359375 0.24492643125