4 0.21601971718750002 0.47948846874999995 0.1864995421875 0.58023639375 0.3046249234375 0.606424490625 0.3174700140625 0.5556782890624999 0.299579746875 0.55058735 0.3117695390625 0.4981003484375 0.21601971718750002 0.47948846874999995
4 0.360703746875 0.51729274375 0.326548778125 0.631660584375 0.371245803125 0.6113071531250001 0.4053117421875 0.609861771875 0.4503173484375 0.6492650578125 0.47444563281249996 0.5506959046875 0.360703746875 0.51729274375
4 0.132364271875 0.46000064687500003 0.1622884421875 0.367398375 0.145603784375 0.325433 0.11043722656249999 0.404108853125 0.132364271875 0.46000064687500003
4 0.1598390953125 0.5589198734374999 0.1798383796875 0.49181662968750006 0.1766573 0.4315015578125 0.1438097359375 0.5186953015625 0.1598390953125 0.5589198734374999
4 0.3471810140625 0.3517082421875 0.3660319703125 0.3876410015625 0.4012049125 0.3702765515625 0.4365814484375 0.3723127765625 0.4787145625 0.4111577046875 0.497969515625 0.4552361203125 0.520736303125 0.34833519375 0.48495576875 0.3381533109375 0.4464013484375 0.3064577140625 0.3882993484375 0.3242054828125 0.373434271875 0.3342234046875 0.3569532078125 0.311658709375 0.3471810140625 0.3517082421875
4 0.557010034375 0.7393813 0.524474246875 0.916987459375 0.54377690625 0.9352603437499999 0.5755715593749999 0.89949154375 0.5630159015625 0.8260602578125 0.557010034375 0.7393813
4 0.6349268734375 0.8190638078125 0.692475371875 0.8092755734375 0.69901878125 0.734716496875 0.652705765625 0.722487309375 0.6349268734375 0.8190638078125
4 0.6823977875 0.8202240921874999 0.62289296875 0.91675701875 0.676461971875 0.9223295031250001 0.6823977875 0.8202240921874999
4 0.736001728125 0.6773682453125 0.6974251359375 0.9167237765625 0.71183850625 0.924365728125 0.74749170625 0.679601671875 0.736001728125 0.6773682453125
4 0.772186259375 0.69569578125 0.7563223625 0.79264451875 0.787363109375 0.7760902749999999 0.78826651875 0.7407705250000001 0.7729974453125 0.74264279375 0.772186259375 0.69569578125
4 0.6670109578125001 0.6591175218750001 0.6593064578125001 0.7140898015625 0.7011341796874999 0.7238337140625 0.710047478125 0.6626426999999999 0.6670109578125001 0.6591175218750001