4 0.20018058125 0.48202627031249995 0.18723072031250002 0.582645721875 0.30398966562499996 0.5897858109375 0.308579665625 0.5394102609375 0.290726225 0.537255415625 0.29442716875 0.4853174328125 0.20018058125 0.48202627031249995
4 0.3440573890625 0.4962388921875 0.3287418875 0.610558234375 0.3683444078125 0.584376184375 0.40065530781250003 0.577847559375 0.44959116874999994 0.6086528296875 0.4577218765625 0.510927865625 0.3440573890625 0.4962388921875
4 0.11735040781249999 0.47607099843749995 0.1319181390625 0.3831649875 0.1096383828125 0.3456336265625 0.08795822187499999 0.4260401546875 0.11735040781249999 0.47607099843749995
4 0.15854839999999998 0.566330221875 0.1674957953125 0.49926155781250003 0.15533505625 0.44217550625 0.13715769687499998 0.5303612984375 0.15854839999999998 0.566330221875
4 0.30609858437500004 0.34024305625 0.329534453125 0.371689234375 0.360494546875 0.34979955 0.39458355312500004 0.346395796875 0.4406920171875 0.37710233125000003 0.46574575781250005 0.41626195 0.47131612812499996 0.310790634375 0.4356092484375 0.30648094531250003 0.3939994671875 0.282057065625 0.3412024234375 0.307778353125 0.3285230703125 0.319586690625 0.30937223281250004 0.3005412625 0.30609858437500004 0.34024305625
4 0.5651026828125 0.67853630625 0.56089863125 0.8529678359374999 0.582094634375 0.8674905171875 0.6070449984375 0.8285456921875 0.5839485546875001 0.7603580328125 0.5651026828125 0.67853630625
4 0.651557990625 0.7428109484375 0.7050304390625 0.7247701906249999 0.70000108125 0.65261928125 0.653927078125 0.6479475640625 0.651557990625 0.7428109484375
4 0.6970634140625 0.7367430875000001 0.6548436984375 0.8378718031249999 0.706839559375 0.8350933734374999 0.6970634140625 0.7367430875000001
4 0.7266416796875 0.5922940328124999 0.7260093484375 0.8265744625 0.740928565625 0.8316896203124999 0.7379512703125 0.5926889734375 0.7266416796875 0.5922940328124999
4 0.76396643125 0.6043171640625 0.7634822765625 0.699246375 0.790619090625 0.6787545671874999 0.7861393624999999 0.6449075734374999 0.7718421375 0.6490024703125 0.76396643125 0.6043171640625
4 0.6580019078125 0.5853029125 0.65895988125 0.638934978125 0.7003749671875 0.6419126140625 0.6996306421875 0.582162453125 0.6580019078125 0.5853029125