4 0.6860951609375 0.1622160546875 0.648322003125 0.32992295625 0.6974608953125 0.3463083515625 0.7336472921875 0.17319432968749998 0.6860951609375 0.1622160546875
4 0.8726207890625 0.2220815109375 0.8316270812500001 0.387364628125 0.8798687640624999 0.403542884375 0.91853913125 0.23604312031250002 0.8726207890625 0.2220815109375
4 0.49121150468749997 0.920388915625 0.5405580546875 0.9317814640625001 0.575431925 0.76844599375 0.52751150625 0.75906295625 0.49121150468749997 0.920388915625
4 0.734604353125 1 0.7692488390625 0.8417566093750001 0.7207995 0.8305711984374999 0.6863409453125 0.983920978125 0.7342867171874999 1 0.734604353125 1
4 0.325987990625 0.6822928671875 0.4176640421875 0.7068184765625001 0.43614508281250003 0.6472352015625 0.340719559375 0.6184834343750001 0.325987990625 0.6822928671875
4 0.361089071875 0.5425335234374999 0.3493038171875 0.5935810703125 0.4411405015625 0.6215042890625 0.455249096875 0.5726733890625 0.361089071875 0.5425335234374999
4 0.2722452375 0.8782378796874999 0.2599780875 0.9190926015625 0.352089009375 0.9622014890624999 0.367302471875 0.90858488125 0.2722452375 0.8782378796874999
4 0.292869434375 0.788904671875 0.277080025 0.849109359375 0.302362534375 0.8583068125000001 0.3334045171875 0.80162345625 0.292869434375 0.788904671875
4 0.39605699375 0.36241714687500004 0.380475240625 0.41762899062500003 0.43499739374999996 0.4352572078125 0.44825580625 0.377828715625 0.39605699375 0.36241714687500004
4 0.409617115625 0.28321490312500003 0.39962628125 0.334676725 0.42295374218750004 0.34006229375 0.4704197375 0.30229308125 0.409617115625 0.28321490312500003
4 0.466795996875 0.0191724375 0.4507989296875 0.0843699703125 0.5502756343749999 0.0955741421875 0.5627504421875 0.0497265765625 0.466795996875 0.0191724375
4 0.44143106718749997 0.12085325625000001 0.539387590625 0.14682882656250001 0.5458561640624999 0.114716971875 0.45022298281250006 0.0909580515625 0.44143106718749997 0.12085325625000001