4 0.44234894843749994 0.2840185984375 0.47920775000000004 0.11506503125 0.4312060625 0.1048619578125 0.39060295156249997 0.2780707359375 0.44234894843749994 0.2840185984375
4 0.2508832703125 0.25847458125 0.2837768921875 0.0903618875 0.235996075 0.083573153125 0.200042965625 0.25271923125 0.2508832703125 0.25847458125
4 0.2847419671875 0.87853704375 0.3345550390625 0.8891251390624999 0.37004419843749997 0.7266152328125 0.3223849203125 0.7148012453125 0.2847419671875 0.87853704375
4 0.0788845453125 0.8583524499999999 0.12972485 0.8641078015625 0.1635019546875 0.70965246875 0.114594575 0.699256884375 0.0788845453125 0.8583524499999999
4 0.4923570625 0.7256744890625 0.586328184375 0.7422812734375 0.60002460625 0.677844671875 0.5008402046875 0.6634971640625 0.4923570625 0.7256744890625
4 0.6027860984375 0.6514925 0.6137432359375 0.5999432203125 0.515122115625 0.5873991359375 0.5072244640625 0.637915034375 0.6027860984375 0.6514925
4 0.5458349078125 0.98622865625 0.5520205046875 0.9437673328124999 0.45249369218749996 0.931030740625 0.443568809375 0.9863793828125 0.5458349078125 0.98622865625
4 0.5599952781249999 0.915155884375 0.5711954953125 0.85355609375 0.5288488328125001 0.8479224249999999 0.5330453828125 0.9127949031249999 0.5599952781249999 0.915155884375
4 0.649165771875 0.47782787187500003 0.6584330640625 0.4208683125 0.6043124015625 0.4127320046875 0.5919856218749999 0.4707249453125 0.649165771875 0.47782787187500003
4 0.6669711203124999 0.39406029062500003 0.6797396421874999 0.34289603281250003 0.6162196468750001 0.3344455296875 0.643423121875 0.389055009375 0.6669711203124999 0.39406029062500003
4 0.7267270124999999 0.144105121875 0.739860153125 0.0778650953125 0.6394276484375 0.064935990625 0.6313091265625 0.1120375484375 0.7267270124999999 0.144105121875
4 0.619446296875 0.1633943171875 0.7197572609375 0.181348678125 0.724451678125 0.150356271875 0.6272002 0.131368528125 0.619446296875 0.1633943171875