0 0.859375 0.41953125 0.0453125 0.0359375
0 0.840625 0.50078125 0.0265625 0.01875
0 0.625 0.49375 0.025 0.0265625
0 0.6015625 0.5 0.021875 0.0234375
0 0.58046875 0.50625 0.0234375 0.01875
0 0.56484375 0.50625 0.028125 0.0234375
0 0.575 0.41328125 0.028125 0.028125
0 0.546875 0.3234375 0.025 0.0265625
0 0.51796875 0.2453125 0.0265625 0.0234375
0 0.4578125 0.26015625 0.0203125 0.0203125
0 0.4859375 0.20078125 0.0265625 0.0203125
0 0.48984375 0.1734375 0.025 0.0265625
0 0.47421875 0.1 0.025 0.0265625
0 0.4640625 0.12578125 0.028125 0.025
0 0.3234375 0.22265625 0.025 0.0265625
0 0.38828125 0.565625 0.0234375 0.0234375
0 0.66171875 0.3546875 0.028125 0.025
0 0.31796875 0.27421875 0.01875 0.01875