0 0.51171875 0.16875 0.0265625 0.0375
0 0.58359375 0.20234375 0.0125 0.0234375
0 0.534375 0.4 0.021875 0.0203125
0 0.5359375 0.4234375 0.01875 0.0171875
0 0.53671875 0.44375 0.0140625 0.0203125
0 0.534375 0.4578125 0.0171875 0.0234375
0 0.45 0.43046875 0.021875 0.021875
0 0.3609375 0.4390625 0.021875 0.0203125
0 0.28359375 0.45078125 0.01875 0.021875
0 0.28515625 0.509375 0.015625 0.0171875
0 0.2359375 0.47109375 0.015625 0.021875
0 0.2109375 0.4625 0.021875 0.0203125
0 0.13984375 0.4625 0.021875 0.0203125
0 0.16171875 0.4765625 0.01875 0.0234375
0 0.22421875 0.62578125 0.021875 0.0203125
0 0.55390625 0.63359375 0.01875 0.01875
0 0.4125 0.3390625 0.01875 0.0234375
0 0.27109375 0.64140625 0.015625 0.015625