0 0.853125 0.4421875 0.0453125 0.0359375
0 0.803125 0.3734375 0.0265625 0.0171875
0 0.603125 0.46640625 0.0265625 0.0265625
0 0.578125 0.46953125 0.021875 0.0234375
0 0.55703125 0.47265625 0.025 0.01875
0 0.5421875 0.478125 0.028125 0.0234375
0 0.58828125 0.56171875 0.028125 0.028125
0 0.59765625 0.65859375 0.0265625 0.0265625
0 0.6015625 0.74296875 0.0265625 0.025
0 0.5390625 0.753125 0.021875 0.0203125
0 0.58984375 0.79765625 0.0265625 0.021875
0 0.60390625 0.821875 0.0265625 0.0265625
0 0.61875 0.89765625 0.0265625 0.0265625
0 0.5984375 0.87734375 0.028125 0.025
0 0.428125 0.8421875 0.0265625 0.0265625
0 0.3515625 0.49375 0.0234375 0.0234375
0 0.69375 0.5828125 0.028125 0.025
0 0.4015625 0.7953125 0.0203125 0.0203125