0 0.82890625 0.50703125 0.0375 0.028125
0 0.79453125 0.58046875 0.025 0.0125
0 0.59296875 0.53046875 0.021875 0.021875
0 0.56875 0.53203125 0.0171875 0.01875
0 0.54765625 0.5328125 0.021875 0.0140625
0 0.53359375 0.53046875 0.025 0.0171875
0 0.56171875 0.44375 0.021875 0.021875
0 0.55234375 0.353125 0.021875 0.021875
0 0.540625 0.27421875 0.021875 0.01875
0 0.48046875 0.27578125 0.0171875 0.015625
0 0.5203125 0.225 0.021875 0.015625
0 0.52890625 0.2 0.021875 0.021875
0 0.52890625 0.12734375 0.021875 0.021875
0 0.5140625 0.14921875 0.025 0.01875
0 0.36171875 0.21328125 0.021875 0.021875
0 0.35390625 0.55 0.01875 0.01875
0 0.6546875 0.40546875 0.025 0.01875
0 0.34609375 0.2609375 0.015625 0.015625