0 0.44375 0.13671875 0.0359375 0.04375
0 0.37578125 0.18671875 0.0171875 0.0265625
0 0.4671875 0.3828125 0.0265625 0.0265625
0 0.4703125 0.4078125 0.0234375 0.021875
0 0.4734375 0.42890625 0.01875 0.025
0 0.47890625 0.44296875 0.021875 0.028125
0 0.5609375 0.39765625 0.028125 0.028125
0 0.65546875 0.38828125 0.0265625 0.0265625
0 0.73984375 0.38515625 0.025 0.0265625
0 0.74921875 0.446875 0.0203125 0.0203125
0 0.79296875 0.396875 0.0203125 0.0265625
0 0.8171875 0.3828125 0.0265625 0.0265625
0 0.89140625 0.36796875 0.0265625 0.0265625
0 0.87109375 0.3875 0.025 0.028125
0 0.8359375 0.55546875 0.0265625 0.0265625
0 0.49453125 0.63046875 0.0234375 0.0234375
0 0.58203125 0.29453125 0.025 0.028125
0 0.79140625 0.58125 0.01875 0.01875