0 0.434375 0.1546875 0.03125 0.040625
0 0.36484375 0.1984375 0.015625 0.025
0 0.43984375 0.39375 0.025 0.0234375
0 0.44140625 0.41796875 0.021875 0.0203125
0 0.44296875 0.4390625 0.0171875 0.0234375
0 0.446875 0.453125 0.0203125 0.0265625
0 0.5296875 0.41484375 0.025 0.025
0 0.621875 0.41171875 0.025 0.0234375
0 0.703125 0.41484375 0.021875 0.025
0 0.70859375 0.47421875 0.01875 0.0203125
0 0.753125 0.4296875 0.01875 0.025
0 0.778125 0.4171875 0.025 0.0234375
0 0.85078125 0.4078125 0.025 0.0234375
0 0.83046875 0.42578125 0.021875 0.0265625
0 0.78515625 0.58515625 0.025 0.0234375
0 0.45 0.63515625 0.021875 0.021875
0 0.55703125 0.31640625 0.021875 0.0265625
0 0.7390625 0.6078125 0.01875 0.01875