0 0.5578125 0.85078125 0.034375 0.04375
0 0.62734375 0.80390625 0.0171875 0.0265625
0 0.54375 0.6078125 0.025 0.025
0 0.54140625 0.5828125 0.021875 0.0203125
0 0.5390625 0.56171875 0.0171875 0.0234375
0 0.534375 0.54765625 0.021875 0.0265625
0 0.45078125 0.58984375 0.0265625 0.0265625
0 0.3578125 0.5953125 0.025 0.025
0 0.27578125 0.59609375 0.0234375 0.025
0 0.2671875 0.53515625 0.01875 0.0203125
0 0.22265625 0.5828125 0.0203125 0.025
0 0.19765625 0.59609375 0.025 0.025
0 0.125 0.6078125 0.025 0.025
0 0.14453125 0.58984375 0.0234375 0.0265625
0 0.18515625 0.425 0.025 0.025
0 0.52578125 0.3625 0.021875 0.021875
0 0.42734375 0.69140625 0.0234375 0.0265625
0 0.23125 0.40078125 0.01875 0.01875