0 0.84140625 0.49375 0.0390625 0.028125
0 0.809375 0.56796875 0.0234375 0.0140625
0 0.60703125 0.525 0.0203125 0.021875
0 0.58359375 0.52734375 0.0171875 0.01875
0 0.5625 0.52890625 0.0203125 0.0140625
0 0.5484375 0.52734375 0.0234375 0.01875
0 0.5734375 0.440625 0.021875 0.021875
0 0.5609375 0.35 0.0203125 0.021875
0 0.546875 0.271875 0.021875 0.01875
0 0.4875 0.27578125 0.0171875 0.015625
0 0.525 0.225 0.021875 0.015625
0 0.5328125 0.1984375 0.0203125 0.021875
0 0.5296875 0.1265625 0.0203125 0.021875
0 0.51640625 0.14921875 0.0234375 0.0203125
0 0.3671875 0.21796875 0.0203125 0.021875
0 0.3703125 0.553125 0.01875 0.01875
0 0.66484375 0.39921875 0.0234375 0.0203125
0 0.35234375 0.265625 0.015625 0.015625