0 0.48828125 0.83125 0.0265625 0.0375
0 0.41640625 0.79765625 0.0125 0.0234375
0 0.465625 0.6 0.021875 0.0203125
0 0.4640625 0.5765625 0.01875 0.0171875
0 0.46328125 0.55625 0.0140625 0.0203125
0 0.465625 0.5421875 0.0171875 0.0234375
0 0.55 0.56953125 0.021875 0.021875
0 0.6390625 0.5609375 0.021875 0.0203125
0 0.71640625 0.54921875 0.01875 0.021875
0 0.71484375 0.490625 0.015625 0.0171875
0 0.7640625 0.52890625 0.015625 0.021875
0 0.7890625 0.5375 0.021875 0.0203125
0 0.86015625 0.5375 0.021875 0.0203125
0 0.83828125 0.5234375 0.01875 0.0234375
0 0.77578125 0.37421875 0.021875 0.0203125
0 0.44609375 0.36640625 0.01875 0.01875
0 0.5875 0.6609375 0.01875 0.0234375
0 0.72890625 0.35859375 0.015625 0.015625