0 0.578125 0.82265625 0.0359375 0.0453125
0 0.49609375 0.80390625 0.01875 0.0265625
0 0.503125 0.58671875 0.028125 0.0265625
0 0.49609375 0.5625 0.0234375 0.021875
0 0.49140625 0.54140625 0.01875 0.025
0 0.490625 0.52578125 0.0234375 0.028125
0 0.584375 0.5359375 0.028125 0.028125
0 0.67578125 0.50625 0.028125 0.0265625
0 0.753125 0.47734375 0.025 0.0265625
0 0.73828125 0.41640625 0.0203125 0.0203125
0 0.7984375 0.44609375 0.0203125 0.0265625
0 0.8265625 0.44921875 0.028125 0.0265625
0 0.9 0.43359375 0.028125 0.0265625
0 0.875 0.4234375 0.025 0.028125
0 0.7765625 0.28203125 0.028125 0.0265625
0 0.43046875 0.346875 0.0234375 0.0234375
0 0.64375 0.62265625 0.025 0.028125
0 0.72421875 0.27578125 0.01875 0.01875