0 0.85625 0.384375 0.0453125 0.0359375
0 0.80390625 0.3171875 0.028125 0.01875
0 0.61015625 0.415625 0.0265625 0.028125
0 0.5859375 0.4203125 0.021875 0.0234375
0 0.5640625 0.42421875 0.025 0.01875
0 0.55 0.4296875 0.028125 0.0234375
0 0.6 0.51171875 0.028125 0.028125
0 0.61171875 0.60546875 0.0265625 0.028125
0 0.61796875 0.6890625 0.028125 0.025
0 0.55703125 0.7015625 0.021875 0.0203125
0 0.60859375 0.74375 0.0265625 0.021875
0 0.6234375 0.7671875 0.0265625 0.028125
0 0.640625 0.84140625 0.0265625 0.028125
0 0.62109375 0.821875 0.0296875 0.025
0 0.45078125 0.79296875 0.0265625 0.028125
0 0.36328125 0.45234375 0.025 0.025
0 0.703125 0.528125 0.0296875 0.025
0 0.4234375 0.74765625 0.0203125 0.0203125