0 0.61640625 0.83671875 0.0375 0.0453125
0 0.68359375 0.784375 0.01875 0.028125
0 0.58359375 0.5890625 0.028125 0.0265625
0 0.58046875 0.5640625 0.0234375 0.0234375
0 0.5765625 0.5421875 0.01875 0.025
0 0.5703125 0.52890625 0.0234375 0.028125
0 0.48828125 0.57734375 0.028125 0.028125
0 0.39375 0.590625 0.028125 0.0265625
0 0.31015625 0.596875 0.025 0.028125
0 0.296875 0.53515625 0.0203125 0.021875
0 0.2546875 0.58671875 0.021875 0.0265625
0 0.23046875 0.6015625 0.028125 0.0265625
0 0.15625 0.61875 0.028125 0.0265625
0 0.17578125 0.59921875 0.025 0.0296875
0 0.20546875 0.428125 0.028125 0.0265625
0 0.54765625 0.33984375 0.025 0.025
0 0.471875 0.68203125 0.025 0.0296875
0 0.25078125 0.39921875 0.0203125 0.0203125