0 0.51171875 0.159375 0.0359375 0.0453125
0 0.42890625 0.18125 0.0171875 0.0265625
0 0.44453125 0.4 0.0265625 0.025
0 0.4390625 0.42421875 0.0234375 0.021875
0 0.43359375 0.4453125 0.01875 0.0234375
0 0.43359375 0.46171875 0.0234375 0.028125
0 0.528125 0.44765625 0.0265625 0.0265625
0 0.6203125 0.4734375 0.0265625 0.025
0 0.7 0.5 0.0234375 0.0265625
0 0.6875 0.5625 0.01875 0.021875
0 0.746875 0.53046875 0.0203125 0.0265625
0 0.775 0.5265625 0.0265625 0.025
0 0.85 0.53984375 0.0265625 0.025
0 0.82421875 0.55 0.025 0.028125
0 0.73046875 0.696875 0.0265625 0.025
0 0.38046875 0.64296875 0.0234375 0.0234375
0 0.584375 0.3578125 0.025 0.028125
0 0.678125 0.7046875 0.01875 0.01875