0 0.475 0.1421875 0.0296875 0.040625
0 0.396875 0.175 0.0140625 0.025
0 0.4421875 0.38671875 0.0234375 0.0234375
0 0.43984375 0.4109375 0.0203125 0.01875
0 0.43828125 0.4328125 0.015625 0.021875
0 0.43984375 0.44765625 0.01875 0.025
0 0.53125 0.421875 0.025 0.025
0 0.625 0.43515625 0.0234375 0.0234375
0 0.70703125 0.45 0.021875 0.0234375
0 0.703125 0.51171875 0.0171875 0.01875
0 0.75625 0.47265625 0.0171875 0.0234375
0 0.78359375 0.465625 0.0234375 0.0234375
0 0.859375 0.46796875 0.0234375 0.0234375
0 0.83515625 0.48203125 0.021875 0.025
0 0.76328125 0.63828125 0.0234375 0.0234375
0 0.41328125 0.63359375 0.0203125 0.0203125
0 0.57421875 0.3265625 0.021875 0.025
0 0.71328125 0.653125 0.0171875 0.0171875