0 0.48984375 0.15 0.0296875 0.0421875
0 0.565625 0.1890625 0.0140625 0.025
0 0.50546875 0.39921875 0.0234375 0.0234375
0 0.50546875 0.42421875 0.0203125 0.01875
0 0.50546875 0.44609375 0.015625 0.021875
0 0.503125 0.46171875 0.0203125 0.025
0 0.41328125 0.42890625 0.025 0.025
0 0.31796875 0.43515625 0.0234375 0.0234375
0 0.23359375 0.44453125 0.021875 0.0234375
0 0.23359375 0.50703125 0.0171875 0.01875
0 0.18203125 0.46484375 0.0171875 0.0234375
0 0.15625 0.4546875 0.0234375 0.0234375
0 0.0796875 0.4515625 0.0234375 0.0234375
0 0.10234375 0.4671875 0.021875 0.025
0 0.1640625 0.6296875 0.0234375 0.0234375
0 0.5171875 0.65078125 0.0203125 0.0203125
0 0.37734375 0.32890625 0.021875 0.025
0 0.21328125 0.6484375 0.0171875 0.0171875