0 0.50390625 0.1515625 0.0296875 0.040625
0 0.428125 0.18203125 0.0140625 0.025
0 0.4640625 0.3875 0.0234375 0.021875
0 0.4609375 0.41171875 0.0203125 0.01875
0 0.45859375 0.4328125 0.015625 0.021875
0 0.46015625 0.446875 0.0203125 0.025
0 0.54921875 0.425 0.0234375 0.0234375
0 0.63984375 0.440625 0.0234375 0.021875
0 0.71796875 0.4578125 0.0203125 0.0234375
0 0.7125 0.51796875 0.0171875 0.01875
0 0.76484375 0.4828125 0.0171875 0.0234375
0 0.79140625 0.475 0.0234375 0.021875
0 0.86484375 0.48046875 0.0234375 0.021875
0 0.84140625 0.49296875 0.021875 0.025
0 0.76640625 0.64140625 0.0234375 0.021875
0 0.42734375 0.6265625 0.0203125 0.0203125
0 0.59375 0.334375 0.021875 0.025
0 0.7171875 0.6546875 0.0171875 0.0171875