0 0.5421875 0.8328125 0.0296875 0.040625
0 0.6109375 0.79140625 0.015625 0.025
0 0.53984375 0.59765625 0.0234375 0.021875
0 0.53984375 0.5734375 0.0203125 0.01875
0 0.53828125 0.553125 0.015625 0.021875
0 0.534375 0.53984375 0.0203125 0.025
0 0.45234375 0.57578125 0.0234375 0.0234375
0 0.36171875 0.5765625 0.0234375 0.021875
0 0.28203125 0.5734375 0.0203125 0.0234375
0 0.27734375 0.5140625 0.0171875 0.01875
0 0.2328125 0.55703125 0.0171875 0.0234375
0 0.2078125 0.56953125 0.0234375 0.021875
0 0.13671875 0.5765625 0.0234375 0.021875
0 0.15703125 0.559375 0.021875 0.025
0 0.20390625 0.403125 0.0234375 0.021875
0 0.5359375 0.36015625 0.0203125 0.0203125
0 0.42421875 0.671875 0.021875 0.025
0 0.25 0.3828125 0.0171875 0.0171875