0 0.52578125 0.84765625 0.03125 0.0421875
0 0.44765625 0.82265625 0.015625 0.025
0 0.47265625 0.61328125 0.025 0.0234375
0 0.46875 0.58984375 0.021875 0.0203125
0 0.465625 0.56953125 0.0171875 0.0234375
0 0.465625 0.5546875 0.0203125 0.0265625
0 0.55625 0.571875 0.025 0.025
0 0.646875 0.55234375 0.025 0.0234375
0 0.72421875 0.5296875 0.021875 0.025
0 0.71484375 0.4703125 0.01875 0.0203125
0 0.7703125 0.503125 0.01875 0.025
0 0.796875 0.509375 0.025 0.0234375
0 0.8703125 0.5 0.025 0.0234375
0 0.8453125 0.48828125 0.021875 0.0265625
0 0.7625 0.34375 0.025 0.0234375
0 0.42421875 0.37734375 0.021875 0.021875
0 0.60546875 0.6609375 0.021875 0.0265625
0 0.7125 0.3328125 0.01875 0.01875