0 0.58125 0.85625 0.0359375 0.04375
0 0.646875 0.80625 0.01875 0.0265625
0 0.55 0.615625 0.0265625 0.025
0 0.54609375 0.5921875 0.0234375 0.021875
0 0.5421875 0.5703125 0.01875 0.0234375
0 0.53671875 0.55703125 0.0234375 0.028125
0 0.45703125 0.6046875 0.0265625 0.0265625
0 0.3640625 0.6171875 0.0265625 0.025
0 0.2828125 0.6234375 0.0234375 0.0265625
0 0.27109375 0.56328125 0.0203125 0.021875
0 0.2296875 0.6140625 0.0203125 0.025
0 0.20546875 0.628125 0.0265625 0.025
0 0.13359375 0.64453125 0.0265625 0.025
0 0.15234375 0.625 0.025 0.028125
0 0.18125 0.45859375 0.0265625 0.025
0 0.51484375 0.3734375 0.0234375 0.0234375
0 0.440625 0.70703125 0.025 0.028125
0 0.225 0.43203125 0.0203125 0.0203125