0 0.83671875 0.53828125 0.0421875 0.0328125
0 0.81484375 0.4609375 0.025 0.015625
0 0.609375 0.47890625 0.0234375 0.025
0 0.5859375 0.4734375 0.0203125 0.021875
0 0.565625 0.46953125 0.021875 0.0171875
0 0.5515625 0.46953125 0.0265625 0.0203125
0 0.56484375 0.55859375 0.025 0.025
0 0.5421875 0.64609375 0.0234375 0.025
0 0.51875 0.72109375 0.025 0.021875
0 0.46015625 0.71015625 0.01875 0.01875
0 0.49140625 0.765625 0.0234375 0.01875
0 0.4953125 0.79296875 0.0234375 0.025
0 0.484375 0.8640625 0.0234375 0.025
0 0.4734375 0.8390625 0.0265625 0.021875
0 0.334375 0.753125 0.0234375 0.025
0 0.37890625 0.421875 0.021875 0.021875
0 0.65078125 0.61015625 0.0265625 0.021875
0 0.32578125 0.70390625 0.0171875 0.0171875