4 0.818330521875 0.67438596875 0.8016428703124999 0.5426044203125 0.77051440625 0.5429751546875 0.771320309375 0.7543791468750001 0.8757442734374999 0.7419903046874999 0.84897544375 0.5471728375 0.8316992796875 0.5494850703124999 0.8306488484375001 0.6733583703125 0.818330521875 0.67438596875
4 0.9658496890625001 0.694115096875 0.93360593125 0.46849338906250004 0.8836803015625 0.5381804078125 0.8908763296875 0.7541808421875 0.9658496890625001 0.694115096875
4 0.7708583859375 0.744158665625 0.8191991984375001 0.6729585390625 0.791247978125 0.441655671875 0.7547127265625 0.5030637062500001 0.7708583859375 0.744158665625
4 0.8258435421874999 0.6702750375 0.8663556359375001 0.6739090671875 0.8524501484375 0.5414631187500001 0.8327204890625 0.543689675 0.8258435421874999 0.6702750375
4 0.8723770578125001 0.674449203125 0.9588959546875 0.682210153125 0.931254125 0.46549573281249995 0.8829641578125 0.535239871875 0.8897361359374999 0.6695906843749999 0.8723770578125001 0.674449203125
4 0.5742347015625 0.5361209171875 0.5658789484375 0.6816055765625 0.552340359375 0.717576909375 0.6558491265625 0.7313958656249999 0.6456403171875 0.5313256328125 0.5742347015625 0.5361209171875
4 0.6664301 0.7332231265625 0.69852028125 0.6818642203125 0.6871885734375 0.49050135937499995 0.6684887703125 0.5335812828125001 0.6664301 0.7332231265625
4 0.5485605890625 0.7320225625 0.5620440078125 0.674182834375 0.5484708281249999 0.5235591078125 0.5485605890625 0.7320225625
4 0.3582761828125 0.5300372421875 0.33822520625 0.7290507828125 0.4379033578125 0.75877138125 0.4443908484375 0.7371314625000001 0.44031361406249997 0.52561323125 0.3582761828125 0.5300372421875
4 0.3261102578125 0.7242544265624999 0.3349658078125 0.5175611109375 0.32474074375 0.5055419265625 0.3077490703125 0.66384489375 0.3261102578125 0.7242544265624999
4 0.22817810624999998 0.738327734375 0.24280067500000002 0.483729578125 0.22602863125 0.4481575390625 0.1881422046875 0.6654991890625 0.22817810624999998 0.738327734375
4 0.1928198765625 0.5315482031250001 0.15770394062499998 0.528864165625 0.1289662015625 0.7421520015625 0.2208684625 0.7366147109375001 0.236114134375 0.5345178374999999 0.211630015625 0.53220506875 0.1822648484375 0.6696672390625 0.1928198765625 0.5315482031250001
4 0.1167495640625 0.7402676203125 0.13316897656249999 0.5280073859375001 0.0978410171875 0.484498534375 0.055403507812499996 0.6914769046875 0.1167495640625 0.7402676203125