4 0.8574545406249999 0.6139868625 0.8257423906250001 0.479050590625 0.7934489218749999 0.48283270156249997 0.81735165 0.7021312734375 0.924467746875 0.67787774375 0.8754063750000001 0.47862560781249996 0.8577134687499999 0.4829106796875 0.870137778125 0.6115760328125 0.8574545406249999 0.6139868625
4 1 0.56740565625 0.9547297328125 0.387738634375 0.9104740515625 0.4655059203125 0.9415158671875 0.688877071875 1 0.6310544218749999 1 0.56740565625
4 0.815756715625 0.691575284375 0.8582011156249999 0.6124107249999999 0.8039307593749999 0.3754245609375 0.7726807078125 0.44313881562499996 0.815756715625 0.691575284375
4 0.864809975 0.6089007265624999 0.9072874078125001 0.6082504656250001 0.8783926703124999 0.47232106093750004 0.8581419078125 0.4767849953125 0.864809975 0.6089007265624999
4 1 0.5884701265625 0.9519597875000001 0.38488446875000004 0.909409340625 0.4625325109375 0.93110215625 0.6012172640625 0.9136009406250001 0.6081538156249999 1 0.606831184375 1 0.5884701265625
4 0.588820396875 0.497141721875 0.5960144328125 0.6490317796875 0.5858762765625001 0.6878389859375 0.6949011875 0.6908827390625001 0.6624680125 0.48437212343749997 0.588820396875 0.497141721875
4 0.7060912765625 0.6916241828125 0.73382055 0.6348236421875 0.701171028125 0.4374717421875 0.686447384375 0.484219253125 0.7060912765625 0.6916241828125
4 0.583526253125 0.703242628125 0.5912211125 0.6417473046875 0.5606882328125 0.48691746562500005 0.583526253125 0.703242628125
4 0.3638350671875 0.514398159375 0.3647213453125 0.7231147499999999 0.471502275 0.7430786609375 0.47587993125 0.719913578125 0.44856672499999994 0.5008534890624999 0.3638350671875 0.514398159375
4 0.35161392812500003 0.7194595171875 0.338260759375 0.5039950390625 0.3263283546875 0.49263798437500006 0.32595060625 0.6587728937499999 0.35161392812500003 0.7194595171875
4 0.251424825 0.7447525953125 0.2388352640625 0.47894499375 0.217532565625 0.44386027656250004 0.2018924359375 0.6735436109374999 0.251424825 0.7447525953125
4 0.1921362859375 0.5340241625 0.1553676296875 0.535071346875 0.1487881703125 0.7595493046875 0.2436452125 0.743772665625 0.23743112968750002 0.5323807703125001 0.21174651875 0.53265288125 0.1962422390625 0.6785105031249999 0.1921362859375 0.5340241625
4 0.13589284375 0.7589271015625 0.1297890640625 0.5368599749999999 0.088345909375 0.4955639578125 0.0668477484375 0.7149894078125001 0.13589284375 0.7589271015625