0 0.6140625 0.82109375 0.0296875 0.028125
0 0.8171875 0.6890625 0.0375 0.0390625
0 0.8171875 0.6265625 0.0375 0.028125
0 0.5671875 0.54140625 0.0421875 0.0328125
0 0.5171875 0.61875 0.0390625 0.0359375
0 0.5265625 0.7046875 0.0484375 0.0390625
0 0.44765625 0.68984375 0.0484375 0.0328125
0 0.45234375 0.6078125 0.0515625 0.0390625
0 0.4484375 0.5390625 0.04375 0.0359375
0 0.43984375 0.57734375 0.0453125 0.0375
0 0.3859375 0.56015625 0.0421875 0.0453125
0 0.553125 0.48046875 0.0421875 0.0421875
0 0.56484375 0.45 0.0359375 0.03125
0 0.2140625 0.60703125 0.0375 0.0390625