0 0.14765625 0.61015625 0.0296875 0.03125
0 0.28203125 0.82578125 0.0421875 0.040625
0 0.3484375 0.82734375 0.03125 0.040625
0 0.4421875 0.56640625 0.034375 0.04375
0 0.36171875 0.51328125 0.0390625 0.0421875
0 0.271875 0.52109375 0.0421875 0.0515625
0 0.2890625 0.4375 0.0359375 0.05
0 0.3734375 0.4453125 0.0421875 0.0546875
0 0.44609375 0.4421875 0.0375 0.0453125
0 0.40625 0.43203125 0.0390625 0.046875
0 0.4265625 0.37578125 0.0484375 0.0453125
0 0.50625 0.553125 0.0453125 0.0453125
0 0.5375 0.56640625 0.034375 0.0375
0 0.3796875 0.1953125 0.0421875 0.040625