0 0.63203125 0.18515625 0.0265625 0.025
0 0.81796875 0.3296875 0.034375 0.0359375
0 0.8125 0.390625 0.034375 0.025
0 0.56328125 0.4515625 0.0375 0.028125
0 0.521875 0.37265625 0.0359375 0.0328125
0 0.53828125 0.290625 0.04375 0.034375
0 0.46015625 0.2984375 0.04375 0.028125
0 0.45859375 0.37734375 0.046875 0.034375
0 0.44921875 0.44375 0.0390625 0.03125
0 0.44375 0.40625 0.040625 0.0328125
0 0.38984375 0.41875 0.0375 0.040625
0 0.5453125 0.509375 0.0375 0.0375
0 0.55390625 0.53984375 0.0328125 0.028125
0 0.228125 0.35859375 0.034375 0.0359375