0 0.840625 0.5703125 0.0296875 0.03125
0 0.7171875 0.78515625 0.0421875 0.040625
0 0.653125 0.7875 0.03125 0.0390625
0 0.553125 0.53828125 0.034375 0.0421875
0 0.6296875 0.48359375 0.0390625 0.0421875
0 0.7171875 0.48828125 0.0421875 0.05
0 0.696875 0.40859375 0.0359375 0.05
0 0.615625 0.41796875 0.0421875 0.053125
0 0.54453125 0.41875 0.0375 0.0453125
0 0.5828125 0.40703125 0.040625 0.046875
0 0.5625 0.353125 0.0484375 0.0453125
0 0.490625 0.528125 0.04375 0.04375
0 0.46015625 0.54140625 0.034375 0.0375
0 0.6015625 0.1765625 0.0421875 0.040625