0 0.36796875 0.81484375 0.0265625 0.025
0 0.18203125 0.6703125 0.034375 0.0359375
0 0.1875 0.609375 0.034375 0.025
0 0.43671875 0.5484375 0.0375 0.028125
0 0.478125 0.62734375 0.0359375 0.0328125
0 0.46171875 0.709375 0.04375 0.034375
0 0.53984375 0.7015625 0.04375 0.028125
0 0.54140625 0.62265625 0.046875 0.034375
0 0.55078125 0.55625 0.0390625 0.03125
0 0.55625 0.59375 0.040625 0.0328125
0 0.61015625 0.58125 0.0375 0.040625
0 0.4546875 0.490625 0.0375 0.0375
0 0.44609375 0.46015625 0.0328125 0.028125
0 0.771875 0.64140625 0.034375 0.0359375