0 0.81796875 0.61171875 0.0265625 0.028125
0 0.6796875 0.8109375 0.0390625 0.0375
0 0.61640625 0.809375 0.028125 0.0359375
0 0.53984375 0.5546875 0.03125 0.040625
0 0.61953125 0.50859375 0.0359375 0.0390625
0 0.7046875 0.5203125 0.0375 0.046875
0 0.6921875 0.440625 0.03125 0.046875
0 0.6109375 0.44296875 0.0375 0.05
0 0.5421875 0.4375 0.034375 0.0421875
0 0.5796875 0.4296875 0.0359375 0.04375
0 0.56484375 0.37421875 0.04375 0.040625
0 0.4796875 0.53984375 0.040625 0.040625
0 0.4484375 0.55078125 0.03125 0.034375
0 0.6171875 0.2046875 0.0390625 0.0375