0 0.31328125 0.19921875 0.03125 0.0296875
0 0.15078125 0.37890625 0.040625 0.0421875
0 0.16796875 0.43984375 0.0390625 0.03125
0 0.43125 0.45625 0.0421875 0.034375
0 0.45859375 0.36953125 0.0421875 0.0390625
0 0.428125 0.2890625 0.05 0.0421875
0 0.50859375 0.2828125 0.05 0.0359375
0 0.52421875 0.3625 0.053125 0.04375
0 0.5453125 0.42890625 0.0453125 0.0390625
0 0.54375 0.3890625 0.046875 0.040625
0 0.60078125 0.3921875 0.0453125 0.0484375
0 0.459375 0.51171875 0.04375 0.04375
0 0.45625 0.54453125 0.0375 0.034375
0 0.75390625 0.303125 0.040625 0.0421875