0 0.6984375 0.2265625 0.0328125 0.03125
0 0.85390625 0.41640625 0.04375 0.0453125
0 0.83359375 0.4765625 0.040625 0.0328125
0 0.5671875 0.48046875 0.0453125 0.0375
0 0.54375 0.390625 0.04375 0.0421875
0 0.5796875 0.31171875 0.0515625 0.0453125
0 0.4984375 0.3015625 0.05 0.0390625
0 0.47890625 0.38125 0.0546875 0.0453125
0 0.453125 0.44609375 0.046875 0.040625
0 0.45625 0.40625 0.0484375 0.04375
0 0.3984375 0.40703125 0.046875 0.05
0 0.53515625 0.534375 0.046875 0.046875
0 0.53671875 0.56796875 0.040625 0.0359375
0 0.24921875 0.3078125 0.04375 0.0453125