0 0.6046875 0.1703125 0.028125 0.0265625
0 0.8046875 0.3203125 0.0375 0.0390625
0 0.8 0.38515625 0.0375 0.0265625
0 0.53671875 0.4546875 0.040625 0.0296875
0 0.490625 0.37109375 0.0390625 0.0359375
0 0.50703125 0.284375 0.046875 0.0375
0 0.42421875 0.29375 0.046875 0.03125
0 0.4234375 0.378125 0.05 0.0375
0 0.415625 0.4484375 0.0421875 0.034375
0 0.40859375 0.40859375 0.04375 0.0359375
0 0.3515625 0.42265625 0.040625 0.04375
0 0.51796875 0.51640625 0.040625 0.040625
0 0.528125 0.5484375 0.0359375 0.0296875
0 0.17890625 0.36171875 0.0375 0.0390625