0 0.79921875 0.3203125 0.028125 0.0296875
0 0.63359375 0.13984375 0.040625 0.0390625
0 0.57109375 0.1515625 0.028125 0.0375
0 0.53046875 0.41484375 0.0328125 0.0421875
0 0.615625 0.45078125 0.0375 0.040625
0 0.69921875 0.42578125 0.0390625 0.0484375
0 0.69765625 0.5078125 0.0328125 0.0484375
0 0.615625 0.51640625 0.040625 0.0515625
0 0.5484375 0.5328125 0.0359375 0.04375
0 0.5875 0.534375 0.0375 0.0453125
0 0.5796875 0.5921875 0.0453125 0.0421875
0 0.471875 0.4390625 0.0421875 0.0421875
0 0.4390625 0.4328125 0.03125 0.0375
0 0.65625 0.75390625 0.040625 0.0390625