0 0.828125 0.61328125 0.0265625 0.028125
0 0.6921875 0.809375 0.0390625 0.0375
0 0.63046875 0.80703125 0.0265625 0.0359375
0 0.55546875 0.5578125 0.0296875 0.0390625
0 0.6328125 0.51171875 0.0359375 0.0390625
0 0.71640625 0.525 0.0375 0.046875
0 0.7046875 0.4453125 0.0296875 0.0453125
0 0.625 0.4484375 0.0375 0.05
0 0.55703125 0.4421875 0.034375 0.0421875
0 0.5953125 0.43515625 0.0359375 0.04375
0 0.57890625 0.38046875 0.04375 0.040625
0 0.49609375 0.54296875 0.040625 0.040625
0 0.465625 0.553125 0.0296875 0.034375
0 0.63125 0.21484375 0.0390625 0.0375