0 0.69609375 0.18359375 0.03125 0.028125
0 0.884375 0.35234375 0.0390625 0.040625
0 0.87421875 0.41640625 0.0390625 0.0296875
0 0.603125 0.46328125 0.0421875 0.0328125
0 0.5640625 0.37578125 0.040625 0.0375
0 0.5875 0.2890625 0.05 0.040625
0 0.50390625 0.2921875 0.0484375 0.034375
0 0.49609375 0.37578125 0.053125 0.040625
0 0.48125 0.44609375 0.04375 0.0359375
0 0.47734375 0.40625 0.046875 0.0375
0 0.41875 0.415625 0.04375 0.046875
0 0.57890625 0.52421875 0.04375 0.04375
0 0.5859375 0.5578125 0.0375 0.0328125
0 0.25078125 0.33828125 0.0390625 0.040625