0 0.79609375 0.671875 0.028125 0.0296875
0 0.625 0.83828125 0.040625 0.040625
0 0.56484375 0.82421875 0.0296875 0.0390625
0 0.5390625 0.565625 0.0328125 0.0421875
0 0.6234375 0.534375 0.0390625 0.040625
0 0.703125 0.56328125 0.040625 0.0484375
0 0.70703125 0.48359375 0.034375 0.0484375
0 0.628125 0.4703125 0.0421875 0.0515625
0 0.5625 0.45234375 0.0375 0.04375
0 0.60078125 0.4515625 0.0390625 0.0453125
0 0.59609375 0.39609375 0.046875 0.04375
0 0.48359375 0.53984375 0.04375 0.04375
0 0.4515625 0.54375 0.0328125 0.0375
0 0.67890625 0.24296875 0.040625 0.040625