0 0.359375 0.1875 0.028125 0.0265625
0 0.17734375 0.33984375 0.0359375 0.0375
0 0.18515625 0.40078125 0.0359375 0.0265625
0 0.43828125 0.45390625 0.0390625 0.0296875
0 0.4765625 0.37265625 0.0375 0.034375
0 0.4578125 0.290625 0.0453125 0.0359375
0 0.5359375 0.2953125 0.0453125 0.0296875
0 0.53984375 0.375 0.0484375 0.0359375
0 0.5515625 0.4421875 0.040625 0.0328125
0 0.55625 0.403125 0.0421875 0.034375
0 0.6109375 0.4140625 0.0390625 0.0421875
0 0.4578125 0.5109375 0.0390625 0.0390625
0 0.45078125 0.54140625 0.034375 0.0296875
0 0.77109375 0.3484375 0.0359375 0.0375