0 0.4234375 0.12578125 0.0328125 0.03125
0 0.20078125 0.24296875 0.0421875 0.04375
0 0.1953125 0.3078125 0.040625 0.0328125
0 0.44609375 0.4171875 0.04375 0.0359375
0 0.50390625 0.34296875 0.04375 0.040625
0 0.50234375 0.25390625 0.053125 0.04375
0 0.58203125 0.27578125 0.0515625 0.0375
0 0.5703125 0.359375 0.05625 0.0453125
0 0.5671875 0.43125 0.046875 0.040625
0 0.58046875 0.3921875 0.0484375 0.0421875
0 0.634375 0.41484375 0.046875 0.05
0 0.45390625 0.48125 0.046875 0.046875
0 0.4390625 0.5125 0.0390625 0.0359375
0 0.81484375 0.38203125 0.0421875 0.04375