0 0.84140625 0.39609375 0.0203125 0.025
0 0.8046875 0.3671875 0.0203125 0.025
0 0.803125 0.33046875 0.021875 0.025
0 0.84609375 0.48203125 0.015625 0.01875
0 0.809375 0.50078125 0.0203125 0.025
0 0.784375 0.63984375 0.0234375 0.025
0 0.84765625 0.5875 0.0234375 0.025
0 0.8484375 0.565625 0.0265625 0.03125
0 0.83359375 0.53359375 0.01875 0.01875
0 0.825 0.5546875 0.01875 0.0203125
0 0.81171875 0.56640625 0.0265625 0.0265625
0 0.821875 0.584375 0.025 0.021875
0 0.81796875 0.6015625 0.01875 0.021875
0 0.8296875 0.62265625 0.0203125 0.025
0 0.8375 0.64140625 0.0140625 0.0125
0 0.8328125 0.65390625 0.015625 0.015625
0 0.840625 0.67109375 0.028125 0.0203125
0 0.8515625 0.65859375 0.015625 0.015625
0 0.53125 0.59140625 0.021875 0.021875
0 0.546875 0.58203125 0.015625 0.01875
0 0.528125 0.61328125 0.0171875 0.021875
0 0.5375 0.6703125 0.0203125 0.03125
0 0.5328125 0.63671875 0.0125 0.0171875
0 0.53515625 0.56640625 0.0140625 0.01875
0 0.5234375 0.553125 0.01875 0.021875
0 0.53828125 0.54375 0.015625 0.021875
0 0.5296875 0.534375 0.0171875 0.015625
0 0.56171875 0.49375 0.0125 0.015625
0 0.5578125 0.47421875 0.015625 0.0171875
0 0.55859375 0.4515625 0.0140625 0.0203125
0 0.56796875 0.3953125 0.015625 0.01875
0 0.5640625 0.41015625 0.0140625 0.0140625
0 0.57421875 0.37421875 0.015625 0.0171875
0 0.57890625 0.35625 0.01875 0.021875
0 0.55234375 0.7453125 0.0140625 0.0125
0 0.496875 0.69921875 0.015625 0.015625
0 0.5234375 0.71953125 0.015625 0.0203125
0 0.5453125 0.77578125 0.015625 0.01875
0 0.53359375 0.7890625 0.0109375 0.0109375
0 0.53359375 0.809375 0.0171875 0.021875
0 0.4140625 0.68359375 0.01875 0.015625
0 0.39140625 0.68203125 0.01875 0.021875
0 0.40625 0.696875 0.0171875 0.0171875
0 0.384375 0.73515625 0.015625 0.0203125
0 0.4109375 0.76875 0.015625 0.01875
0 0.3984375 0.78515625 0.01875 0.01875
0 0.4625 0.7484375 0.0171875 0.0140625
0 0.4734375 0.7984375 0.0234375 0.021875
0 0.49765625 0.7984375 0.01875 0.0203125
0 0.503125 0.8171875 0.015625 0.01875
0 0.46171875 0.76953125 0.0109375 0.009375
0 0.46015625 0.78359375 0.0125 0.0140625
0 0.4546875 0.803125 0.015625 0.015625
0 0.43984375 0.775 0.0125 0.0140625