0 0.67890625 0.2140625 0.025 0.01875
0 0.69375 0.25703125 0.025 0.01875
0 0.72734375 0.2703125 0.025 0.0203125
0 0.6 0.184375 0.0171875 0.0140625
0 0.571875 0.21328125 0.025 0.01875
0 0.43515625 0.19375 0.025 0.0234375
0 0.503125 0.15078125 0.025 0.0234375
0 0.5234375 0.15625 0.03125 0.0265625
0 0.5484375 0.18046875 0.0171875 0.0171875
0 0.52578125 0.18203125 0.01875 0.01875
0 0.5109375 0.190625 0.0265625 0.0265625
0 0.4984375 0.1765625 0.0203125 0.025
0 0.48046875 0.175 0.021875 0.01875
0 0.46484375 0.15859375 0.025 0.01875
0 0.44921875 0.14375 0.0109375 0.0140625
0 0.43671875 0.14453125 0.0140625 0.0140625
0 0.42265625 0.1328125 0.01875 0.028125
0 0.43828125 0.1265625 0.0140625 0.0140625
0 0.40390625 0.44375 0.021875 0.021875
0 0.41640625 0.43125 0.0171875 0.0140625
0 0.38125 0.43984375 0.021875 0.0171875
0 0.3328125 0.41328125 0.03125 0.0203125
0 0.3625 0.428125 0.0171875 0.0109375
0 0.428125 0.44765625 0.0171875 0.0125
0 0.43671875 0.4625 0.021875 0.01875
0 0.44921875 0.4515625 0.021875 0.015625
0 0.45625 0.4625 0.0140625 0.015625
0 0.503125 0.44453125 0.015625 0.0109375
0 0.5203125 0.45390625 0.015625 0.0140625
0 0.5421875 0.4609375 0.01875 0.0140625
0 0.596875 0.46875 0.0171875 0.0140625
0 0.58125 0.46796875 0.0125 0.0125
0 0.61796875 0.46875 0.015625 0.0140625
0 0.63671875 0.4703125 0.021875 0.01875
0 0.2671875 0.37734375 0.0109375 0.0140625
0 0.29375 0.44296875 0.0140625 0.0140625
0 0.2828125 0.41171875 0.01875 0.015625
0 0.23671875 0.37421875 0.0171875 0.0140625
0 0.22109375 0.38203125 0.0109375 0.0109375
0 0.20234375 0.37578125 0.021875 0.0171875
0 0.28359375 0.525 0.0140625 0.0171875
0 0.27734375 0.5453125 0.021875 0.01875
0 0.26875 0.52734375 0.015625 0.015625
0 0.22734375 0.5359375 0.01875 0.015625
0 0.203125 0.5015625 0.0171875 0.0140625
0 0.18359375 0.50859375 0.0171875 0.0171875
0 0.2375 0.46015625 0.0125 0.015625
0 0.19375 0.43515625 0.021875 0.0234375
0 0.2015625 0.4125 0.01875 0.01875
0 0.18671875 0.40234375 0.0171875 0.0140625
0 0.21796875 0.45390625 0.009375 0.0109375
0 0.20390625 0.4515625 0.0140625 0.0109375
0 0.184375 0.45078125 0.0140625 0.0140625
0 0.20625 0.4734375 0.0140625 0.0109375