0 0.8203125 0.60234375 0.01875 0.025
0 0.7796875 0.62734375 0.01875 0.025
0 0.775 0.665625 0.0203125 0.025
0 0.8328125 0.5140625 0.0140625 0.01875
0 0.79609375 0.49140625 0.01875 0.025
0 0.78359375 0.34609375 0.021875 0.025
0 0.84453125 0.40546875 0.021875 0.025
0 0.84296875 0.428125 0.025 0.03125
0 0.82421875 0.459375 0.01875 0.01875
0 0.8171875 0.43671875 0.01875 0.0203125
0 0.8046875 0.42421875 0.025 0.025
0 0.8171875 0.40625 0.025 0.0203125
0 0.8140625 0.38828125 0.01875 0.021875
0 0.82734375 0.36796875 0.01875 0.025
0 0.83828125 0.34921875 0.0140625 0.0109375
0 0.834375 0.33671875 0.0140625 0.0140625
0 0.84375 0.31953125 0.028125 0.01875
0 0.85390625 0.3328125 0.0140625 0.0140625
0 0.51953125 0.3734375 0.021875 0.021875
0 0.534375 0.384375 0.0140625 0.01875
0 0.51796875 0.35 0.015625 0.021875
0 0.53359375 0.2921875 0.01875 0.03125
0 0.52578125 0.32734375 0.0109375 0.0171875
0 0.52109375 0.4 0.0125 0.0171875
0 0.50703125 0.41171875 0.01875 0.021875
0 0.521875 0.42265625 0.0140625 0.021875
0 0.5125 0.43203125 0.015625 0.0140625
0 0.54140625 0.47578125 0.0109375 0.015625
0 0.5359375 0.49609375 0.0140625 0.015625
0 0.534375 0.51953125 0.0125 0.01875
0 0.5390625 0.578125 0.0140625 0.01875
0 0.53671875 0.56171875 0.0125 0.0125
0 0.54453125 0.6 0.0140625 0.015625
0 0.54765625 0.61953125 0.01875 0.021875
0 0.5546875 0.21640625 0.0140625 0.0109375
0 0.49375 0.26015625 0.0140625 0.0140625
0 0.5234375 0.240625 0.0140625 0.0203125
0 0.55078125 0.184375 0.0140625 0.01875
0 0.5390625 0.17109375 0.0109375 0.0109375
0 0.540625 0.15 0.015625 0.021875
0 0.40703125 0.26875 0.01875 0.0140625
0 0.38359375 0.26796875 0.01875 0.021875
0 0.40078125 0.25390625 0.015625 0.015625
0 0.38203125 0.21328125 0.0140625 0.0203125
0 0.41171875 0.18046875 0.0140625 0.01875
0 0.40078125 0.1625 0.01875 0.01875
0 0.4625 0.20546875 0.015625 0.0125
0 0.478125 0.15546875 0.0234375 0.021875
0 0.503125 0.1578125 0.01875 0.0203125
0 0.51015625 0.13984375 0.0140625 0.01875
0 0.46484375 0.184375 0.0109375 0.009375
0 0.46328125 0.16875 0.0109375 0.0140625
0 0.459375 0.14921875 0.0140625 0.0140625
0 0.4421875 0.1765625 0.0109375 0.0140625