0 0.196875 0.36640625 0.015625 0.021875
0 0.2359375 0.3453125 0.015625 0.021875
0 0.24296875 0.3109375 0.0171875 0.021875
0 0.1796875 0.446875 0.0125 0.015625
0 0.21171875 0.4703125 0.015625 0.021875
0 0.2140625 0.6046875 0.01875 0.021875
0 0.1625 0.54609375 0.01875 0.021875
0 0.16484375 0.525 0.021875 0.0265625
0 0.18359375 0.49765625 0.015625 0.015625
0 0.1890625 0.51875 0.015625 0.0171875
0 0.2 0.53203125 0.021875 0.021875
0 0.1875 0.546875 0.021875 0.0171875
0 0.1890625 0.5640625 0.015625 0.01875
0 0.175 0.58203125 0.015625 0.021875
0 0.1640625 0.5984375 0.0125 0.009375
0 0.16640625 0.6109375 0.0125 0.0125
0 0.15703125 0.62578125 0.025 0.015625
0 0.1484375 0.6125 0.0125 0.0125
0 0.46015625 0.596875 0.01875 0.01875
0 0.446875 0.5859375 0.0125 0.015625
0 0.46015625 0.61875 0.0140625 0.01875
0 0.4421875 0.6703125 0.015625 0.028125
0 0.4515625 0.6390625 0.009375 0.015625
0 0.46015625 0.57265625 0.0109375 0.015625
0 0.4734375 0.5625 0.015625 0.01875
0 0.4609375 0.5515625 0.0125 0.01875
0 0.4703125 0.54375 0.0140625 0.0125
0 0.44609375 0.50078125 0.009375 0.0140625
0 0.45234375 0.4828125 0.0125 0.0140625
0 0.45546875 0.4609375 0.0109375 0.0171875
0 0.4546875 0.40703125 0.0125 0.015625
0 0.45625 0.421875 0.0109375 0.0109375
0 0.4515625 0.3859375 0.0125 0.0140625
0 0.45 0.36796875 0.015625 0.01875
0 0.4171875 0.7390625 0.0125 0.009375
0 0.4765625 0.703125 0.0125 0.0125
0 0.44765625 0.71875 0.0125 0.0171875
0 0.41875 0.76875 0.0125 0.015625
0 0.42890625 0.7828125 0.009375 0.009375
0 0.42578125 0.8015625 0.0140625 0.01875
0 0.55703125 0.70078125 0.015625 0.0125
0 0.578125 0.703125 0.015625 0.01875
0 0.56171875 0.71484375 0.0140625 0.0140625
0 0.5765625 0.75390625 0.0125 0.0171875
0 0.546875 0.78203125 0.0125 0.015625
0 0.55625 0.79921875 0.015625 0.015625
0 0.5015625 0.75546875 0.0140625 0.0109375
0 0.48359375 0.80078125 0.0203125 0.01875
0 0.4609375 0.796875 0.015625 0.0171875
0 0.453125 0.81328125 0.0125 0.015625
0 0.4984375 0.775 0.009375 0.0078125
0 0.4984375 0.7890625 0.009375 0.0125
0 0.50078125 0.8078125 0.0125 0.0125
0 0.51875 0.78359375 0.009375 0.0125