0 0.21328125 0.31953125 0.01875 0.0234375
0 0.25546875 0.30390625 0.01875 0.0234375
0 0.2671875 0.2703125 0.0203125 0.0234375
0 0.18359375 0.39765625 0.0140625 0.0171875
0 0.21328125 0.42578125 0.01875 0.0234375
0 0.19609375 0.56171875 0.021875 0.025
0 0.15234375 0.4953125 0.021875 0.025
0 0.1578125 0.47421875 0.025 0.0296875
0 0.18125 0.45 0.0171875 0.0171875
0 0.18359375 0.47109375 0.0171875 0.01875
0 0.19296875 0.48671875 0.025 0.025
0 0.178125 0.5 0.0234375 0.0203125
0 0.17734375 0.5171875 0.01875 0.0203125
0 0.16015625 0.53359375 0.01875 0.0234375
0 0.146875 0.5484375 0.0140625 0.0109375
0 0.14765625 0.5609375 0.0140625 0.0140625
0 0.1359375 0.57421875 0.028125 0.01875
0 0.1296875 0.56015625 0.0140625 0.0140625
0 0.4453125 0.58828125 0.021875 0.021875
0 0.43359375 0.57578125 0.0140625 0.0171875
0 0.4421875 0.61015625 0.0171875 0.0203125
0 0.4171875 0.659375 0.01875 0.03125
0 0.43046875 0.6296875 0.0109375 0.0171875
0 0.4484375 0.5640625 0.0125 0.0171875
0 0.46328125 0.55546875 0.01875 0.0203125
0 0.45234375 0.54296875 0.015625 0.0203125
0 0.4625 0.53671875 0.015625 0.0140625
0 0.44453125 0.48984375 0.0109375 0.015625
0 0.453125 0.47265625 0.0140625 0.015625
0 0.459375 0.45078125 0.0125 0.01875
0 0.46640625 0.396875 0.0140625 0.0171875
0 0.465625 0.41171875 0.0125 0.0125
0 0.46640625 0.375 0.0140625 0.015625
0 0.4671875 0.35625 0.01875 0.0203125
0 0.38125 0.72578125 0.0140625 0.0109375
0 0.44609375 0.69765625 0.0140625 0.0140625
0 0.415625 0.709375 0.0140625 0.01875
0 0.37890625 0.75546875 0.0140625 0.0171875
0 0.3875 0.77109375 0.0109375 0.0109375
0 0.38125 0.7890625 0.0171875 0.0203125
0 0.528125 0.70703125 0.0171875 0.0140625
0 0.54921875 0.71171875 0.01875 0.0203125
0 0.53046875 0.72109375 0.015625 0.015625
0 0.540625 0.7625 0.0140625 0.01875
0 0.50625 0.7875 0.0140625 0.0171875
0 0.51328125 0.80546875 0.0171875 0.0171875
0 0.4640625 0.75390625 0.015625 0.0125
0 0.43984375 0.796875 0.0234375 0.021875
0 0.4171875 0.78984375 0.0171875 0.01875
0 0.4078125 0.8046875 0.0140625 0.0171875
0 0.45859375 0.7734375 0.0109375 0.009375
0 0.45625 0.7875 0.0109375 0.0140625
0 0.45625 0.80625 0.0140625 0.0140625
0 0.47734375 0.78515625 0.0109375 0.0140625