0 0.19765625 0.6515625 0.0171875 0.0234375
0 0.23828125 0.67109375 0.0171875 0.0234375
0 0.246875 0.7046875 0.01875 0.0234375
0 0.17578125 0.57109375 0.0140625 0.015625
0 0.20703125 0.5453125 0.0171875 0.0234375
0 0.2015625 0.409375 0.0203125 0.0234375
0 0.15234375 0.47109375 0.0203125 0.0234375
0 0.15703125 0.49296875 0.0234375 0.028125
0 0.17734375 0.51953125 0.0171875 0.0171875
0 0.18125 0.49765625 0.0171875 0.01875
0 0.19140625 0.48359375 0.0234375 0.0234375
0 0.178125 0.46875 0.0234375 0.01875
0 0.17890625 0.4515625 0.0171875 0.0203125
0 0.1640625 0.434375 0.0171875 0.0234375
0 0.15234375 0.41796875 0.0125 0.009375
0 0.15390625 0.40546875 0.0125 0.0125
0 0.14296875 0.39140625 0.0265625 0.0171875
0 0.13515625 0.4046875 0.0125 0.0125
0 0.45078125 0.40390625 0.0203125 0.0203125
0 0.43828125 0.41640625 0.0140625 0.015625
0 0.45 0.38203125 0.015625 0.01875
0 0.4296875 0.33046875 0.0171875 0.028125
0 0.440625 0.3625 0.0109375 0.015625
0 0.45234375 0.42890625 0.0125 0.015625
0 0.4671875 0.43828125 0.0171875 0.0203125
0 0.4546875 0.45 0.0140625 0.01875
0 0.4640625 0.45703125 0.0140625 0.0125
0 0.4421875 0.50234375 0.009375 0.0140625
0 0.44921875 0.51953125 0.0125 0.0140625
0 0.45390625 0.5421875 0.0125 0.0171875
0 0.45546875 0.596875 0.0140625 0.015625
0 0.45625 0.58125 0.0109375 0.0109375
0 0.45390625 0.61796875 0.0125 0.0140625
0 0.453125 0.6359375 0.0171875 0.0203125
0 0.40078125 0.2625 0.0125 0.009375
0 0.4625 0.29609375 0.0125 0.0125
0 0.43203125 0.28125 0.0140625 0.0171875
0 0.40078125 0.2328125 0.0140625 0.015625
0 0.41015625 0.21796875 0.009375 0.009375
0 0.40625 0.19921875 0.015625 0.01875
0 0.54375 0.29453125 0.015625 0.0140625
0 0.56484375 0.290625 0.0171875 0.0203125
0 0.54765625 0.2796875 0.0140625 0.0140625
0 0.5609375 0.2390625 0.0140625 0.0171875
0 0.5296875 0.2125 0.0140625 0.015625
0 0.53828125 0.19453125 0.0171875 0.0171875
0 0.48515625 0.2421875 0.0140625 0.0109375
0 0.46484375 0.196875 0.021875 0.0203125
0 0.44140625 0.2015625 0.0171875 0.01875
0 0.4328125 0.1859375 0.0140625 0.015625
0 0.48046875 0.22265625 0.009375 0.0078125
0 0.4796875 0.2078125 0.009375 0.0125
0 0.48125 0.1890625 0.0125 0.0125
0 0.50078125 0.21171875 0.009375 0.0125