0 0.66875 0.81875 0.025 0.0203125
0 0.68671875 0.77421875 0.025 0.0203125
0 0.7234375 0.7625 0.025 0.021875
0 0.584375 0.84609375 0.01875 0.015625
0 0.5546875 0.81484375 0.025 0.0203125
0 0.41015625 0.8265625 0.025 0.021875
0 0.47890625 0.87578125 0.025 0.021875
0 0.5015625 0.8703125 0.03125 0.0265625
0 0.52890625 0.84765625 0.01875 0.01875
0 0.50546875 0.84453125 0.0203125 0.01875
0 0.490625 0.834375 0.025 0.025
0 0.47578125 0.84921875 0.021875 0.025
0 0.45625 0.84921875 0.021875 0.01875
0 0.43984375 0.86640625 0.025 0.0203125
0 0.42265625 0.88046875 0.0109375 0.0140625
0 0.409375 0.87890625 0.0140625 0.0140625
0 0.39453125 0.890625 0.0203125 0.0296875
0 0.409375 0.8984375 0.0140625 0.0140625
0 0.390625 0.56171875 0.021875 0.021875
0 0.40390625 0.57421875 0.01875 0.015625
0 0.36796875 0.5640625 0.021875 0.0171875
0 0.3140625 0.58984375 0.0328125 0.0203125
0 0.346875 0.57578125 0.01875 0.0125
0 0.41640625 0.559375 0.01875 0.0140625
0 0.4265625 0.54296875 0.021875 0.01875
0 0.43984375 0.55546875 0.021875 0.015625
0 0.446875 0.54453125 0.0140625 0.015625
0 0.49609375 0.565625 0.015625 0.0109375
0 0.51484375 0.55703125 0.015625 0.0140625
0 0.5375 0.55078125 0.0203125 0.0140625
0 0.59609375 0.5453125 0.01875 0.015625
0 0.5796875 0.54609375 0.0125 0.0125
0 0.61875 0.546875 0.015625 0.0140625
0 0.63828125 0.546875 0.021875 0.01875
0 0.24296875 0.6234375 0.0109375 0.0140625
0 0.275 0.55625 0.0140625 0.0140625
0 0.2609375 0.5890625 0.0203125 0.015625
0 0.2109375 0.62578125 0.01875 0.015625
0 0.19453125 0.61640625 0.0109375 0.0109375
0 0.175 0.62109375 0.021875 0.0171875
0 0.26796875 0.46953125 0.015625 0.01875
0 0.26328125 0.446875 0.021875 0.01875
0 0.253125 0.465625 0.015625 0.015625
0 0.209375 0.4546875 0.0203125 0.015625
0 0.18203125 0.4890625 0.01875 0.015625
0 0.1625 0.48125 0.01875 0.01875
0 0.21640625 0.534375 0.0125 0.015625
0 0.16953125 0.559375 0.021875 0.0234375
0 0.17578125 0.58359375 0.0203125 0.01875
0 0.159375 0.59375 0.01875 0.015625
0 0.19453125 0.540625 0.009375 0.0109375
0 0.1796875 0.5421875 0.0140625 0.0109375
0 0.159375 0.5421875 0.0140625 0.0140625
0 0.18359375 0.51953125 0.0140625 0.0109375