0 0.17734375 0.33046875 0.01875 0.025
0 0.21875 0.30625 0.01875 0.025
0 0.22421875 0.26796875 0.0203125 0.025
0 0.16328125 0.41875 0.0140625 0.0171875
0 0.19921875 0.44296875 0.01875 0.025
0 0.209375 0.58828125 0.021875 0.025
0 0.15 0.52734375 0.021875 0.025
0 0.1515625 0.5046875 0.025 0.0296875
0 0.1703125 0.47421875 0.01875 0.01875
0 0.17734375 0.496875 0.01875 0.0203125
0 0.18984375 0.51015625 0.025 0.025
0 0.17734375 0.52734375 0.025 0.0203125
0 0.18046875 0.54609375 0.01875 0.021875
0 0.165625 0.56640625 0.01875 0.025
0 0.1546875 0.584375 0.0140625 0.0109375
0 0.1578125 0.59765625 0.0140625 0.0140625
0 0.1484375 0.61484375 0.028125 0.01875
0 0.13828125 0.6 0.0140625 0.0140625
0 0.475 0.565625 0.021875 0.021875
0 0.4609375 0.5546875 0.0140625 0.0171875
0 0.4765625 0.58984375 0.0171875 0.021875
0 0.46015625 0.64609375 0.01875 0.03125
0 0.46796875 0.61171875 0.0109375 0.0171875
0 0.47421875 0.53984375 0.0125 0.0171875
0 0.48828125 0.528125 0.01875 0.021875
0 0.4734375 0.5171875 0.0140625 0.0203125
0 0.48359375 0.5078125 0.015625 0.0140625
0 0.4546875 0.4625 0.0109375 0.015625
0 0.46015625 0.44296875 0.0140625 0.015625
0 0.46328125 0.41875 0.0125 0.01875
0 0.459375 0.36015625 0.0140625 0.0171875
0 0.46171875 0.37578125 0.0125 0.0125
0 0.45390625 0.33828125 0.0140625 0.015625
0 0.4515625 0.31875 0.01875 0.021875
0 0.4375 0.72265625 0.0140625 0.0109375
0 0.49921875 0.6796875 0.0140625 0.0140625
0 0.46875 0.6984375 0.0140625 0.01875
0 0.440625 0.75390625 0.0140625 0.0171875
0 0.45234375 0.76953125 0.0109375 0.0109375
0 0.44921875 0.78984375 0.0171875 0.021875
0 0.58671875 0.6734375 0.0171875 0.0140625
0 0.609375 0.67421875 0.01875 0.021875
0 0.5921875 0.6875 0.0171875 0.0171875
0 0.6109375 0.72890625 0.0140625 0.01875
0 0.58046875 0.76171875 0.0140625 0.0171875
0 0.59140625 0.77890625 0.01875 0.01875
0 0.5296875 0.73515625 0.015625 0.0125
0 0.5125 0.7859375 0.0234375 0.021875
0 0.4875 0.78203125 0.01875 0.0203125
0 0.4796875 0.80078125 0.0140625 0.0171875
0 0.5265625 0.75703125 0.0109375 0.009375
0 0.52734375 0.771875 0.0109375 0.0140625
0 0.53203125 0.79140625 0.0140625 0.0140625
0 0.55 0.76484375 0.0109375 0.0140625