0 0.1890625 0.68984375 0.01875 0.025
0 0.2328125 0.7078125 0.01875 0.025
0 0.24375 0.7421875 0.0203125 0.025
0 0.1609375 0.609375 0.015625 0.0171875
0 0.19140625 0.58046875 0.01875 0.025
0 0.1765625 0.44140625 0.021875 0.025
0 0.13046875 0.50859375 0.021875 0.025
0 0.1359375 0.5296875 0.0265625 0.03125
0 0.15859375 0.55625 0.01875 0.01875
0 0.16171875 0.53359375 0.01875 0.0203125
0 0.171875 0.51796875 0.025 0.025
0 0.15625 0.5046875 0.025 0.0203125
0 0.15625 0.48671875 0.01875 0.021875
0 0.1390625 0.46953125 0.01875 0.025
0 0.12578125 0.45390625 0.0140625 0.0109375
0 0.1265625 0.440625 0.0140625 0.0140625
0 0.11484375 0.42578125 0.028125 0.01875
0 0.1078125 0.44140625 0.0140625 0.0140625
0 0.43359375 0.41796875 0.021875 0.021875
0 0.4203125 0.43125 0.015625 0.0171875
0 0.43046875 0.3953125 0.0171875 0.021875
0 0.40546875 0.34375 0.0203125 0.03125
0 0.41875 0.375 0.0125 0.0171875
0 0.4359375 0.4421875 0.0140625 0.0171875
0 0.4515625 0.4515625 0.01875 0.021875
0 0.43984375 0.46484375 0.015625 0.0203125
0 0.45 0.471875 0.015625 0.015625
0 0.43046875 0.51953125 0.0125 0.015625
0 0.4390625 0.5375 0.015625 0.015625
0 0.44609375 0.559375 0.0140625 0.01875
0 0.45234375 0.615625 0.015625 0.0171875
0 0.4515625 0.59921875 0.0125 0.0125
0 0.45078125 0.6375 0.015625 0.015625
0 0.4515625 0.65625 0.01875 0.021875
0 0.3703125 0.27578125 0.0140625 0.0109375
0 0.43671875 0.30546875 0.0140625 0.0140625
0 0.4046875 0.29296875 0.015625 0.01875
0 0.36796875 0.24453125 0.015625 0.0171875
0 0.3765625 0.22890625 0.0109375 0.0109375
0 0.37109375 0.209375 0.0171875 0.021875
0 0.52109375 0.29765625 0.0171875 0.015625
0 0.5421875 0.2921875 0.01875 0.021875
0 0.5234375 0.28203125 0.0171875 0.0171875
0 0.534375 0.23984375 0.015625 0.01875
0 0.49921875 0.2140625 0.015625 0.0171875
0 0.50703125 0.1953125 0.01875 0.01875
0 0.45546875 0.2484375 0.015625 0.0140625
0 0.43125 0.203125 0.0234375 0.021875
0 0.40859375 0.21015625 0.01875 0.0203125
0 0.39765625 0.19375 0.015625 0.0171875
0 0.45 0.228125 0.0109375 0.009375
0 0.4484375 0.21328125 0.0109375 0.0140625
0 0.4484375 0.19375 0.0140625 0.0140625
0 0.46953125 0.21640625 0.0109375 0.0140625