0 0.2 0.27109375 0.0203125 0.0265625
0 0.24453125 0.25703125 0.0203125 0.0265625
0 0.259375 0.22265625 0.021875 0.0265625
0 0.16484375 0.3515625 0.015625 0.01875
0 0.19453125 0.3828125 0.0203125 0.0265625
0 0.16875 0.52421875 0.025 0.0265625
0 0.12734375 0.45234375 0.025 0.0265625
0 0.13359375 0.43046875 0.028125 0.0328125
0 0.159375 0.40625 0.01875 0.01875
0 0.16015625 0.42890625 0.0203125 0.0203125
0 0.16953125 0.4453125 0.028125 0.028125
0 0.153125 0.4578125 0.0265625 0.021875
0 0.1515625 0.47578125 0.0203125 0.0234375
0 0.1328125 0.4921875 0.0203125 0.0265625
0 0.11796875 0.50703125 0.015625 0.0125
0 0.11796875 0.5203125 0.015625 0.015625
0 0.10546875 0.53515625 0.0296875 0.021875
0 0.09921875 0.51953125 0.015625 0.015625
0 0.428125 0.565625 0.0234375 0.0234375
0 0.41640625 0.5515625 0.015625 0.01875
0 0.42421875 0.58828125 0.01875 0.0234375
0 0.39453125 0.63984375 0.021875 0.0328125
0 0.4109375 0.60859375 0.0125 0.01875
0 0.43359375 0.540625 0.0140625 0.01875
0 0.45 0.5328125 0.0203125 0.0234375
0 0.43828125 0.51796875 0.0171875 0.021875
0 0.45 0.5125 0.0171875 0.015625
0 0.43359375 0.4625 0.0125 0.0171875
0 0.44375 0.4453125 0.015625 0.0171875
0 0.4515625 0.42265625 0.015625 0.0203125
0 0.46171875 0.365625 0.015625 0.01875
0 0.46015625 0.38125 0.0140625 0.0140625
0 0.4625 0.34296875 0.015625 0.0171875
0 0.46484375 0.32421875 0.0203125 0.0234375
0 0.3546875 0.70546875 0.015625 0.0125
0 0.42421875 0.68046875 0.015625 0.015625
0 0.390625 0.69140625 0.0171875 0.0203125
0 0.35 0.7375 0.015625 0.01875
0 0.35859375 0.75390625 0.0125 0.0125
0 0.35078125 0.7734375 0.01875 0.0234375
0 0.509375 0.69453125 0.01875 0.015625
0 0.53046875 0.70078125 0.0203125 0.0234375
0 0.5109375 0.71015625 0.0171875 0.0171875
0 0.51796875 0.75390625 0.0171875 0.0203125
0 0.48203125 0.77734375 0.015625 0.01875
0 0.48828125 0.79765625 0.01875 0.01875
0 0.43984375 0.740625 0.0171875 0.0140625
0 0.4109375 0.784375 0.025 0.0234375
0 0.38828125 0.775 0.0203125 0.0203125
0 0.37734375 0.79140625 0.015625 0.01875
0 0.4328125 0.76015625 0.0109375 0.0109375
0 0.4296875 0.775 0.0125 0.015625
0 0.428125 0.79453125 0.015625 0.015625
0 0.4515625 0.7734375 0.0125 0.015625