0 0.6875 0.77421875 0.025 0.01875
0 0.7015625 0.73125 0.025 0.01875
0 0.734375 0.71796875 0.025 0.0203125
0 0.61015625 0.8046875 0.0171875 0.015625
0 0.58125 0.77734375 0.025 0.01875
0 0.44609375 0.79921875 0.025 0.021875
0 0.5140625 0.83984375 0.025 0.021875
0 0.53515625 0.83359375 0.0296875 0.0265625
0 0.55859375 0.81015625 0.01875 0.01875
0 0.53671875 0.80859375 0.0203125 0.01875
0 0.521875 0.8 0.025 0.025
0 0.50859375 0.81484375 0.0203125 0.025
0 0.49140625 0.81640625 0.021875 0.01875
0 0.4765625 0.83359375 0.025 0.01875
0 0.4609375 0.846875 0.0109375 0.0140625
0 0.4484375 0.846875 0.0140625 0.0140625
0 0.4359375 0.85859375 0.0203125 0.0265625
0 0.45 0.865625 0.0140625 0.0140625
0 0.4109375 0.55234375 0.021875 0.021875
0 0.425 0.56328125 0.0171875 0.015625
0 0.3890625 0.55625 0.0203125 0.0171875
0 0.340625 0.5828125 0.0296875 0.0203125
0 0.37109375 0.56796875 0.0171875 0.0125
0 0.43515625 0.54765625 0.0171875 0.0140625
0 0.44296875 0.53203125 0.021875 0.01875
0 0.45625 0.54375 0.0203125 0.015625
0 0.46171875 0.53203125 0.0140625 0.015625
0 0.509375 0.54921875 0.015625 0.0109375
0 0.52578125 0.53984375 0.015625 0.0140625
0 0.54765625 0.5328125 0.01875 0.0140625
0 0.6015625 0.52421875 0.0171875 0.015625
0 0.5859375 0.525 0.0125 0.0125
0 0.6234375 0.5234375 0.015625 0.0140625
0 0.64140625 0.521875 0.021875 0.01875
0 0.2765625 0.61953125 0.0109375 0.0140625
0 0.30234375 0.55390625 0.0140625 0.0140625
0 0.29140625 0.5859375 0.01875 0.015625
0 0.246875 0.6234375 0.0171875 0.015625
0 0.23046875 0.615625 0.0109375 0.0109375
0 0.21328125 0.621875 0.0203125 0.0171875
0 0.290625 0.4734375 0.015625 0.0171875
0 0.284375 0.453125 0.021875 0.01875
0 0.27578125 0.47109375 0.015625 0.015625
0 0.234375 0.46328125 0.01875 0.015625
0 0.2109375 0.49765625 0.0171875 0.015625
0 0.1921875 0.49140625 0.01875 0.01875
0 0.24609375 0.53828125 0.0125 0.015625
0 0.203125 0.5640625 0.021875 0.0234375
0 0.21171875 0.58671875 0.0203125 0.01875
0 0.196875 0.596875 0.0171875 0.015625
0 0.22734375 0.5453125 0.009375 0.0109375
0 0.2125 0.54765625 0.0140625 0.0109375
0 0.19375 0.5484375 0.0140625 0.0140625
0 0.2140625 0.5265625 0.0140625 0.0109375