0 0.36015625 0.1703125 0.0234375 0.0171875
0 0.33671875 0.21015625 0.0234375 0.0171875
0 0.3 0.21640625 0.0234375 0.01875
0 0.44453125 0.1546875 0.0171875 0.0140625
0 0.46796875 0.1890625 0.0234375 0.0171875
0 0.609375 0.19765625 0.0234375 0.0203125
0 0.54921875 0.140625 0.0234375 0.0203125
0 0.52734375 0.14296875 0.028125 0.0234375
0 0.49765625 0.16171875 0.0171875 0.0171875
0 0.51953125 0.16796875 0.01875 0.0171875
0 0.5328125 0.1796875 0.0234375 0.0234375
0 0.54921875 0.1671875 0.01875 0.0234375
0 0.5671875 0.16953125 0.0203125 0.0171875
0 0.5859375 0.15546875 0.0234375 0.0171875
0 0.6046875 0.14375 0.0109375 0.0140625
0 0.6171875 0.14765625 0.0140625 0.0140625
0 0.6328125 0.13828125 0.0171875 0.0265625
0 0.61953125 0.128125 0.0140625 0.0140625
0 0.59140625 0.4546875 0.0203125 0.0203125
0 0.58125 0.440625 0.0171875 0.0140625
0 0.61484375 0.45546875 0.0203125 0.015625
0 0.66953125 0.4390625 0.0296875 0.0171875
0 0.6359375 0.44765625 0.0171875 0.0109375
0 0.56640625 0.45390625 0.0171875 0.0125
0 0.5546875 0.4671875 0.0203125 0.0171875
0 0.54453125 0.45390625 0.0203125 0.0140625
0 0.5359375 0.4640625 0.0140625 0.015625
0 0.49140625 0.43671875 0.015625 0.0109375
0 0.47265625 0.44296875 0.015625 0.0140625
0 0.44921875 0.4453125 0.01875 0.0125
0 0.3921875 0.4421875 0.0171875 0.0140625
0 0.4078125 0.44453125 0.0125 0.0125
0 0.37109375 0.43828125 0.015625 0.0140625
0 0.35234375 0.43515625 0.0203125 0.0171875
0 0.7421875 0.41484375 0.0109375 0.0140625
0 0.70234375 0.47578125 0.0140625 0.0140625
0 0.7203125 0.44609375 0.01875 0.0140625
0 0.7734375 0.4171875 0.0171875 0.0140625
0 0.7875 0.42890625 0.0109375 0.0109375
0 0.8078125 0.4265625 0.0203125 0.015625
0 0.696875 0.56015625 0.0140625 0.0171875
0 0.6984375 0.5828125 0.0203125 0.0171875
0 0.71171875 0.565625 0.015625 0.015625
0 0.75234375 0.58203125 0.01875 0.0140625
0 0.7828125 0.553125 0.0171875 0.0140625
0 0.8 0.5625 0.0171875 0.0171875
0 0.75625 0.50390625 0.0125 0.015625
0 0.8046875 0.4875 0.0203125 0.021875
0 0.8015625 0.4625 0.01875 0.0171875
0 0.81875 0.45546875 0.0171875 0.0140625
0 0.77734375 0.5015625 0.0078125 0.0109375
0 0.7921875 0.50234375 0.0140625 0.0109375
0 0.81171875 0.50546875 0.0140625 0.0140625
0 0.78515625 0.5234375 0.0140625 0.0109375