0 0.196875 0.6234375 0.015625 0.0234375
0 0.2359375 0.6453125 0.015625 0.0234375
0 0.2421875 0.68125 0.0171875 0.0234375
0 0.18203125 0.53984375 0.0125 0.015625
0 0.215625 0.5171875 0.015625 0.0234375
0 0.22265625 0.38046875 0.0203125 0.0234375
0 0.16796875 0.43828125 0.0203125 0.0234375
0 0.1703125 0.459375 0.0234375 0.028125
0 0.1875 0.48828125 0.015625 0.015625
0 0.19375 0.46640625 0.015625 0.0171875
0 0.20625 0.45390625 0.0234375 0.0234375
0 0.19375 0.43828125 0.0234375 0.0171875
0 0.1953125 0.4203125 0.015625 0.0203125
0 0.18203125 0.40234375 0.015625 0.0234375
0 0.171875 0.384375 0.0125 0.009375
0 0.17421875 0.371875 0.0125 0.0125
0 0.16484375 0.35625 0.0265625 0.0171875
0 0.15625 0.3703125 0.0125 0.0125
0 0.47421875 0.396875 0.0203125 0.0203125
0 0.46015625 0.40703125 0.0125 0.015625
0 0.475 0.375 0.0140625 0.0203125
0 0.45859375 0.32109375 0.0171875 0.0296875
0 0.4671875 0.353125 0.009375 0.015625
0 0.47265625 0.421875 0.0109375 0.015625
0 0.48671875 0.43203125 0.015625 0.0203125
0 0.4734375 0.44296875 0.0125 0.0203125
0 0.48203125 0.4515625 0.0140625 0.0125
0 0.45625 0.49453125 0.009375 0.0140625
0 0.46171875 0.5125 0.0125 0.0140625
0 0.4640625 0.53515625 0.0109375 0.0171875
0 0.46171875 0.590625 0.0125 0.015625
0 0.4640625 0.575 0.0109375 0.0109375
0 0.4578125 0.61171875 0.0125 0.0140625
0 0.45546875 0.63046875 0.015625 0.0203125
0 0.43515625 0.25 0.0125 0.009375
0 0.49453125 0.2890625 0.0125 0.0125
0 0.465625 0.271875 0.0125 0.0171875
0 0.4375 0.21953125 0.0125 0.015625
0 0.4484375 0.20546875 0.009375 0.009375
0 0.44609375 0.1859375 0.0140625 0.0203125
0 0.5765625 0.29375 0.015625 0.0125
0 0.5984375 0.2921875 0.015625 0.0203125
0 0.58203125 0.2796875 0.0140625 0.0140625
0 0.59921875 0.240625 0.0125 0.0171875
0 0.56953125 0.2109375 0.0125 0.015625
0 0.5796875 0.19296875 0.015625 0.015625
0 0.521875 0.23671875 0.0140625 0.0109375
0 0.50546875 0.1890625 0.021875 0.0203125
0 0.48203125 0.1921875 0.015625 0.0171875
0 0.47421875 0.17578125 0.0125 0.015625
0 0.51953125 0.21640625 0.009375 0.0078125
0 0.51953125 0.20234375 0.009375 0.0125
0 0.52265625 0.1828125 0.0125 0.0125
0 0.540625 0.20859375 0.009375 0.0125