3 0.25234375 0.84140625 0.209375 0.203125
3 0.4796875 0.82109375 0.25 0.2296875
3 0.67421875 0.82421875 0.1609375 0.2171875
3 0.8375 0.76328125 0.190625 0.2125
3 0.91796875 0.59609375 0.1609375 0.1515625
3 0.72421875 0.60859375 0.240625 0.209375
3 0.48125 0.6140625 0.2453125 0.1890625
3 0.5265625 0.4328125 0.196875 0.1625
3 0.3921875 0.2078125 0.115625 0.165625
3 0.56328125 0.196875 0.240625 0.14375
3 0.753125 0.25 0.1703125 0.1890625
3 0.8484375 0.40625 0.1390625 0.1609375
3 0.6890625 0.428125 0.11875 0.15