3 0.65625 0.12578125 0.2234375 0.2171875
3 0.44609375 0.19453125 0.265625 0.2484375
3 0.26171875 0.234375 0.1796875 0.225
3 0.12109375 0.32734375 0.20625 0.2234375
3 0.08359375 0.50234375 0.1671875 0.1640625
3 0.26171875 0.4484375 0.253125 0.2265625
3 0.48984375 0.390625 0.2546875 0.2078125
3 0.48671875 0.57109375 0.2078125 0.178125
3 0.6625 0.7546875 0.1296875 0.171875
3 0.503125 0.80234375 0.2453125 0.165625
3 0.3125 0.79296875 0.1828125 0.1984375
3 0.1890625 0.665625 0.1515625 0.16875
3 0.334375 0.61171875 0.1296875 0.15625