0 0.32578125 0.3953125 0.040625 0.05
0 0.3765625 0.42109375 0.053125 0.0484375
0 0.47109375 0.4875 0.0234375 0.0296875
0 0.39453125 0.4609375 0.03125 0.0296875
0 0.2921875 0.48828125 0.0234375 0.0359375
0 0.309375 0.65859375 0.025 0.025
0 0.33125 0.66015625 0.0328125 0.028125
0 0.20390625 0.484375 0.040625 0.05625
0 0.2296875 0.51484375 0.0234375 0.040625
0 0.21796875 0.56328125 0.0359375 0.0328125
0 0.15390625 0.5546875 0.03125 0.0359375
0 0.20625 0.6953125 0.03125 0.0203125
0 0.20859375 0.7171875 0.0265625 0.0328125
0 0.07421875 0.559375 0.0359375 0.0359375
0 0.17109375 0.634375 0.0296875 0.0296875
0 0.16484375 0.5859375 0.03125 0.0265625
0 0.11171875 0.434375 0.0265625 0.0390625
0 0.07734375 0.446875 0.025 0.021875
0 0.1265625 0.47265625 0.03125 0.028125
0 0.05234375 0.39375 0.0390625 0.0359375
0 0.0125 0.38203125 0.025 0.0328125
0 0.19921875 0.33125 0.034375 0.0390625
0 0.2890625 0.34140625 0.040625 0.0484375
0 0.43828125 0.371875 0.046875 0.0375
0 0.13984375 0.596875 0.046875 0.04375