0 0.66796875 0.58828125 0.040625 0.05
0 0.615625 0.56015625 0.0546875 0.05
0 0.51953125 0.490625 0.0234375 0.0296875
0 0.59765625 0.51953125 0.0328125 0.0296875
0 0.7046875 0.4921875 0.0234375 0.0375
0 0.68984375 0.31640625 0.025 0.025
0 0.66796875 0.3140625 0.034375 0.028125
0 0.79609375 0.49765625 0.040625 0.0578125
0 0.76953125 0.46640625 0.0234375 0.0421875
0 0.78359375 0.4171875 0.0375 0.034375
0 0.8484375 0.4265625 0.0328125 0.0375
0 0.79765625 0.2796875 0.0328125 0.0203125
0 0.7953125 0.25625 0.0265625 0.034375
0 0.93203125 0.42265625 0.0375 0.0375
0 0.83359375 0.34375 0.0296875 0.0296875
0 0.8390625 0.39375 0.0328125 0.0265625
0 0.890625 0.5515625 0.0265625 0.040625
0 0.9265625 0.53984375 0.025 0.021875
0 0.87578125 0.51328125 0.0328125 0.028125
0 0.9515625 0.5953125 0.040625 0.0375
0 0.98984375 0.6078125 0.0203125 0.034375
0 0.7984375 0.65703125 0.0359375 0.040625
0 0.70546875 0.64453125 0.040625 0.0484375
0 0.55078125 0.6109375 0.046875 0.0390625
0 0.8640625 0.3828125 0.046875 0.04375