0 0.6453125 0.63046875 0.05625 0.0484375
0 0.60703125 0.5890625 0.05625 0.0609375
0 0.51796875 0.5171875 0.0328125 0.028125
0 0.5640625 0.5828125 0.0359375 0.0359375
0 0.565625 0.68828125 0.0390625 0.0296875
0 0.4 0.71796875 0.028125 0.028125
0 0.39296875 0.69765625 0.034375 0.0375
0 0.59375 0.7703125 0.0609375 0.05
0 0.5578125 0.75390625 0.04375 0.03125
0 0.515625 0.77890625 0.0390625 0.0421875
0 0.540625 0.83671875 0.0421875 0.0375
0 0.39296875 0.8265625 0.025 0.034375
0 0.37109375 0.82890625 0.0375 0.0328125
0 0.5578125 0.9140625 0.0421875 0.0421875
0 0.4609375 0.8421875 0.034375 0.034375
0 0.50859375 0.8359375 0.0328125 0.0359375
0 0.66640625 0.84453125 0.04375 0.034375
0 0.6640625 0.88046875 0.025 0.028125
0 0.6265625 0.840625 0.034375 0.0359375
0 0.72109375 0.88984375 0.04375 0.0453125
0 0.74453125 0.9296875 0.0390625 0.0390625
0 0.740625 0.7328125 0.0453125 0.0421875
0 0.70625 0.6515625 0.0546875 0.0484375
0 0.6375 0.5171875 0.046875 0.0515625
0 0.50390625 0.86171875 0.0515625 0.053125