0 0.68671875 0.60859375 0.0421875 0.0515625
0 0.634375 0.58359375 0.05625 0.0515625
0 0.53515625 0.51953125 0.025 0.03125
0 0.6140625 0.54375 0.0328125 0.03125
0 0.71796875 0.5125 0.025 0.0375
0 0.69375 0.3390625 0.0265625 0.0265625
0 0.671875 0.3390625 0.034375 0.0296875
0 0.80703125 0.51328125 0.0421875 0.0578125
0 0.7796875 0.4828125 0.025 0.0421875
0 0.79140625 0.43359375 0.0375 0.0359375
0 0.85625 0.43984375 0.034375 0.0375
0 0.7984375 0.2984375 0.0328125 0.021875
0 0.79453125 0.27578125 0.028125 0.034375
0 0.93671875 0.4328125 0.0390625 0.0390625
0 0.8359375 0.359375 0.03125 0.03125
0 0.84453125 0.40859375 0.0328125 0.028125
0 0.90390625 0.56015625 0.0296875 0.040625
0 0.93828125 0.54765625 0.025 0.0234375
0 0.88671875 0.5234375 0.0328125 0.0296875
0 0.96484375 0.60078125 0.0421875 0.0390625
0 0.99609375 0.6109375 0.0078125 0.034375
0 0.8171875 0.66875 0.0375 0.040625
0 0.7265625 0.66171875 0.0421875 0.05
0 0.57265625 0.6359375 0.0484375 0.040625
0 0.86953125 0.39609375 0.0484375 0.0453125