0 0.63125 0.65859375 0.05 0.0578125
0 0.5875 0.6203125 0.0625 0.0578125
0 0.5078125 0.5296875 0.0296875 0.034375
0 0.578125 0.57578125 0.0375 0.0359375
0 0.6890625 0.5734375 0.03125 0.040625
0 0.7140625 0.39765625 0.0296875 0.0296875
0 0.6921875 0.39140625 0.0390625 0.034375
0 0.77578125 0.59921875 0.0515625 0.0640625
0 0.7578125 0.5625 0.03125 0.0453125
0 0.78203125 0.51796875 0.0421875 0.040625
0 0.84375 0.5421875 0.0390625 0.0421875
0 0.82734375 0.3875 0.0359375 0.0265625
0 0.8296875 0.3640625 0.0328125 0.0390625
0 0.92578125 0.55703125 0.04375 0.04375
0 0.846875 0.45703125 0.0359375 0.0359375
0 0.84140625 0.5078125 0.0375 0.0328125
0 0.85703125 0.6734375 0.034375 0.04375
0 0.89453125 0.6703125 0.0296875 0.0265625
0 0.8515625 0.63125 0.0375 0.034375
0 0.90625 0.7296875 0.046875 0.04375
0 0.94453125 0.75078125 0.0328125 0.0390625
0 0.7421875 0.75546875 0.0421875 0.046875
0 0.65546875 0.72265625 0.0484375 0.05625
0 0.5125 0.6546875 0.053125 0.046875
0 0.86953125 0.50234375 0.0546875 0.0515625