0 0.60390625 0.35546875 0.0515625 0.0421875
0 0.57265625 0.4046875 0.05 0.05625
0 0.49609375 0.49609375 0.03125 0.025
0 0.5296875 0.41953125 0.03125 0.0328125
0 0.5109375 0.31171875 0.0375 0.025
0 0.33515625 0.31484375 0.0265625 0.0265625
0 0.3328125 0.33671875 0.0296875 0.034375
0 0.5234375 0.22265625 0.0578125 0.0421875
0 0.4890625 0.246875 0.0421875 0.025
0 0.44140625 0.2296875 0.034375 0.0375
0 0.45546875 0.16484375 0.0375 0.0328125
0 0.30703125 0.20625 0.021875 0.0328125
0 0.28359375 0.20703125 0.034375 0.028125
0 0.45859375 0.0828125 0.0375 0.0375
0 0.37265625 0.175 0.03125 0.03125
0 0.4234375 0.17265625 0.028125 0.0328125
0 0.58203125 0.1328125 0.040625 0.028125
0 0.5734375 0.09609375 0.021875 0.0265625
0 0.54296875 0.14453125 0.0296875 0.0328125
0 0.6296875 0.07578125 0.0375 0.0421875
0 0.6453125 0.03125 0.034375 0.034375
0 0.6796875 0.23203125 0.0421875 0.0359375
0 0.6609375 0.32109375 0.05 0.0421875
0 0.6171875 0.47265625 0.040625 0.0484375
0 0.4140625 0.146875 0.0453125 0.0484375