0 0.58984375 0.315625 0.053125 0.0453125
0 0.5671875 0.36953125 0.053125 0.0578125
0 0.509375 0.47109375 0.0328125 0.0265625
0 0.52890625 0.39140625 0.0328125 0.034375
0 0.49140625 0.2890625 0.0390625 0.0265625
0 0.32109375 0.321875 0.0265625 0.0265625
0 0.321875 0.34375 0.03125 0.0359375
0 0.4875 0.2 0.059375 0.0453125
0 0.459375 0.2296875 0.04375 0.028125
0 0.41015625 0.2203125 0.0375 0.0390625
0 0.41171875 0.15546875 0.0390625 0.0359375
0 0.27421875 0.22109375 0.0234375 0.0328125
0 0.2515625 0.22578125 0.0359375 0.0296875
0 0.40078125 0.07421875 0.040625 0.040625
0 0.33203125 0.1796875 0.0328125 0.0328125
0 0.38125 0.16796875 0.0296875 0.034375
0 0.53046875 0.10078125 0.0421875 0.03125
0 0.515625 0.0671875 0.0234375 0.0265625
0 0.49375 0.11953125 0.03125 0.034375
0 0.5671875 0.0375 0.040625 0.04375
0 0.575 0.0046875 0.034375 0.009375
0 0.64375 0.18203125 0.0421875 0.0390625
0 0.640625 0.2734375 0.0515625 0.0453125
0 0.6234375 0.428125 0.0421875 0.05
0 0.36796875 0.14453125 0.0484375 0.0515625