0 0.5984375 0.67890625 0.053125 0.0453125
0 0.578125 0.625 0.053125 0.0578125
0 0.521875 0.5234375 0.03125 0.0265625
0 0.53984375 0.60234375 0.0328125 0.034375
0 0.5015625 0.70234375 0.0375 0.0265625
0 0.33359375 0.6671875 0.028125 0.028125
0 0.33515625 0.6453125 0.03125 0.0359375
0 0.49609375 0.790625 0.059375 0.046875
0 0.46875 0.76171875 0.04375 0.028125
0 0.41953125 0.76875 0.0359375 0.0390625
0 0.421875 0.8328125 0.0390625 0.034375
0 0.28671875 0.76640625 0.0234375 0.0328125
0 0.26484375 0.7609375 0.0359375 0.0296875
0 0.40859375 0.9125 0.0390625 0.0390625
0 0.34375 0.8078125 0.0328125 0.0328125
0 0.39140625 0.81953125 0.0296875 0.034375
0 0.53671875 0.8875 0.0421875 0.03125
0 0.52109375 0.92109375 0.025 0.0265625
0 0.50078125 0.86953125 0.03125 0.034375
0 0.571875 0.95078125 0.040625 0.04375
0 0.57734375 0.9890625 0.0359375 0.021875
0 0.65 0.8109375 0.04375 0.0390625
0 0.64765625 0.72109375 0.0515625 0.0453125
0 0.63359375 0.56875 0.0421875 0.05
0 0.37734375 0.8421875 0.0484375 0.05