0 0.584375 0.671875 0.0578125 0.05
0 0.56640625 0.61640625 0.0578125 0.0625
0 0.515625 0.50703125 0.034375 0.0296875
0 0.5296875 0.58984375 0.0359375 0.0375
0 0.4828125 0.68984375 0.040625 0.03125
0 0.3125 0.6421875 0.0296875 0.0296875
0 0.315625 0.61953125 0.034375 0.0390625
0 0.47109375 0.7796875 0.0640625 0.05
0 0.44453125 0.74765625 0.0453125 0.03125
0 0.39375 0.75234375 0.040625 0.0421875
0 0.390625 0.81796875 0.0421875 0.0375
0 0.25703125 0.740625 0.0265625 0.034375
0 0.234375 0.73359375 0.0390625 0.0328125
0 0.371875 0.89921875 0.04375 0.04375
0 0.3125 0.78671875 0.0359375 0.0359375
0 0.3609375 0.80234375 0.0328125 0.0359375
0 0.5046875 0.8828125 0.04375 0.034375
0 0.4875 0.915625 0.0265625 0.0296875
0 0.46953125 0.8609375 0.034375 0.0359375
0 0.53671875 0.95078125 0.04375 0.046875
0 0.540625 0.9890625 0.040625 0.021875
0 0.6265625 0.81171875 0.046875 0.0421875
0 0.63125 0.71953125 0.05625 0.0484375
0 0.62734375 0.5625 0.046875 0.053125
0 0.3453125 0.82578125 0.0515625 0.0546875