0 0.68984375 0.58671875 0.0484375 0.05625
0 0.63515625 0.5703125 0.0609375 0.0578125
0 0.5296875 0.5234375 0.028125 0.0328125
0 0.61015625 0.53515625 0.0359375 0.034375
0 0.7046875 0.48828125 0.0296875 0.0390625
0 0.65625 0.32421875 0.0296875 0.0296875
0 0.634375 0.328125 0.0375 0.034375
0 0.7921875 0.47578125 0.05 0.0625
0 0.7609375 0.45 0.03125 0.04375
0 0.7640625 0.4015625 0.0421875 0.0390625
0 0.82734375 0.396875 0.0375 0.040625
0 0.75078125 0.26875 0.034375 0.0265625
0 0.74296875 0.24765625 0.0328125 0.0375
0 0.90546875 0.37734375 0.0421875 0.0421875
0 0.79609375 0.321875 0.034375 0.034375
0 0.81171875 0.36875 0.0359375 0.03125
0 0.89296875 0.50625 0.034375 0.04375
0 0.92421875 0.4890625 0.028125 0.0265625
0 0.8703125 0.47265625 0.0359375 0.0328125
0 0.95859375 0.5359375 0.0453125 0.0421875
0 0.9921875 0.53828125 0.015625 0.0390625
0 0.82578125 0.625 0.040625 0.0453125
0 0.73671875 0.63203125 0.0484375 0.0546875
0 0.58359375 0.63046875 0.053125 0.0453125
0 0.834375 0.353125 0.053125 0.0515625