0 0.35234375 0.659375 0.0515625 0.0421875
0 0.3828125 0.61015625 0.05 0.0546875
0 0.459375 0.51953125 0.03125 0.0234375
0 0.425 0.5953125 0.03125 0.0328125
0 0.44375 0.70234375 0.0375 0.025
0 0.61875 0.7 0.025 0.025
0 0.62109375 0.67734375 0.0296875 0.034375
0 0.43203125 0.79140625 0.0578125 0.0421875
0 0.465625 0.7671875 0.0421875 0.025
0 0.51328125 0.784375 0.034375 0.0375
0 0.49921875 0.8484375 0.0375 0.0328125
0 0.646875 0.8078125 0.021875 0.0328125
0 0.66953125 0.80703125 0.034375 0.028125
0 0.49609375 0.93046875 0.0375 0.0375
0 0.58125 0.83828125 0.03125 0.03125
0 0.53125 0.840625 0.028125 0.0328125
0 0.3734375 0.88046875 0.040625 0.028125
0 0.38203125 0.91640625 0.021875 0.025
0 0.4125 0.86875 0.0296875 0.0328125
0 0.32578125 0.9375 0.0375 0.040625
0 0.3109375 0.978125 0.034375 0.0265625
0 0.27578125 0.78203125 0.040625 0.0359375
0 0.29453125 0.69296875 0.05 0.0421875
0 0.33828125 0.54296875 0.040625 0.0484375
0 0.54140625 0.86640625 0.0453125 0.0484375