0 0.665625 0.3875 0.0375 0.046875
0 0.6171875 0.41484375 0.05 0.0453125
0 0.52734375 0.48203125 0.021875 0.028125
0 0.60078125 0.45390625 0.0296875 0.028125
0 0.7015625 0.47734375 0.021875 0.034375
0 0.690625 0.64296875 0.0234375 0.0234375
0 0.66953125 0.64453125 0.03125 0.0265625
0 0.78671875 0.4703125 0.0375 0.053125
0 0.7625 0.50078125 0.021875 0.0390625
0 0.7765625 0.546875 0.034375 0.03125
0 0.8375 0.53671875 0.0296875 0.034375
0 0.7921875 0.675 0.0296875 0.01875
0 0.78984375 0.696875 0.025 0.03125
0 0.915625 0.53828125 0.034375 0.034375
0 0.82421875 0.61484375 0.028125 0.028125
0 0.82890625 0.5671875 0.0296875 0.025
0 0.875 0.41875 0.025 0.0375
0 0.90859375 0.42890625 0.0234375 0.0203125
0 0.86171875 0.45546875 0.0296875 0.0265625
0 0.93125 0.3765625 0.0375 0.034375
0 0.97421875 0.3640625 0.03125 0.03125
0 0.7859375 0.32109375 0.0328125 0.0375
0 0.7 0.334375 0.0375 0.0453125
0 0.55546875 0.36875 0.04375 0.0359375
0 0.853125 0.57734375 0.04375 0.040625