0 0.60078125 0.71328125 0.0515625 0.0421875
0 0.5734375 0.659375 0.0515625 0.05625
0 0.50390625 0.56015625 0.03125 0.025
0 0.53125 0.63984375 0.03125 0.0328125
0 0.50234375 0.7484375 0.0390625 0.025
0 0.32421875 0.73046875 0.0265625 0.0265625
0 0.3234375 0.7078125 0.0296875 0.034375
0 0.50703125 0.84140625 0.059375 0.0421875
0 0.475 0.81328125 0.04375 0.025
0 0.42421875 0.82734375 0.034375 0.0390625
0 0.4328125 0.89296875 0.0390625 0.0328125
0 0.2859375 0.8390625 0.021875 0.0328125
0 0.26171875 0.8359375 0.034375 0.028125
0 0.42890625 0.97734375 0.0390625 0.0390625
0 0.34921875 0.8765625 0.03125 0.03125
0 0.40078125 0.8828125 0.028125 0.0328125
0 0.55859375 0.93828125 0.0421875 0.028125
0 0.546875 0.9734375 0.0234375 0.025
0 0.51953125 0.921875 0.0296875 0.0328125
0 0.60234375 0.98984375 0.0390625 0.0203125
0 0.66796875 0.84609375 0.0421875 0.0359375
0 0.65703125 0.75234375 0.05 0.0421875
0 0.625 0.5953125 0.040625 0.0484375
0 0.3890625 0.90859375 0.0453125 0.0484375