0 0.56015625 0.3078125 0.0578125 0.05
0 0.54453125 0.3640625 0.059375 0.0625
0 0.4984375 0.471875 0.034375 0.0296875
0 0.50859375 0.390625 0.0359375 0.0375
0 0.46015625 0.29453125 0.040625 0.03125
0 0.29453125 0.34765625 0.0296875 0.0296875
0 0.2984375 0.36875 0.0359375 0.0390625
0 0.4453125 0.20625 0.0625 0.0515625
0 0.4203125 0.2390625 0.0453125 0.03125
0 0.3703125 0.2359375 0.040625 0.0421875
0 0.36484375 0.17109375 0.0421875 0.0390625
0 0.2359375 0.25234375 0.0265625 0.034375
0 0.21484375 0.26015625 0.0375 0.0328125
0 0.34375 0.09296875 0.04375 0.04375
0 0.28984375 0.2046875 0.0359375 0.0359375
0 0.3359375 0.18828125 0.0328125 0.0359375
0 0.475 0.10390625 0.04375 0.034375
0 0.45625 0.071875 0.0265625 0.028125
0 0.44140625 0.1265625 0.034375 0.0375
0 0.503125 0.0359375 0.04375 0.046875
0 0.50625 0.00390625 0.0375 0.0078125
0 0.596875 0.16875 0.046875 0.0421875
0 0.60546875 0.259375 0.05625 0.05
0 0.60703125 0.415625 0.046875 0.053125
0 0.3203125 0.165625 0.0515625 0.0546875