0 0.37578125 0.35234375 0.05 0.040625
0 0.40625 0.403125 0.05 0.0546875
0 0.47890625 0.49765625 0.0296875 0.0234375
0 0.44765625 0.4203125 0.0296875 0.0328125
0 0.47109375 0.3125 0.0375 0.0234375
0 0.64765625 0.32109375 0.025 0.025
0 0.65 0.34375 0.028125 0.034375
0 0.46171875 0.221875 0.0578125 0.040625
0 0.49453125 0.246875 0.0421875 0.0234375
0 0.54375 0.23125 0.034375 0.0375
0 0.53203125 0.165625 0.0375 0.0328125
0 0.68046875 0.21171875 0.0203125 0.0328125
0 0.70390625 0.21328125 0.034375 0.0265625
0 0.53203125 0.0828125 0.0375 0.0375
0 0.615625 0.178125 0.0296875 0.0296875
0 0.56484375 0.17421875 0.0265625 0.0328125
0 0.40546875 0.128125 0.040625 0.0265625
0 0.415625 0.0921875 0.021875 0.025
0 0.44453125 0.14140625 0.028125 0.0328125
0 0.35859375 0.06875 0.0375 0.040625
0 0.34453125 0.0234375 0.034375 0.034375
0 0.303125 0.225 0.040625 0.0359375
0 0.31875 0.31640625 0.0484375 0.040625
0 0.3578125 0.46953125 0.0390625 0.046875
0 0.57421875 0.1484375 0.04375 0.046875