0 0.575 0.321875 0.053125 0.0453125
0 0.55 0.3765625 0.053125 0.0578125
0 0.4875 0.478125 0.0328125 0.0265625
0 0.5109375 0.396875 0.0328125 0.034375
0 0.47578125 0.2921875 0.0390625 0.0265625
0 0.3 0.31875 0.0265625 0.0265625
0 0.3 0.3421875 0.03125 0.0359375
0 0.475 0.19921875 0.0609375 0.0453125
0 0.44453125 0.22890625 0.04375 0.0265625
0 0.39453125 0.2171875 0.0359375 0.0390625
0 0.4 0.1515625 0.0390625 0.034375
0 0.25625 0.21328125 0.0234375 0.034375
0 0.2328125 0.2171875 0.0359375 0.0296875
0 0.390625 0.06796875 0.0390625 0.0390625
0 0.3171875 0.1734375 0.0328125 0.0328125
0 0.36796875 0.1640625 0.0296875 0.034375
0 0.52265625 0.10078125 0.0421875 0.0296875
0 0.50859375 0.065625 0.0234375 0.0265625
0 0.484375 0.11796875 0.03125 0.034375
0 0.5625 0.03671875 0.040625 0.04375
0 0.571875 0.00390625 0.034375 0.0078125
0 0.63515625 0.18671875 0.04375 0.0390625
0 0.62890625 0.28046875 0.0515625 0.0453125
0 0.60625 0.4375 0.0421875 0.05
0 0.3546875 0.13828125 0.0484375 0.05