0 0.6125 0.334375 0.046875 0.0375
0 0.58515625 0.3828125 0.0453125 0.05
0 0.51796875 0.47265625 0.028125 0.021875
0 0.54609375 0.39921875 0.028125 0.0296875
0 0.52265625 0.2984375 0.034375 0.021875
0 0.35703125 0.309375 0.0234375 0.0234375
0 0.35546875 0.33046875 0.0265625 0.03125
0 0.5296875 0.21328125 0.053125 0.0375
0 0.49921875 0.2375 0.0390625 0.021875
0 0.453125 0.2234375 0.03125 0.034375
0 0.46328125 0.1625 0.034375 0.0296875
0 0.325 0.2078125 0.01875 0.0296875
0 0.303125 0.21015625 0.03125 0.025
0 0.46171875 0.084375 0.034375 0.034375
0 0.38515625 0.17578125 0.028125 0.028125
0 0.4328125 0.17109375 0.025 0.0296875
0 0.58125 0.125 0.0375 0.025
0 0.57109375 0.09140625 0.0203125 0.0234375
0 0.54453125 0.13828125 0.0265625 0.0296875
0 0.6234375 0.06875 0.034375 0.0375
0 0.6359375 0.02578125 0.03125 0.03125
0 0.67890625 0.2140625 0.0375 0.0328125
0 0.665625 0.3 0.0453125 0.0375
0 0.63125 0.44453125 0.0359375 0.04375
0 0.42265625 0.146875 0.040625 0.04375