0 0.35390625 0.3421875 0.053125 0.04375
0 0.3859375 0.38984375 0.0515625 0.05625
0 0.4640625 0.478125 0.03125 0.025
0 0.428125 0.40390625 0.0328125 0.034375
0 0.44375 0.29609375 0.0375 0.025
0 0.6171875 0.29296875 0.0265625 0.0265625
0 0.62109375 0.31484375 0.03125 0.034375
0 0.428125 0.20859375 0.059375 0.04375
0 0.4625 0.23125 0.0421875 0.0265625
0 0.509375 0.2125 0.0359375 0.0390625
0 0.49296875 0.14921875 0.0390625 0.034375
0 0.640625 0.184375 0.021875 0.0328125
0 0.66484375 0.184375 0.034375 0.028125
0 0.4875 0.06796875 0.0390625 0.0390625
0 0.57578125 0.15625 0.0328125 0.0328125
0 0.52578125 0.15546875 0.028125 0.0328125
0 0.36640625 0.12109375 0.040625 0.0296875
0 0.37421875 0.08515625 0.0234375 0.0265625
0 0.40625 0.13203125 0.03125 0.0328125
0 0.31796875 0.06640625 0.0390625 0.0421875
0 0.30078125 0.02734375 0.034375 0.025
0 0.2734375 0.22265625 0.0421875 0.0375
0 0.29453125 0.3109375 0.0515625 0.04375
0 0.34375 0.45859375 0.040625 0.0484375
0 0.534375 0.1296875 0.0453125 0.05