0 0.353125 0.34296875 0.053125 0.0453125
0 0.3890625 0.38671875 0.0546875 0.0578125
0 0.47109375 0.46796875 0.0328125 0.0265625
0 0.43046875 0.39765625 0.0328125 0.034375
0 0.43828125 0.29140625 0.0375 0.028125
0 0.60859375 0.2765625 0.028125 0.028125
0 0.61328125 0.296875 0.03125 0.0359375
0 0.41796875 0.20625 0.059375 0.046875
0 0.45234375 0.22578125 0.0421875 0.028125
0 0.49765625 0.20390625 0.0375 0.0390625
0 0.4765625 0.14375 0.0390625 0.0359375
0 0.62421875 0.16796875 0.0234375 0.0328125
0 0.64765625 0.16640625 0.0359375 0.03125
0 0.465625 0.0640625 0.040625 0.040625
0 0.55859375 0.1453125 0.0328125 0.0328125
0 0.509375 0.1484375 0.0296875 0.034375
0 0.3515625 0.125 0.0421875 0.03125
0 0.35625 0.0890625 0.025 0.0265625
0 0.390625 0.13203125 0.03125 0.034375
0 0.29921875 0.075 0.040625 0.04375
0 0.28125 0.03828125 0.034375 0.0234375
0 0.265625 0.23125 0.04375 0.0390625
0 0.29375 0.315625 0.0515625 0.0453125
0 0.3515625 0.4578125 0.04375 0.05
0 0.51640625 0.121875 0.0484375 0.0515625