0 0.34375 0.646875 0.0546875 0.0453125
0 0.378125 0.59765625 0.0546875 0.059375
0 0.4609375 0.50859375 0.0328125 0.0265625
0 0.421875 0.584375 0.034375 0.034375
0 0.4359375 0.6953125 0.0390625 0.0265625
0 0.615625 0.70234375 0.028125 0.028125
0 0.61953125 0.6796875 0.0328125 0.0359375
0 0.41875 0.7859375 0.0625 0.046875
0 0.45390625 0.7640625 0.04375 0.028125
0 0.50234375 0.78359375 0.0375 0.040625
0 0.484375 0.84765625 0.040625 0.0359375
0 0.63828125 0.815625 0.0234375 0.034375
0 0.6625 0.81484375 0.0359375 0.03125
0 0.47734375 0.9328125 0.040625 0.040625
0 0.5703125 0.84296875 0.0328125 0.0328125
0 0.51796875 0.84296875 0.03125 0.034375
0 0.35390625 0.875 0.04375 0.03125
0 0.3609375 0.9125 0.025 0.0265625
0 0.39453125 0.86484375 0.0328125 0.034375
0 0.3015625 0.93046875 0.0421875 0.04375
0 0.284375 0.96875 0.0359375 0.025
0 0.25859375 0.76875 0.04375 0.0390625
0 0.2828125 0.67734375 0.053125 0.0453125
0 0.3359375 0.52578125 0.04375 0.0515625
0 0.5265625 0.86953125 0.0484375 0.0515625