0 0.68046875 0.60390625 0.0390625 0.0484375
0 0.63125 0.5765625 0.0515625 0.046875
0 0.5375 0.509375 0.0234375 0.0296875
0 0.61328125 0.53671875 0.03125 0.0296875
0 0.715625 0.5109375 0.0234375 0.0359375
0 0.70234375 0.3421875 0.025 0.025
0 0.6796875 0.34140625 0.0328125 0.028125
0 0.80234375 0.5171875 0.0390625 0.0546875
0 0.778125 0.48671875 0.0234375 0.040625
0 0.79140625 0.43828125 0.0359375 0.0328125
0 0.85390625 0.4484375 0.03125 0.0359375
0 0.80546875 0.3078125 0.03125 0.0203125
0 0.80234375 0.28515625 0.0265625 0.0328125
0 0.93359375 0.4453125 0.0359375 0.0359375
0 0.8390625 0.36796875 0.0296875 0.0296875
0 0.84453125 0.4171875 0.03125 0.0265625
0 0.89453125 0.56796875 0.0265625 0.0390625
0 0.928125 0.55703125 0.025 0.021875
0 0.88046875 0.53125 0.03125 0.028125
0 0.953125 0.61015625 0.0390625 0.0359375
0 0.9890625 0.62265625 0.021875 0.0328125
0 0.8046875 0.66953125 0.034375 0.0390625
0 0.7171875 0.6578125 0.0390625 0.046875
0 0.56875 0.625 0.0453125 0.0375
0 0.86875 0.40703125 0.0453125 0.0421875