0 0.61640625 0.3375 0.046875 0.0390625
0 0.58828125 0.38515625 0.046875 0.0515625
0 0.51875 0.47421875 0.028125 0.021875
0 0.54765625 0.40078125 0.028125 0.0296875
0 0.52578125 0.29921875 0.034375 0.021875
0 0.359375 0.30703125 0.0234375 0.0234375
0 0.3578125 0.32890625 0.0265625 0.03125
0 0.534375 0.2140625 0.053125 0.0390625
0 0.50390625 0.2375 0.0390625 0.021875
0 0.4578125 0.22265625 0.03125 0.034375
0 0.46953125 0.1609375 0.034375 0.0296875
0 0.3296875 0.2046875 0.01875 0.0296875
0 0.30703125 0.20703125 0.03125 0.025
0 0.46875 0.0828125 0.034375 0.034375
0 0.38984375 0.17265625 0.028125 0.028125
0 0.4375 0.16953125 0.025 0.0296875
0 0.58828125 0.12578125 0.0375 0.025
0 0.57890625 0.0921875 0.0203125 0.0234375
0 0.55078125 0.13828125 0.0265625 0.0296875
0 0.63203125 0.0703125 0.034375 0.0375
0 0.6453125 0.0265625 0.03125 0.03125
0 0.684375 0.2171875 0.0375 0.0328125
0 0.66953125 0.303125 0.0453125 0.0390625
0 0.6328125 0.4484375 0.0359375 0.04375
0 0.428125 0.14453125 0.040625 0.04375