0 0.65 0.6375 0.0546875 0.046875
0 0.61328125 0.59296875 0.0546875 0.059375
0 0.52890625 0.51640625 0.0328125 0.028125
0 0.5703125 0.58515625 0.034375 0.0359375
0 0.5671875 0.690625 0.0390625 0.0296875
0 0.3984375 0.71171875 0.028125 0.028125
0 0.39296875 0.69140625 0.0328125 0.0359375
0 0.590625 0.77421875 0.0609375 0.0484375
0 0.55546875 0.75625 0.04375 0.0296875
0 0.5125 0.7796875 0.0375 0.040625
0 0.53359375 0.83828125 0.040625 0.0359375
0 0.3859375 0.81953125 0.025 0.034375
0 0.3640625 0.821875 0.0359375 0.03125
0 0.54765625 0.9171875 0.040625 0.040625
0 0.453125 0.83984375 0.034375 0.034375
0 0.5015625 0.8359375 0.03125 0.034375
0 0.66015625 0.853125 0.0421875 0.0328125
0 0.65625 0.8890625 0.025 0.028125
0 0.6203125 0.846875 0.0328125 0.034375
0 0.71328125 0.90078125 0.0421875 0.04375
0 0.73359375 0.94140625 0.0375 0.0375
0 0.73984375 0.74453125 0.04375 0.040625
0 0.71015625 0.6609375 0.053125 0.046875
0 0.64765625 0.521875 0.0453125 0.05
0 0.49609375 0.86171875 0.0484375 0.0515625