0 0.76640625 0.57265625 0.04375 0.0421875
0 0.58671875 0.5609375 0.040625 0.034375
0 0.5015625 0.5734375 0.0421875 0.0515625
0 0.4921875 0.48671875 0.0546875 0.065625
0 0.42578125 0.41171875 0.046875 0.0484375
0 0.3765625 0.534375 0.046875 0.0484375
0 0.38828125 0.60546875 0.0421875 0.0484375
0 0.44921875 0.61171875 0.046875 0.0453125
0 0.45546875 0.67265625 0.0296875 0.0421875
0 0.41953125 0.73203125 0.040625 0.0375
0 0.4984375 0.775 0.034375 0.0359375
0 0.4390625 0.7765625 0.0296875 0.0359375
0 0.39921875 0.78203125 0.034375 0.040625
0 0.3625 0.7828125 0.03125 0.0359375
0 0.45625 0.82109375 0.040625 0.034375
0 0.37734375 0.8640625 0.034375 0.0359375
0 0.28359375 0.8046875 0.040625 0.040625
0 0.28046875 0.83828125 0.0390625 0.03125
0 0.33671875 0.65078125 0.040625 0.0359375
0 0.39140625 0.66640625 0.0328125 0.034375
0 0.29609375 0.68515625 0.0359375 0.034375
0 0.29296875 0.62265625 0.03125 0.034375
0 0.25546875 0.58125 0.0296875 0.0296875
0 0.24296875 0.60625 0.04375 0.0484375
0 0.21953125 0.53125 0.0375 0.0390625
0 0.1359375 0.6578125 0.0390625 0.046875
0 0.353125 0.415625 0.0390625 0.034375
0 0.275 0.75859375 0.034375 0.0375
0 0.58203125 0.7875 0.040625 0.034375
0 0.5703125 0.8171875 0.034375 0.034375
0 0.60703125 0.8203125 0.0359375 0.040625
0 0.62109375 0.24765625 0.0390625 0.05
0 0.90078125 0.246875 0.03125 0.0359375
0 0.98515625 0.66875 0.0296875 0.040625
0 0.91484375 0.7421875 0.0375 0.040625
0 0.96171875 0.81328125 0.0453125 0.0453125
0 0.61875 0.128125 0.0453125 0.0515625