0 0.69375 0.32265625 0.0453125 0.0421875
0 0.5265625 0.39296875 0.040625 0.0359375
0 0.4421875 0.40859375 0.04375 0.0515625
0 0.4609375 0.49453125 0.05625 0.0671875
0 0.4234375 0.5875 0.0484375 0.05
0 0.3359375 0.48671875 0.0484375 0.05
0 0.32421875 0.41484375 0.0421875 0.0484375
0 0.37890625 0.38984375 0.0484375 0.046875
0 0.365625 0.33046875 0.03125 0.04375
0 0.3125 0.28515625 0.040625 0.0390625
0 0.3734375 0.21875 0.034375 0.0359375
0 0.31640625 0.2359375 0.0296875 0.0359375
0 0.2765625 0.24453125 0.0359375 0.040625
0 0.2421875 0.25546875 0.03125 0.0375
0 0.3171875 0.1890625 0.040625 0.0359375
0 0.22890625 0.17265625 0.034375 0.0359375
0 0.15859375 0.26015625 0.0421875 0.0421875
0 0.14453125 0.2296875 0.040625 0.0328125
0 0.259375 0.3890625 0.040625 0.0375
0 0.30625 0.35625 0.0328125 0.034375
0 0.21015625 0.3703125 0.0359375 0.034375
0 0.22734375 0.4296875 0.03125 0.0359375
0 0.2046875 0.48203125 0.03125 0.03125
0 0.18515625 0.4625 0.0453125 0.0484375
0 0.1875 0.54140625 0.0390625 0.0390625
0 0.06640625 0.44765625 0.0390625 0.0484375
0 0.35234375 0.6078125 0.0390625 0.0359375
0 0.16640625 0.30625 0.034375 0.0375
0 0.4484375 0.17890625 0.040625 0.0359375
0 0.42734375 0.15390625 0.034375 0.034375
0 0.46171875 0.1390625 0.0375 0.040625
0 0.6625 0.6796875 0.040625 0.0515625
0 0.92890625 0.5890625 0.03125 0.0375
0 0.87421875 0.159375 0.0328125 0.0421875
0 0.7796875 0.1125 0.0390625 0.040625
0 0.8015625 0.0296875 0.046875 0.046875
0 0.69921875 0.79375 0.046875 0.0515625