0 0.66875 0.3078125 0.0421875 0.04375
0 0.596875 0.46484375 0.034375 0.0390625
0 0.5796875 0.54375 0.05 0.0421875
0 0.49921875 0.52265625 0.0640625 0.0546875
0 0.41015625 0.55625 0.0484375 0.046875
0 0.5015625 0.64140625 0.0484375 0.046875
0 0.56953125 0.65546875 0.046875 0.0421875
0 0.5953125 0.60390625 0.0453125 0.0453125
0 0.6515625 0.61953125 0.0421875 0.03125
0 0.6921875 0.67109375 0.0375 0.040625
0 0.75703125 0.615625 0.034375 0.034375
0 0.7390625 0.66875 0.0359375 0.0296875
0 0.7296875 0.70625 0.0390625 0.034375
0 0.71875 0.7390625 0.0359375 0.03125
0 0.78359375 0.66875 0.034375 0.0390625
0 0.79609375 0.75390625 0.034375 0.034375
0 0.71015625 0.8171875 0.040625 0.040625
0 0.73984375 0.83125 0.03125 0.0390625
0 0.5921875 0.71796875 0.0359375 0.0390625
0 0.62421875 0.67421875 0.0328125 0.03125
0 0.60859375 0.76484375 0.034375 0.034375
0 0.55234375 0.746875 0.034375 0.03125
0 0.5015625 0.765625 0.0296875 0.0296875
0 0.5203125 0.78515625 0.046875 0.04375
0 0.4453125 0.78046875 0.0390625 0.0375
0 0.5296875 0.8984375 0.046875 0.0390625
0 0.3875 0.62265625 0.034375 0.0375
0 0.6671875 0.80859375 0.0359375 0.034375
0 0.796875 0.5453125 0.034375 0.0390625
0 0.81953125 0.56640625 0.0328125 0.0328125
0 0.834375 0.534375 0.0390625 0.0359375
0 0.3296875 0.3265625 0.05 0.0390625
0 0.42421875 0.07734375 0.0359375 0.03125
0 0.8296875 0.14375 0.040625 0.03125
0 0.8703125 0.23359375 0.040625 0.0375
0 0.95 0.21640625 0.04375 0.04375
0 0.2234375 0.2875 0.05 0.0453125