0 0.36640625 0.73203125 0.0390625 0.04375
0 0.41875 0.5546875 0.0328125 0.0390625
0 0.42578125 0.46796875 0.05 0.040625
0 0.5140625 0.478125 0.0625 0.0515625
0 0.6046875 0.4296875 0.046875 0.0453125
0 0.49375 0.35234375 0.046875 0.0453125
0 0.41953125 0.34765625 0.046875 0.0390625
0 0.4 0.40625 0.04375 0.0453125
0 0.33828125 0.3984375 0.0421875 0.028125
0 0.28671875 0.34921875 0.0359375 0.0390625
0 0.225 0.41875 0.034375 0.0328125
0 0.2375 0.35859375 0.0359375 0.0265625
0 0.24140625 0.31796875 0.0390625 0.0328125
0 0.24921875 0.28125 0.0359375 0.028125
0 0.18984375 0.365625 0.0328125 0.0390625
0 0.1640625 0.27734375 0.034375 0.0328125
0 0.2453125 0.196875 0.0390625 0.0390625
0 0.2125 0.1859375 0.0296875 0.0390625
0 0.38671875 0.28515625 0.034375 0.0390625
0 0.35859375 0.3359375 0.0328125 0.03125
0 0.36171875 0.2375 0.0328125 0.034375
0 0.42421875 0.24765625 0.034375 0.028125
0 0.475 0.22109375 0.028125 0.028125
0 0.45234375 0.20234375 0.046875 0.040625
0 0.5328125 0.19609375 0.0375 0.0359375
0 0.42578125 0.08359375 0.0453125 0.0359375
0 0.6171875 0.35625 0.0328125 0.0375
0 0.29296875 0.2 0.0359375 0.0328125
0 0.19375 0.49921875 0.0328125 0.0390625
0 0.1671875 0.4796875 0.0328125 0.0328125
0 0.15546875 0.51640625 0.0390625 0.034375
0 0.7234375 0.66171875 0.0484375 0.0375
0 0.66015625 0.94140625 0.0359375 0.028125
0 0.21953125 0.93125 0.040625 0.0296875
0 0.16171875 0.84140625 0.0390625 0.0359375
0 0.08046875 0.871875 0.04375 0.04375
0 0.8421875 0.68671875 0.05 0.04375