0 0.6328125 0.2546875 0.0421875 0.04375
0 0.5734375 0.43125 0.034375 0.040625
0 0.56328125 0.51875 0.0515625 0.0421875
0 0.475 0.50546875 0.065625 0.053125
0 0.38203125 0.55078125 0.0484375 0.046875
0 0.490625 0.6328125 0.0484375 0.046875
0 0.565625 0.63984375 0.046875 0.0421875
0 0.5875 0.58125 0.0453125 0.046875
0 0.64921875 0.59140625 0.04375 0.0296875
0 0.6984375 0.64296875 0.0375 0.040625
0 0.76328125 0.57578125 0.034375 0.034375
0 0.74921875 0.634375 0.0359375 0.028125
0 0.74296875 0.67578125 0.040625 0.034375
0 0.73515625 0.7125 0.0359375 0.03125
0 0.79765625 0.6296875 0.034375 0.040625
0 0.8203125 0.71953125 0.034375 0.034375
0 0.73515625 0.79765625 0.040625 0.040625
0 0.76796875 0.809375 0.03125 0.040625
0 0.59609375 0.703125 0.0359375 0.040625
0 0.6265625 0.653125 0.0328125 0.03125
0 0.61953125 0.753125 0.034375 0.034375
0 0.55703125 0.7390625 0.034375 0.03125
0 0.50546875 0.765625 0.0296875 0.0296875
0 0.5265625 0.78515625 0.046875 0.04375
0 0.44609375 0.78828125 0.0390625 0.0375
0 0.55 0.90546875 0.046875 0.0375
0 0.365625 0.62421875 0.034375 0.0375
0 0.6875 0.79296875 0.0359375 0.034375
0 0.79765625 0.49609375 0.034375 0.040625
0 0.82421875 0.515625 0.0328125 0.0328125
0 0.83671875 0.4796875 0.040625 0.0359375
0 0.2703125 0.3125 0.0515625 0.0390625
0 0.34375 0.034375 0.0359375 0.03125
0 0.7875 0.059375 0.0421875 0.03125
0 0.84140625 0.1515625 0.040625 0.0375
0 0.925 0.12421875 0.0453125 0.0453125
0 0.15234375 0.28359375 0.0515625 0.0453125