0 0.7453125 0.596875 0.0421875 0.0390625
0 0.56953125 0.5765625 0.0375 0.0328125
0 0.4859375 0.584375 0.0390625 0.0484375
0 0.48125 0.5 0.0515625 0.0625
0 0.4203125 0.42265625 0.04375 0.046875
0 0.365625 0.53984375 0.04375 0.046875
0 0.37421875 0.61015625 0.0390625 0.0453125
0 0.4328125 0.61953125 0.04375 0.0421875
0 0.43515625 0.67890625 0.028125 0.040625
0 0.39765625 0.73515625 0.0390625 0.0359375
0 0.4734375 0.78203125 0.03125 0.0328125
0 0.41484375 0.78046875 0.028125 0.034375
0 0.375 0.78359375 0.0328125 0.0375
0 0.33984375 0.7828125 0.0296875 0.034375
0 0.42890625 0.82421875 0.0375 0.0328125
0 0.35 0.86328125 0.03125 0.0328125
0 0.26015625 0.8 0.0390625 0.0390625
0 0.25625 0.8328125 0.0375 0.0296875
0 0.3203125 0.65234375 0.0375 0.034375
0 0.3734375 0.6703125 0.0296875 0.03125
0 0.27890625 0.68359375 0.0328125 0.03125
0 0.2796875 0.62265625 0.028125 0.0328125
0 0.2453125 0.5796875 0.028125 0.028125
0 0.23125 0.60390625 0.040625 0.0453125
0 0.2125 0.52890625 0.0359375 0.0375
0 0.1234375 0.6484375 0.0359375 0.0453125
0 0.34921875 0.42265625 0.0359375 0.0328125
0 0.2546875 0.7546875 0.0328125 0.034375
0 0.55390625 0.7984375 0.0375 0.0328125
0 0.540625 0.82734375 0.03125 0.03125
0 0.57734375 0.83125 0.034375 0.0375
0 0.61953125 0.27109375 0.0359375 0.0484375
0 0.89375 0.28515625 0.0296875 0.034375
0 0.9578125 0.70234375 0.0296875 0.0390625
0 0.8828125 0.77109375 0.0359375 0.0390625
0 0.925 0.84375 0.0421875 0.0421875
0 0.62421875 0.1546875 0.0421875 0.0484375