0 0.5921875 0.2609375 0.040625 0.04375
0 0.58359375 0.4375 0.034375 0.0390625
0 0.596875 0.5203125 0.05 0.0421875
0 0.5125 0.53125 0.0640625 0.0546875
0 0.43984375 0.596875 0.0484375 0.046875
0 0.5609375 0.64296875 0.0484375 0.046875
0 0.63046875 0.6296875 0.046875 0.0421875
0 0.63515625 0.57109375 0.0453125 0.0453125
0 0.6953125 0.56484375 0.0421875 0.03125
0 0.75390625 0.5984375 0.0375 0.040625
0 0.79453125 0.5203125 0.034375 0.034375
0 0.79765625 0.578125 0.0359375 0.0296875
0 0.803125 0.6171875 0.0390625 0.034375
0 0.80546875 0.65234375 0.0359375 0.03125
0 0.840625 0.56015625 0.034375 0.0390625
0 0.88515625 0.63671875 0.034375 0.034375
0 0.828125 0.73046875 0.040625 0.040625
0 0.8609375 0.7328125 0.03125 0.0390625
0 0.6765625 0.68125 0.0359375 0.040625
0 0.690625 0.62734375 0.0328125 0.03125
0 0.71015625 0.7203125 0.034375 0.034375
0 0.65 0.72421875 0.034375 0.03125
0 0.60859375 0.76171875 0.0296875 0.0296875
0 0.63359375 0.77421875 0.0484375 0.04375
0 0.56015625 0.79765625 0.0390625 0.0375
0 0.68671875 0.878125 0.046875 0.0390625
0 0.4453125 0.66953125 0.034375 0.0375
0 0.78359375 0.7390625 0.0359375 0.034375
0 0.80546875 0.43828125 0.034375 0.0390625
0 0.83515625 0.4484375 0.0328125 0.0328125
0 0.8375 0.4125 0.040625 0.0359375
0 0.27578125 0.40859375 0.05 0.0390625
0 0.26953125 0.13515625 0.0359375 0.03125
0 0.68203125 0.0421875 0.040625 0.03125
0 0.75546875 0.1125 0.040625 0.0375
0 0.825 0.06484375 0.04375 0.04375
0 0.15859375 0.41328125 0.0515625 0.0453125