0 0.34453125 0.7078125 0.0390625 0.0421875
0 0.4 0.5421875 0.03125 0.0375
0 0.409375 0.4609375 0.0484375 0.0390625
0 0.49296875 0.4734375 0.0609375 0.05
0 0.57890625 0.43046875 0.0453125 0.04375
0 0.4765625 0.35390625 0.0453125 0.04375
0 0.4078125 0.34765625 0.0453125 0.0390625
0 0.38671875 0.4015625 0.0421875 0.04375
0 0.32890625 0.3921875 0.040625 0.0265625
0 0.28203125 0.34453125 0.0359375 0.0390625
0 0.221875 0.40703125 0.0328125 0.03125
0 0.2359375 0.3515625 0.034375 0.0265625
0 0.24140625 0.3125 0.0375 0.03125
0 0.24921875 0.27890625 0.034375 0.028125
0 0.190625 0.35625 0.03125 0.0375
0 0.16875 0.271875 0.0328125 0.03125
0 0.24765625 0.19921875 0.0390625 0.0390625
0 0.21796875 0.18828125 0.028125 0.0375
0 0.37890625 0.28671875 0.0328125 0.0375
0 0.35 0.334375 0.03125 0.0296875
0 0.35703125 0.240625 0.03125 0.0328125
0 0.41484375 0.253125 0.0328125 0.028125
0 0.4640625 0.22890625 0.028125 0.028125
0 0.44375 0.21015625 0.0453125 0.040625
0 0.51953125 0.2078125 0.0375 0.0359375
0 0.421875 0.0984375 0.04375 0.0359375
0 0.59375 0.36171875 0.03125 0.0359375
0 0.29296875 0.203125 0.034375 0.03125
0 0.18984375 0.48125 0.03125 0.0375
0 0.165625 0.46328125 0.03125 0.03125
0 0.153125 0.49765625 0.0375 0.0328125
0 0.68359375 0.653125 0.046875 0.0359375
0 0.61484375 0.91328125 0.034375 0.028125
0 0.2 0.890625 0.0390625 0.028125
0 0.14921875 0.803125 0.0390625 0.0359375
0 0.07109375 0.8296875 0.0421875 0.0421875
0 0.7953125 0.68046875 0.0484375 0.0421875