0 0.659375 0.2578125 0.0375 0.0421875
0 0.6109375 0.4328125 0.03125 0.0375
0 0.60546875 0.51875 0.0484375 0.0390625
0 0.51796875 0.51015625 0.0609375 0.0484375
0 0.43125 0.55859375 0.0453125 0.04375
0 0.540625 0.63359375 0.0453125 0.04375
0 0.61328125 0.63671875 0.0453125 0.0375
0 0.63203125 0.57890625 0.0421875 0.04375
0 0.69296875 0.58515625 0.040625 0.0265625
0 0.74453125 0.6328125 0.034375 0.0375
0 0.803125 0.56328125 0.0328125 0.03125
0 0.7921875 0.62265625 0.034375 0.0265625
0 0.7890625 0.66328125 0.0375 0.03125
0 0.7828125 0.69921875 0.034375 0.028125
0 0.8390625 0.615625 0.03125 0.0375
0 0.86640625 0.7015625 0.0328125 0.03125
0 0.78828125 0.78203125 0.0375 0.0375
0 0.8203125 0.7921875 0.028125 0.0375
0 0.64765625 0.69765625 0.0328125 0.0375
0 0.6734375 0.646875 0.03125 0.0296875
0 0.67265625 0.74453125 0.03125 0.0328125
0 0.61015625 0.73515625 0.0328125 0.028125
0 0.5609375 0.76328125 0.028125 0.028125
0 0.58359375 0.78046875 0.0453125 0.040625
0 0.5046875 0.78828125 0.0359375 0.034375
0 0.6125 0.896875 0.0453125 0.034375
0 0.41875 0.63203125 0.03125 0.0359375
0 0.740625 0.78046875 0.034375 0.03125
0 0.83359375 0.484375 0.03125 0.0375
0 0.859375 0.50234375 0.03125 0.03125
0 0.8703125 0.46640625 0.0375 0.0328125
0 0.309375 0.3328125 0.0484375 0.0359375
0 0.36640625 0.05703125 0.034375 0.028125
0 0.80078125 0.059375 0.0390625 0.028125
0 0.8578125 0.146875 0.0375 0.034375
0 0.93828125 0.115625 0.0421875 0.0421875
0 0.19140625 0.31015625 0.0484375 0.0421875