0 0.28515625 0.403125 0.040625 0.0375
0 0.465625 0.4359375 0.0375 0.03125
0 0.55234375 0.434375 0.0390625 0.0484375
0 0.5515625 0.52265625 0.0484375 0.0625
0 0.60859375 0.60625 0.0421875 0.04375
0 0.67421875 0.4890625 0.0421875 0.04375
0 0.6703125 0.415625 0.0375 0.04375
0 0.6109375 0.4015625 0.0421875 0.040625
0 0.61171875 0.340625 0.0265625 0.040625
0 0.6546875 0.284375 0.0375 0.034375
0 0.58046875 0.23125 0.03125 0.0328125
0 0.640625 0.23671875 0.0265625 0.034375
0 0.68125 0.23671875 0.03125 0.0375
0 0.71875 0.23984375 0.028125 0.034375
0 0.62890625 0.190625 0.0375 0.03125
0 0.7140625 0.15546875 0.03125 0.0328125
0 0.8015625 0.22734375 0.0375 0.0375
0 0.809375 0.19375 0.0375 0.028125
0 0.7296875 0.3765625 0.0375 0.0328125
0 0.67578125 0.35390625 0.0296875 0.03125
0 0.7734375 0.34765625 0.0328125 0.03125
0 0.76953125 0.41015625 0.028125 0.0328125
0 0.8015625 0.45625 0.028125 0.028125
0 0.81796875 0.43359375 0.0390625 0.04375
0 0.8328125 0.51171875 0.034375 0.0359375
0 0.9328125 0.39453125 0.034375 0.04375
0 0.6828125 0.61171875 0.0359375 0.03125
0 0.80390625 0.275 0.03125 0.034375
0 0.4984375 0.20859375 0.0375 0.03125
0 0.5140625 0.17890625 0.03125 0.03125
0 0.4765625 0.17265625 0.0328125 0.0375
0 0.3921875 0.7484375 0.0359375 0.0484375
0 0.109375 0.71484375 0.028125 0.034375
0 0.07421875 0.278125 0.028125 0.0390625
0 0.15625 0.2125 0.034375 0.0375
0 0.1171875 0.13515625 0.040625 0.040625
0 0.37890625 0.86875 0.0421875 0.0484375