0 0.421875 0.778125 0.0421875 0.0453125
0 0.434375 0.5953125 0.034375 0.040625
0 0.421875 0.509375 0.0515625 0.04375
0 0.509375 0.49921875 0.0671875 0.05625
0 0.5859375 0.4328125 0.0484375 0.046875
0 0.4609375 0.38203125 0.0484375 0.046875
0 0.3890625 0.39453125 0.0484375 0.04375
0 0.38203125 0.45546875 0.0453125 0.046875
0 0.32109375 0.46171875 0.04375 0.03125
0 0.26015625 0.42578125 0.0390625 0.0421875
0 0.2171875 0.50625 0.0359375 0.034375
0 0.21484375 0.4453125 0.0375 0.0296875
0 0.209375 0.40546875 0.040625 0.034375
0 0.20859375 0.36796875 0.0375 0.03125
0 0.16953125 0.46328125 0.034375 0.040625
0 0.12578125 0.3828125 0.0359375 0.034375
0 0.1859375 0.28671875 0.0421875 0.0421875
0 0.1515625 0.284375 0.03125 0.040625
0 0.34296875 0.340625 0.0375 0.040625
0 0.32734375 0.396875 0.034375 0.0328125
0 0.3078125 0.3 0.034375 0.0359375
0 0.3703125 0.296875 0.0359375 0.03125
0 0.41328125 0.259375 0.0296875 0.0296875
0 0.3875 0.24609375 0.0484375 0.0453125
0 0.46484375 0.22265625 0.040625 0.0390625
0 0.3359375 0.13671875 0.0484375 0.040625
0 0.58203125 0.3578125 0.034375 0.0390625
0 0.23359375 0.27890625 0.0375 0.034375
0 0.203125 0.590625 0.034375 0.040625
0 0.1734375 0.57890625 0.034375 0.034375
0 0.17109375 0.61640625 0.040625 0.0375
0 0.75234375 0.63046875 0.0515625 0.040625
0 0.75390625 0.91484375 0.0375 0.03125
0 0.32421875 0.99375 0.0421875 0.0125
0 0.25 0.9296875 0.0421875 0.0390625
0 0.178125 0.97734375 0.0453125 0.0453125
0 0.87421875 0.628125 0.053125 0.046875