0 0.4015625 0.75703125 0.0375 0.040625
0 0.43203125 0.5796875 0.03125 0.0375
0 0.428125 0.49375 0.0484375 0.0390625
0 0.515625 0.49375 0.0609375 0.0484375
0 0.596875 0.43515625 0.0453125 0.0421875
0 0.4796875 0.3734375 0.0453125 0.0421875
0 0.40859375 0.378125 0.0453125 0.0375
0 0.39609375 0.4375 0.040625 0.0421875
0 0.33515625 0.4375 0.040625 0.0265625
0 0.2796875 0.39609375 0.034375 0.0375
0 0.228125 0.46953125 0.0328125 0.03125
0 0.2328125 0.4109375 0.034375 0.0265625
0 0.23203125 0.3703125 0.0375 0.03125
0 0.234375 0.33359375 0.034375 0.028125
0 0.1875 0.42265625 0.03125 0.0375
0 0.15234375 0.33984375 0.0328125 0.03125
0 0.22109375 0.25234375 0.0375 0.0375
0 0.1875 0.24609375 0.028125 0.0375
0 0.36875 0.32109375 0.0328125 0.0375
0 0.346875 0.37421875 0.03125 0.0296875
0 0.3390625 0.27734375 0.03125 0.0328125
0 0.40078125 0.28125 0.0328125 0.028125
0 0.446875 0.2484375 0.028125 0.028125
0 0.42265625 0.23359375 0.0453125 0.0390625
0 0.5 0.21796875 0.0359375 0.034375
0 0.38203125 0.12109375 0.0453125 0.034375
0 0.60078125 0.3625 0.03125 0.0359375
0 0.26796875 0.24921875 0.034375 0.03125
0 0.20703125 0.5515625 0.03125 0.0375
0 0.17890625 0.53671875 0.03125 0.03125
0 0.171875 0.57265625 0.0375 0.0328125
0 0.73984375 0.646875 0.0484375 0.0359375
0 0.71171875 0.925 0.034375 0.028125
0 0.28359375 0.9671875 0.0390625 0.028125
0 0.2171875 0.8875 0.0375 0.034375
0 0.14140625 0.9265625 0.040625 0.040625
0 0.85859375 0.65703125 0.0484375 0.0421875