0 0.625 0.72265625 0.034375 0.0375
0 0.5875 0.5546875 0.028125 0.034375
0 0.58671875 0.4734375 0.04375 0.034375
0 0.50390625 0.47734375 0.05625 0.04375
0 0.4234375 0.4265625 0.040625 0.0390625
0 0.53125 0.36171875 0.040625 0.0390625
0 0.6 0.3625 0.040625 0.034375
0 0.61484375 0.41796875 0.0375 0.0390625
0 0.67265625 0.41484375 0.0375 0.0234375
0 0.7234375 0.37265625 0.03125 0.034375
0 0.77578125 0.440625 0.0296875 0.028125
0 0.76875 0.384375 0.03125 0.0234375
0 0.7671875 0.34609375 0.034375 0.028125
0 0.76328125 0.31171875 0.03125 0.025
0 0.8125 0.39375 0.028125 0.034375
0 0.8421875 0.31328125 0.0296875 0.028125
0 0.771875 0.23359375 0.034375 0.034375
0 0.803125 0.22578125 0.025 0.034375
0 0.63515625 0.30625 0.0296875 0.034375
0 0.6578125 0.35546875 0.028125 0.0265625
0 0.6609375 0.26328125 0.028125 0.0296875
0 0.60234375 0.26953125 0.0296875 0.025
0 0.55703125 0.240625 0.025 0.025
0 0.57890625 0.225 0.040625 0.0359375
0 0.5046875 0.2140625 0.0328125 0.03125
0 0.61171875 0.11640625 0.040625 0.03125
0 0.415625 0.35703125 0.028125 0.0328125
0 0.72734375 0.2328125 0.03125 0.028125
0 0.8 0.5171875 0.028125 0.034375
0 0.8265625 0.5015625 0.028125 0.028125
0 0.834375 0.5359375 0.034375 0.0296875
0 0.29765625 0.634375 0.04375 0.03125
0 0.33828125 0.89765625 0.03125 0.025
0 0.7484375 0.9171875 0.0359375 0.025
0 0.80703125 0.8375 0.034375 0.03125
0 0.88125 0.87109375 0.0375 0.0375
0 0.18515625 0.65 0.04375 0.0375