0 0.37421875 0.25546875 0.034375 0.0390625
0 0.41328125 0.42890625 0.028125 0.034375
0 0.4140625 0.51328125 0.0453125 0.034375
0 0.49921875 0.50859375 0.0578125 0.0453125
0 0.58203125 0.5609375 0.0421875 0.040625
0 0.47109375 0.628125 0.0421875 0.040625
0 0.4 0.62734375 0.0421875 0.034375
0 0.384375 0.5703125 0.0390625 0.040625
0 0.325 0.5734375 0.0390625 0.025
0 0.27265625 0.6171875 0.03125 0.034375
0 0.21875 0.546875 0.03125 0.028125
0 0.22578125 0.6046875 0.03125 0.025
0 0.22734375 0.64453125 0.034375 0.028125
0 0.23125 0.6796875 0.03125 0.025
0 0.18046875 0.5953125 0.028125 0.034375
0 0.15 0.678125 0.03125 0.028125
0 0.22265625 0.76015625 0.034375 0.034375
0 0.190625 0.76875 0.025 0.034375
0 0.3640625 0.68515625 0.03125 0.034375
0 0.340625 0.634375 0.028125 0.028125
0 0.33671875 0.7296875 0.028125 0.03125
0 0.39765625 0.7234375 0.03125 0.025
0 0.44453125 0.753125 0.025 0.025
0 0.421875 0.76953125 0.0421875 0.0375
0 0.4984375 0.78046875 0.034375 0.03125
0 0.38828125 0.88125 0.0421875 0.03125
0 0.590625 0.6328125 0.028125 0.034375
0 0.26875 0.7609375 0.03125 0.028125
0 0.19375 0.46796875 0.028125 0.034375
0 0.16640625 0.48359375 0.028125 0.028125
0 0.1578125 0.4484375 0.034375 0.03125
0 0.71171875 0.346875 0.0453125 0.03125
0 0.6703125 0.075 0.03125 0.025
0 0.246875 0.0546875 0.0375 0.025
0 0.1859375 0.13671875 0.034375 0.03125
0 0.109375 0.10234375 0.0390625 0.0390625
0 0.828125 0.33046875 0.0453125 0.0390625