0 0.65078125 0.2671875 0.0390625 0.0421875
0 0.6015625 0.44375 0.03125 0.0375
0 0.59609375 0.5296875 0.0484375 0.0390625
0 0.50859375 0.521875 0.0625 0.05
0 0.41953125 0.57109375 0.0453125 0.04375
0 0.53046875 0.64609375 0.0453125 0.04375
0 0.60390625 0.6484375 0.0453125 0.0390625
0 0.62265625 0.590625 0.0421875 0.04375
0 0.684375 0.59765625 0.040625 0.0265625
0 0.7359375 0.6453125 0.0359375 0.0390625
0 0.7953125 0.57578125 0.0328125 0.03125
0 0.784375 0.63515625 0.034375 0.0265625
0 0.78125 0.67578125 0.0375 0.03125
0 0.775 0.7125 0.034375 0.028125
0 0.83203125 0.62734375 0.03125 0.0375
0 0.859375 0.71484375 0.0328125 0.03125
0 0.78046875 0.7953125 0.0390625 0.0390625
0 0.8125 0.80546875 0.028125 0.0375
0 0.63828125 0.7109375 0.034375 0.0390625
0 0.665625 0.659375 0.03125 0.0296875
0 0.66328125 0.7578125 0.03125 0.0328125
0 0.6015625 0.74765625 0.0328125 0.028125
0 0.5515625 0.7765625 0.028125 0.028125
0 0.5734375 0.79375 0.0453125 0.040625
0 0.49453125 0.8015625 0.0375 0.0359375
0 0.603125 0.91171875 0.0453125 0.0359375
0 0.40703125 0.64453125 0.03125 0.0359375
0 0.7328125 0.79453125 0.034375 0.03125
0 0.82578125 0.4953125 0.03125 0.0375
0 0.853125 0.5140625 0.03125 0.03125
0 0.86328125 0.47734375 0.0390625 0.034375
0 0.296875 0.3421875 0.0484375 0.0359375
0 0.35546875 0.06484375 0.034375 0.028125
0 0.79375 0.06640625 0.0390625 0.028125
0 0.8515625 0.1546875 0.0390625 0.0359375
0 0.93203125 0.12265625 0.0421875 0.0421875
0 0.17890625 0.31953125 0.0484375 0.0421875