0 0.41875 0.2578125 0.0421875 0.04375
0 0.42421875 0.434375 0.034375 0.040625
0 0.409375 0.51640625 0.0515625 0.04375
0 0.49375 0.52890625 0.065625 0.05625
0 0.56484375 0.59609375 0.0484375 0.046875
0 0.44296875 0.63984375 0.0484375 0.046875
0 0.3734375 0.62578125 0.0484375 0.0421875
0 0.3703125 0.5671875 0.0453125 0.046875
0 0.3109375 0.55859375 0.0421875 0.03125
0 0.2515625 0.59140625 0.0375 0.040625
0 0.21171875 0.5125 0.0359375 0.034375
0 0.2078125 0.57109375 0.0359375 0.0296875
0 0.2015625 0.61015625 0.040625 0.034375
0 0.1984375 0.6453125 0.0359375 0.03125
0 0.165625 0.553125 0.034375 0.040625
0 0.11953125 0.628125 0.0359375 0.034375
0 0.175 0.72265625 0.040625 0.040625
0 0.1421875 0.72421875 0.03125 0.0390625
0 0.32734375 0.67578125 0.0359375 0.040625
0 0.3140625 0.621875 0.0328125 0.0328125
0 0.29296875 0.7140625 0.034375 0.0359375
0 0.353125 0.71953125 0.034375 0.03125
0 0.39375 0.7578125 0.0296875 0.0296875
0 0.36796875 0.76875 0.0484375 0.04375
0 0.44140625 0.7953125 0.0390625 0.0375
0 0.3140625 0.871875 0.046875 0.0390625
0 0.55859375 0.66796875 0.034375 0.0390625
0 0.2203125 0.73203125 0.0375 0.034375
0 0.20234375 0.43125 0.034375 0.040625
0 0.17265625 0.44140625 0.034375 0.034375
0 0.17109375 0.40546875 0.040625 0.0359375
0 0.7328125 0.4109375 0.05 0.040625
0 0.74296875 0.1375 0.0359375 0.03125
0 0.3328125 0.03671875 0.040625 0.0328125
0 0.25859375 0.10625 0.040625 0.0375
0 0.18984375 0.05703125 0.0453125 0.0453125
0 0.84921875 0.4171875 0.0515625 0.046875