0 0.19140625 0.47109375 0.021875 0.028125
0 0.246875 0.471875 0.0203125 0.021875
0 0.2859375 0.5171875 0.01875 0.021875
0 0.34140625 0.515625 0.0140625 0.0171875
0 0.3375 0.48359375 0.015625 0.021875
0 0.3921875 0.4984375 0.01875 0.025
0 0.4421875 0.52109375 0.0171875 0.021875
0 0.515625 0.55234375 0.015625 0.0171875
0 0.56875 0.51953125 0.01875 0.0234375
0 0.12578125 0.5140625 0.015625 0.021875
0 0.16640625 0.5515625 0.0140625 0.0140625
0 0.22265625 0.55390625 0.0171875 0.0203125
0 0.30703125 0.4421875 0.015625 0.015625
0 0.3609375 0.43984375 0.021875 0.021875
0 0.4921875 0.50703125 0.0171875 0.025
0 0.50625 0.4609375 0.015625 0.015625
0 0.45703125 0.48828125 0.015625 0.01875
0 0.3234375 0.55 0.015625 0.01875
0 0.76171875 0.55 0.0203125 0.0203125
0 0.73515625 0.5234375 0.0109375 0.0171875
0 0.70234375 0.525 0.0203125 0.0203125
0 0.74609375 0.465625 0.015625 0.015625
0 0.78984375 0.48984375 0.015625 0.0203125
0 0.80078125 0.55546875 0.0171875 0.0203125
0 0.83984375 0.50625 0.015625 0.021875
0 0.8515625 0.55703125 0.01875 0.025
0 0.88828125 0.51875 0.015625 0.015625
0 0.14609375 0.41953125 0.015625 0.01875
0 0.37109375 0.5546875 0.015625 0.01875
0 0.41796875 0.56484375 0.015625 0.01875
0 0.66328125 0.5515625 0.01875 0.021875
0 0.8078125 0.5828125 0.015625 0.015625