0 0.81484375 0.5328125 0.021875 0.028125
0 0.7625 0.51796875 0.0203125 0.021875
0 0.71015625 0.55 0.01875 0.021875
0 0.6578125 0.53125 0.0140625 0.01875
0 0.6703125 0.50234375 0.015625 0.021875
0 0.6140625 0.5 0.0203125 0.025
0 0.55859375 0.5078125 0.0171875 0.021875
0 0.47890625 0.51640625 0.015625 0.0171875
0 0.43671875 0.46875 0.01875 0.0234375
0 0.865625 0.59453125 0.015625 0.021875
0 0.81484375 0.61796875 0.0140625 0.015625
0 0.76015625 0.60390625 0.0171875 0.0203125
0 0.71171875 0.47109375 0.015625 0.015625
0 0.66171875 0.45390625 0.021875 0.021875
0 0.515625 0.4796875 0.01875 0.025
0 0.51484375 0.43046875 0.015625 0.015625
0 0.55546875 0.471875 0.015625 0.01875
0 0.665625 0.56953125 0.015625 0.01875
0 0.24296875 0.44140625 0.0203125 0.0203125
0 0.2765625 0.4234375 0.0125 0.0171875
0 0.3078125 0.434375 0.0203125 0.0203125
0 0.2828125 0.3640625 0.015625 0.015625
0 0.23359375 0.37421875 0.015625 0.0203125
0 0.20390625 0.43515625 0.0171875 0.0203125
0 0.18046875 0.37578125 0.015625 0.021875
0 0.15390625 0.421875 0.0203125 0.025
0 0.1296875 0.37421875 0.015625 0.015625
0 0.875 0.496875 0.015625 0.01875
0 0.61796875 0.5609375 0.015625 0.01875
0 0.56953125 0.55703125 0.015625 0.01875
0 0.3375 0.471875 0.01875 0.021875
0 0.18828125 0.45859375 0.015625 0.015625