0 0.83046875 0.5515625 0.021875 0.028125
0 0.77578125 0.55078125 0.0203125 0.021875
0 0.73671875 0.50546875 0.01875 0.021875
0 0.68203125 0.5078125 0.0125 0.0171875
0 0.6859375 0.53984375 0.015625 0.021875
0 0.63125 0.525 0.01875 0.025
0 0.58203125 0.50234375 0.0171875 0.021875
0 0.50859375 0.4703125 0.015625 0.0171875
0 0.45546875 0.503125 0.01875 0.0234375
0 0.89609375 0.50859375 0.015625 0.021875
0 0.85546875 0.471875 0.0125 0.0140625
0 0.8 0.46875 0.0171875 0.0203125
0 0.715625 0.58046875 0.015625 0.015625
0 0.6625 0.58203125 0.021875 0.021875
0 0.5328125 0.515625 0.0171875 0.025
0 0.51796875 0.56171875 0.015625 0.015625
0 0.56796875 0.534375 0.015625 0.01875
0 0.7 0.4734375 0.015625 0.01875
0 0.26484375 0.4734375 0.0203125 0.0203125
0 0.290625 0.5 0.0109375 0.0171875
0 0.3234375 0.4984375 0.0203125 0.0203125
0 0.2796875 0.55625 0.015625 0.015625
0 0.23671875 0.53359375 0.015625 0.0203125
0 0.22578125 0.46796875 0.0171875 0.0203125
0 0.18671875 0.51640625 0.015625 0.021875
0 0.175 0.465625 0.01875 0.025
0 0.1390625 0.50390625 0.015625 0.015625
0 0.87578125 0.603125 0.015625 0.01875
0 0.65234375 0.46875 0.015625 0.01875
0 0.60625 0.45859375 0.015625 0.01875
0 0.36171875 0.471875 0.01875 0.021875
0 0.21875 0.440625 0.015625 0.015625