0 0.85234375 0.59609375 0.025 0.0296875
0 0.79609375 0.58984375 0.0234375 0.0234375
0 0.759375 0.5390625 0.0203125 0.0234375
0 0.70234375 0.5359375 0.015625 0.01875
0 0.70390625 0.56953125 0.0171875 0.0234375
0 0.64921875 0.55 0.021875 0.0265625
0 0.59921875 0.52109375 0.01875 0.0234375
0 0.5265625 0.48203125 0.015625 0.0171875
0 0.46796875 0.51171875 0.0203125 0.025
0 0.925 0.55625 0.0171875 0.0234375
0 0.88515625 0.51484375 0.0140625 0.015625
0 0.828125 0.50703125 0.01875 0.021875
0 0.73046875 0.61484375 0.015625 0.015625
0 0.67578125 0.61171875 0.025 0.025
0 0.546875 0.53203125 0.0203125 0.0265625
0 0.528125 0.578125 0.015625 0.015625
0 0.58125 0.55390625 0.0171875 0.01875
0 0.72421875 0.503125 0.0171875 0.01875
0 0.27265625 0.4625 0.021875 0.021875
0 0.29765625 0.49296875 0.0140625 0.01875
0 0.33125 0.49375 0.021875 0.021875
0 0.28046875 0.55078125 0.015625 0.015625
0 0.23828125 0.52265625 0.0171875 0.021875
0 0.23359375 0.45390625 0.01875 0.021875
0 0.1875 0.50078125 0.0171875 0.0234375
0 0.18125 0.446875 0.021875 0.0265625
0 0.13984375 0.48359375 0.015625 0.015625
0 0.8953125 0.653125 0.0171875 0.01875
0 0.67578125 0.49296875 0.0171875 0.01875
0 0.628125 0.47890625 0.0171875 0.01875
0 0.37421875 0.4703125 0.0203125 0.0234375
0 0.228125 0.425 0.015625 0.015625