0 0.80859375 0.49609375 0.0171875 0.025
0 0.75546875 0.48984375 0.0171875 0.01875
0 0.7109375 0.52890625 0.015625 0.01875
0 0.6578125 0.51875 0.0109375 0.015625
0 0.665625 0.4890625 0.0125 0.01875
0 0.6109375 0.4953125 0.015625 0.021875
0 0.559375 0.5109375 0.0140625 0.01875
0 0.484375 0.53203125 0.0125 0.0140625
0 0.43671875 0.4921875 0.015625 0.0203125
0 0.86640625 0.54765625 0.0125 0.01875
0 0.821875 0.578125 0.0109375 0.0125
0 0.7671875 0.57265625 0.0140625 0.0171875
0 0.70078125 0.45234375 0.0125 0.0125
0 0.64921875 0.44375 0.01875 0.01875
0 0.51328125 0.490625 0.0140625 0.021875
0 0.50546875 0.44375 0.0125 0.0125
0 0.55 0.47734375 0.0125 0.015625
0 0.6703125 0.5546875 0.0125 0.015625
0 0.24609375 0.4953125 0.0171875 0.0171875
0 0.27578125 0.47265625 0.009375 0.015625
0 0.30703125 0.4796875 0.0171875 0.0171875
0 0.271875 0.415625 0.0125 0.0125
0 0.22734375 0.4328125 0.0125 0.0171875
0 0.2078125 0.4953125 0.0140625 0.0171875
0 0.1765625 0.4421875 0.0125 0.01875
0 0.1578125 0.490625 0.015625 0.021875
0 0.128125 0.4484375 0.0125 0.0125
0 0.86015625 0.45234375 0.0125 0.015625
0 0.6234375 0.553125 0.0125 0.015625
0 0.57734375 0.55625 0.0125 0.015625
0 0.34140625 0.51015625 0.015625 0.01875
0 0.196875 0.5203125 0.0125 0.0125