0 0.19765625 0.58828125 0.0234375 0.0296875
0 0.25078125 0.58046875 0.021875 0.021875
0 0.28359375 0.53125 0.0203125 0.021875
0 0.3375 0.52734375 0.0140625 0.0171875
0 0.3375 0.5578125 0.0171875 0.021875
0 0.3890625 0.5375 0.0203125 0.025
0 0.434375 0.509375 0.01875 0.021875
0 0.5015625 0.46953125 0.015625 0.0171875
0 0.5578125 0.49609375 0.0203125 0.0234375
0 0.12890625 0.553125 0.0171875 0.021875
0 0.16328125 0.51328125 0.0140625 0.015625
0 0.21796875 0.50390625 0.01875 0.0203125
0 0.31328125 0.60234375 0.015625 0.015625
0 0.36484375 0.59765625 0.0234375 0.0234375
0 0.484375 0.5171875 0.01875 0.025
0 0.50390625 0.56015625 0.015625 0.015625
0 0.45234375 0.53984375 0.015625 0.01875
0 0.315625 0.49609375 0.015625 0.01875
0 0.74140625 0.44375 0.0203125 0.0203125
0 0.71875 0.47265625 0.0125 0.0171875
0 0.68671875 0.47421875 0.0203125 0.0203125
0 0.7359375 0.52734375 0.015625 0.015625
0 0.77578125 0.49921875 0.0171875 0.0203125
0 0.778125 0.43359375 0.01875 0.0203125
0 0.821875 0.4765625 0.0171875 0.021875
0 0.82734375 0.425 0.0203125 0.025
0 0.8671875 0.4578125 0.015625 0.015625
0 0.159375 0.64375 0.015625 0.01875
0 0.3609375 0.48515625 0.015625 0.01875
0 0.40546875 0.4703125 0.015625 0.01875
0 0.6453125 0.45390625 0.0203125 0.021875
0 0.78203125 0.40625 0.015625 0.015625