0 0.153125 0.4046875 0.0234375 0.0296875
0 0.21015625 0.40859375 0.021875 0.0234375
0 0.2484375 0.45859375 0.0203125 0.0234375
0 0.30546875 0.459375 0.0140625 0.01875
0 0.303125 0.42578125 0.0171875 0.021875
0 0.359375 0.44296875 0.0203125 0.0265625
0 0.409375 0.4703125 0.01875 0.0234375
0 0.48359375 0.50703125 0.015625 0.0171875
0 0.540625 0.475 0.0203125 0.025
0 0.0828125 0.44609375 0.0171875 0.021875
0 0.12265625 0.48671875 0.0140625 0.015625
0 0.18046875 0.49296875 0.01875 0.021875
0 0.275 0.38125 0.015625 0.015625
0 0.3296875 0.3828125 0.0234375 0.0234375
0 0.4609375 0.45859375 0.01875 0.0265625
0 0.47890625 0.41171875 0.015625 0.015625
0 0.4265625 0.4375 0.015625 0.01875
0 0.28515625 0.49296875 0.015625 0.01875
0 0.7375 0.51640625 0.021875 0.021875
0 0.71171875 0.4875 0.0125 0.01875
0 0.67734375 0.48828125 0.021875 0.021875
0 0.7265625 0.4296875 0.015625 0.015625
0 0.7703125 0.45625 0.0171875 0.0203125
0 0.77734375 0.52421875 0.01875 0.021875
0 0.8203125 0.4765625 0.0171875 0.021875
0 0.8296875 0.5296875 0.0203125 0.0265625
0 0.8703125 0.4921875 0.015625 0.015625
0 0.109375 0.34921875 0.015625 0.01875
0 0.334375 0.5015625 0.015625 0.01875
0 0.38203125 0.51328125 0.015625 0.01875
0 0.6359375 0.51328125 0.0203125 0.0234375
0 0.78359375 0.553125 0.015625 0.015625