0 0.19375 0.43125 0.0234375 0.0296875
0 0.24453125 0.45 0.021875 0.0234375
0 0.296875 0.421875 0.0203125 0.0234375
0 0.346875 0.44296875 0.0140625 0.01875
0 0.3328125 0.47109375 0.0171875 0.021875
0 0.38828125 0.47734375 0.0203125 0.025
0 0.44296875 0.47421875 0.01875 0.021875
0 0.521875 0.4703125 0.015625 0.0171875
0 0.559375 0.5203125 0.0203125 0.025
0 0.1484375 0.3671875 0.0171875 0.021875
0 0.1984375 0.34765625 0.0140625 0.0140625
0 0.2515625 0.36484375 0.01875 0.0203125
0 0.28984375 0.5 0.015625 0.015625
0 0.3390625 0.51953125 0.0234375 0.0234375
0 0.4828125 0.50390625 0.0203125 0.025
0 0.48046875 0.55234375 0.015625 0.015625
0 0.44375 0.509375 0.015625 0.01875
0 0.34296875 0.40546875 0.015625 0.01875
0 0.7484375 0.56015625 0.021875 0.021875
0 0.7140625 0.57578125 0.0125 0.01875
0 0.684375 0.5625 0.021875 0.021875
0 0.70390625 0.6328125 0.015625 0.015625
0 0.753125 0.6265625 0.015625 0.0203125
0 0.7859375 0.56953125 0.01875 0.0203125
0 0.80546875 0.62890625 0.0171875 0.021875
0 0.83359375 0.58515625 0.0203125 0.025
0 0.8546875 0.634375 0.015625 0.015625
0 0.1328125 0.46328125 0.015625 0.01875
0 0.38828125 0.4171875 0.015625 0.01875
0 0.43515625 0.425 0.015625 0.01875
0 0.6578125 0.52421875 0.0203125 0.0234375
0 0.803125 0.546875 0.015625 0.015625