0 0.81015625 0.50078125 0.0171875 0.025
0 0.7578125 0.50703125 0.0171875 0.01875
0 0.7140625 0.46875 0.015625 0.01875
0 0.66171875 0.478125 0.0109375 0.015625
0 0.66953125 0.5078125 0.0125 0.01875
0 0.615625 0.5015625 0.015625 0.021875
0 0.56484375 0.4859375 0.0140625 0.01875
0 0.490625 0.465625 0.0125 0.0140625
0 0.44375 0.5046875 0.015625 0.0203125
0 0.8671875 0.45 0.0125 0.01875
0 0.8234375 0.4203125 0.0109375 0.0125
0 0.76953125 0.425 0.0140625 0.0171875
0 0.70390625 0.54375 0.0125 0.0125
0 0.653125 0.55234375 0.01875 0.01875
0 0.51953125 0.50625 0.0140625 0.021875
0 0.51171875 0.55234375 0.0125 0.0125
0 0.55546875 0.51953125 0.0125 0.015625
0 0.67421875 0.44296875 0.0125 0.015625
0 0.25625 0.5015625 0.0171875 0.0171875
0 0.28515625 0.5234375 0.009375 0.015625
0 0.31640625 0.5171875 0.0171875 0.0171875
0 0.28203125 0.5796875 0.0125 0.0125
0 0.2375 0.56328125 0.0125 0.0171875
0 0.21875 0.5015625 0.0140625 0.0171875
0 0.1875 0.55390625 0.0125 0.01875
0 0.16953125 0.50625 0.015625 0.021875
0 0.13984375 0.54765625 0.0125 0.0125
0 0.8609375 0.54375 0.0125 0.015625
0 0.628125 0.44453125 0.0125 0.015625
0 0.58203125 0.44140625 0.0125 0.015625
0 0.35 0.48671875 0.015625 0.01875
0 0.2078125 0.4765625 0.0125 0.0125