0 0.840625 0.4578125 0.01875 0.028125
0 0.7859375 0.46796875 0.01875 0.0203125
0 0.7375 0.4296875 0.0171875 0.0203125
0 0.6828125 0.44296875 0.0125 0.0171875
0 0.69296875 0.4734375 0.0140625 0.0203125
0 0.63515625 0.46953125 0.0171875 0.025
0 0.58125 0.45546875 0.015625 0.0203125
0 0.5015625 0.4390625 0.0140625 0.015625
0 0.4546875 0.4828125 0.0171875 0.021875
0 0.89765625 0.4015625 0.0140625 0.0203125
0 0.85 0.37265625 0.0125 0.0140625
0 0.79375 0.38046875 0.015625 0.01875
0 0.73125 0.509375 0.0140625 0.0140625
0 0.678125 0.52109375 0.0203125 0.0203125
0 0.534375 0.48046875 0.015625 0.0234375
0 0.52890625 0.52890625 0.0140625 0.0140625
0 0.5734375 0.4921875 0.0140625 0.0171875
0 0.69453125 0.4046875 0.0140625 0.0171875
0 0.25703125 0.4890625 0.01875 0.01875
0 0.28828125 0.5109375 0.0109375 0.0171875
0 0.32109375 0.503125 0.01875 0.01875
0 0.2875 0.5703125 0.0140625 0.0140625
0 0.23984375 0.55625 0.0140625 0.01875
0 0.2171875 0.49140625 0.015625 0.01875
0 0.1875 0.5484375 0.0140625 0.0203125
0 0.16484375 0.49921875 0.0171875 0.025
0 0.1359375 0.54453125 0.0140625 0.0140625
0 0.896875 0.5 0.0140625 0.0171875
0 0.6453125 0.40859375 0.0140625 0.0171875
0 0.596875 0.4078125 0.0140625 0.0171875
0 0.3546875 0.46875 0.0171875 0.0203125
0 0.20390625 0.46640625 0.0140625 0.0140625