0 0.19375 0.42109375 0.0234375 0.0296875
0 0.24375 0.43984375 0.021875 0.021875
0 0.29609375 0.41328125 0.0203125 0.021875
0 0.3453125 0.43515625 0.0140625 0.0171875
0 0.33046875 0.4625 0.0171875 0.021875
0 0.38515625 0.46953125 0.0203125 0.025
0 0.4390625 0.4671875 0.01875 0.021875
0 0.5171875 0.46484375 0.015625 0.0171875
0 0.553125 0.51484375 0.0203125 0.0234375
0 0.15 0.35703125 0.0171875 0.021875
0 0.2 0.33828125 0.0140625 0.0140625
0 0.2515625 0.35625 0.0171875 0.0203125
0 0.2875 0.48984375 0.015625 0.015625
0 0.33515625 0.51015625 0.0234375 0.0234375
0 0.47890625 0.49765625 0.01875 0.025
0 0.475 0.5453125 0.015625 0.015625
0 0.43984375 0.5015625 0.015625 0.01875
0 0.34140625 0.39765625 0.015625 0.01875
0 0.7390625 0.5578125 0.0203125 0.0203125
0 0.7046875 0.571875 0.0125 0.0171875
0 0.6765625 0.55859375 0.0203125 0.0203125
0 0.69375 0.62890625 0.015625 0.015625
0 0.7421875 0.6234375 0.015625 0.0203125
0 0.7765625 0.5671875 0.0171875 0.0203125
0 0.79375 0.6265625 0.0171875 0.021875
0 0.8234375 0.58359375 0.0203125 0.025
0 0.8421875 0.63203125 0.015625 0.015625
0 0.1328125 0.45078125 0.015625 0.01875
0 0.3859375 0.41015625 0.015625 0.01875
0 0.4328125 0.41875 0.015625 0.01875
0 0.65 0.5203125 0.0203125 0.021875
0 0.79296875 0.54453125 0.015625 0.015625