0 0.62578125 0.271875 0.025 0.021875
0 0.62421875 0.2484375 0.025 0.0203125
0 0.596875 0.25859375 0.025 0.0234375
0 0.765625 0.28671875 0.01875 0.015625
0 0.8046875 0.31796875 0.03125 0.028125
0 0.8125 0.29921875 0.021875 0.0203125
0 0.9078125 0.3015625 0.0234375 0.0203125
0 0.90859375 0.31796875 0.021875 0.0203125
0 0.90390625 0.37265625 0.0265625 0.0265625
0 0.88359375 0.3671875 0.021875 0.0203125
0 0.8703125 0.2953125 0.01875 0.015625
0 0.77890625 0.34140625 0.0234375 0.0203125
0 0.75703125 0.35859375 0.0390625 0.028125
0 0.32421875 0.47109375 0.0328125 0.025
0 0.35703125 0.47265625 0.021875 0.0171875
0 0.34921875 0.44453125 0.021875 0.0203125
0 0.346875 0.43046875 0.0296875 0.0203125
0 0.31328125 0.43359375 0.025 0.01875
0 0.24921875 0.4421875 0.0171875 0.015625
0 0.31640625 0.41796875 0.01875 0.0125
0 0.303125 0.40390625 0.0203125 0.015625
0 0.30546875 0.3828125 0.0234375 0.0203125
0 0.33125 0.38671875 0.021875 0.0203125
0 0.34453125 0.40546875 0.025 0.0203125
0 0.3546875 0.39140625 0.0203125 0.021875
0 0.22421875 0.39140625 0.015625 0.015625
0 0.2015625 0.46484375 0.015625 0.0140625
0 0.2265625 0.46171875 0.0296875 0.0203125
0 0.21328125 0.43046875 0.0203125 0.021875
0 0.2390625 0.4109375 0.0328125 0.0234375
0 0.2015625 0.39765625 0.021875 0.01875
0 0.67421875 0.278125 0.028125 0.0265625
0 0.659375 0.2625 0.0265625 0.028125
0 0.62890625 0.22421875 0.025 0.0234375