0 0.546875 0.2703125 0.025 0.01875
0 0.53984375 0.24765625 0.025 0.0171875
0 0.51484375 0.2640625 0.025 0.021875
0 0.68828125 0.253125 0.0171875 0.0140625
0 0.734375 0.27578125 0.0296875 0.0265625
0 0.7375 0.25546875 0.021875 0.0171875
0 0.83203125 0.23515625 0.0234375 0.0171875
0 0.8375 0.25234375 0.021875 0.01875
0 0.84453125 0.3078125 0.025 0.025
0 0.8234375 0.30625 0.021875 0.0171875
0 0.79296875 0.23828125 0.0171875 0.0140625
0 0.71328125 0.30390625 0.0234375 0.0171875
0 0.696875 0.32734375 0.0375 0.025
0 0.29453125 0.53671875 0.03125 0.021875
0 0.328125 0.53046875 0.0203125 0.0140625
0 0.31328125 0.50546875 0.021875 0.0171875
0 0.30703125 0.49140625 0.028125 0.0171875
0 0.27578125 0.5015625 0.0234375 0.015625
0 0.21328125 0.525 0.015625 0.0140625
0 0.275 0.48515625 0.01875 0.0109375
0 0.259375 0.475 0.01875 0.0140625
0 0.25625 0.45234375 0.0234375 0.0171875
0 0.28203125 0.45078125 0.021875 0.0171875
0 0.29921875 0.46640625 0.025 0.0171875
0 0.30703125 0.45 0.0171875 0.021875
0 0.17734375 0.48046875 0.0140625 0.0140625
0 0.171875 0.5578125 0.0140625 0.0125
0 0.196875 0.54765625 0.028125 0.0171875
0 0.17578125 0.52109375 0.0171875 0.021875
0 0.19609375 0.496875 0.03125 0.01875
0 0.15703125 0.49140625 0.0203125 0.015625
0 0.59609375 0.26640625 0.0265625 0.025
0 0.578125 0.25390625 0.025 0.0265625
0 0.5390625 0.2234375 0.025 0.021875