0 0.58671875 0.28828125 0.0234375 0.01875
0 0.5828125 0.265625 0.0234375 0.0171875
0 0.55703125 0.27734375 0.0234375 0.0203125
0 0.72109375 0.29296875 0.0171875 0.0140625
0 0.7609375 0.32109375 0.028125 0.0265625
0 0.76640625 0.30234375 0.0203125 0.0171875
0 0.85859375 0.2984375 0.021875 0.0171875
0 0.86015625 0.3140625 0.0203125 0.01875
0 0.85859375 0.3671875 0.0234375 0.0234375
0 0.83984375 0.3625 0.0203125 0.0171875
0 0.82109375 0.29453125 0.0171875 0.0140625
0 0.73671875 0.3453125 0.021875 0.0171875
0 0.71796875 0.36328125 0.0359375 0.025
0 0.3109375 0.5 0.0296875 0.021875
0 0.34296875 0.4984375 0.0203125 0.0140625
0 0.3328125 0.47265625 0.0203125 0.0171875
0 0.3296875 0.459375 0.0265625 0.01875
0 0.29765625 0.46484375 0.0234375 0.015625
0 0.23671875 0.47734375 0.015625 0.0140625
0 0.29921875 0.44921875 0.01875 0.0109375
0 0.28671875 0.4375 0.01875 0.0140625
0 0.2875 0.41640625 0.021875 0.0171875
0 0.31171875 0.41875 0.0203125 0.0171875
0 0.32578125 0.43515625 0.0234375 0.0171875
0 0.33515625 0.42109375 0.0171875 0.0203125
0 0.209375 0.43046875 0.0140625 0.0140625
0 0.19375 0.5015625 0.0140625 0.0125
0 0.21796875 0.49609375 0.0265625 0.01875
0 0.20234375 0.46796875 0.0171875 0.0203125
0 0.225 0.4484375 0.0296875 0.0203125
0 0.18828125 0.4375 0.0203125 0.015625
0 0.6328125 0.29140625 0.025 0.0234375
0 0.61796875 0.27734375 0.0234375 0.025
0 0.58515625 0.24375 0.0234375 0.0203125