0 0.43671875 0.28046875 0.021875 0.0171875
0 0.4421875 0.25859375 0.021875 0.015625
0 0.46640625 0.27265625 0.021875 0.01875
0 0.303125 0.27109375 0.015625 0.0125
0 0.2609375 0.29453125 0.0265625 0.0234375
0 0.25703125 0.27578125 0.01875 0.015625
0 0.1671875 0.26171875 0.0203125 0.015625
0 0.16328125 0.27734375 0.01875 0.0171875
0 0.159375 0.3296875 0.021875 0.021875
0 0.17890625 0.32734375 0.01875 0.015625
0 0.20390625 0.2625 0.015625 0.0125
0 0.28203125 0.3203125 0.0203125 0.015625
0 0.29921875 0.340625 0.034375 0.021875
0 0.68671875 0.51796875 0.028125 0.01875
0 0.65546875 0.51328125 0.01875 0.0125
0 0.66796875 0.4890625 0.01875 0.015625
0 0.67265625 0.47578125 0.025 0.015625
0 0.703125 0.484375 0.021875 0.0140625
0 0.7625 0.503125 0.0140625 0.0125
0 0.703125 0.46875 0.0171875 0.009375
0 0.7171875 0.45859375 0.0171875 0.0125
0 0.71875 0.4375 0.0203125 0.015625
0 0.69453125 0.4375 0.01875 0.015625
0 0.67890625 0.45234375 0.021875 0.015625
0 0.67109375 0.4375 0.015625 0.01875
0 0.79453125 0.459375 0.0125 0.0125
0 0.803125 0.53203125 0.0125 0.0109375
0 0.7796875 0.52421875 0.025 0.015625
0 0.79765625 0.49765625 0.015625 0.01875
0 0.77734375 0.47578125 0.028125 0.0171875
0 0.8140625 0.46875 0.01875 0.0140625
0 0.390625 0.27890625 0.0234375 0.021875
0 0.40703125 0.26640625 0.021875 0.0234375
0 0.4421875 0.2359375 0.021875 0.01875