0 0.5375 0.24375 0.0265625 0.021875
0 0.528125 0.22109375 0.0265625 0.0203125
0 0.5046875 0.24140625 0.0265625 0.0234375
0 0.67734375 0.20859375 0.01875 0.015625
0 0.7265625 0.22578125 0.0328125 0.0296875
0 0.7265625 0.20546875 0.0234375 0.0203125
0 0.81953125 0.17421875 0.025 0.0203125
0 0.82578125 0.1890625 0.0234375 0.021875
0 0.83984375 0.24453125 0.0265625 0.0265625
0 0.81953125 0.2453125 0.0234375 0.0203125
0 0.78046875 0.18203125 0.01875 0.015625
0 0.70859375 0.25703125 0.025 0.0203125
0 0.69375 0.28203125 0.040625 0.0296875
0 0.31796875 0.54140625 0.0328125 0.025
0 0.34921875 0.53046875 0.021875 0.0171875
0 0.33125 0.5078125 0.0234375 0.0203125
0 0.32421875 0.49453125 0.0296875 0.0203125
0 0.29375 0.509375 0.025 0.01875
0 0.234375 0.53984375 0.0171875 0.015625
0 0.290625 0.4921875 0.0203125 0.0125
0 0.27421875 0.484375 0.0203125 0.015625
0 0.26875 0.4625 0.025 0.0203125
0 0.29453125 0.4578125 0.0234375 0.0203125
0 0.31328125 0.47109375 0.0265625 0.0203125
0 0.31875 0.453125 0.0203125 0.0234375
0 0.1921875 0.49921875 0.015625 0.015625
0 0.196875 0.578125 0.015625 0.0140625
0 0.2203125 0.56484375 0.0296875 0.0203125
0 0.19609375 0.540625 0.0203125 0.0234375
0 0.2140625 0.5140625 0.0328125 0.0234375
0 0.17421875 0.51328125 0.021875 0.01875
0 0.5859375 0.23359375 0.028125 0.028125
0 0.56640625 0.2234375 0.028125 0.028125
0 0.5234375 0.19765625 0.0265625 0.0234375