0 0.40859375 0.75625 0.0265625 0.0234375
0 0.40859375 0.78046875 0.0265625 0.021875
0 0.43828125 0.771875 0.028125 0.025
0 0.26484375 0.73359375 0.0203125 0.0171875
0 0.2265625 0.69921875 0.034375 0.03125
0 0.2171875 0.71796875 0.0234375 0.021875
0 0.11953125 0.71015625 0.025 0.021875
0 0.11875 0.69296875 0.0234375 0.0234375
0 0.12734375 0.63671875 0.028125 0.028125
0 0.14765625 0.64375 0.0234375 0.021875
0 0.15859375 0.71875 0.0203125 0.0171875
0 0.2546875 0.6765625 0.025 0.021875
0 0.278125 0.659375 0.0421875 0.03125
0 0.73125 0.56640625 0.034375 0.0265625
0 0.696875 0.5640625 0.0234375 0.0171875
0 0.70390625 0.5921875 0.0234375 0.021875
0 0.70546875 0.6078125 0.03125 0.0234375
0 0.73984375 0.60625 0.0265625 0.0203125
0 0.80703125 0.60078125 0.01875 0.0171875
0 0.7359375 0.62265625 0.0203125 0.0140625
0 0.7484375 0.63671875 0.021875 0.0171875
0 0.74453125 0.659375 0.025 0.021875
0 0.71953125 0.653125 0.0234375 0.021875
0 0.70625 0.63359375 0.0265625 0.021875
0 0.69453125 0.64765625 0.021875 0.0234375
0 0.83046875 0.6546875 0.015625 0.015625
0 0.8578125 0.58046875 0.015625 0.0140625
0 0.83046875 0.5828125 0.03125 0.0234375
0 0.84296875 0.61484375 0.021875 0.0234375
0 0.81640625 0.6328125 0.034375 0.025
0 0.853125 0.65 0.0234375 0.0203125
0 0.359375 0.746875 0.0296875 0.028125
0 0.37421875 0.7640625 0.028125 0.0296875
0 0.403125 0.8046875 0.028125 0.025