0 0.53515625 0.76015625 0.025 0.021875
0 0.52578125 0.78125 0.025 0.0203125
0 0.503125 0.76171875 0.0265625 0.0234375
0 0.67109375 0.79609375 0.01875 0.015625
0 0.71953125 0.78046875 0.0328125 0.0296875
0 0.71953125 0.80078125 0.021875 0.0203125
0 0.809375 0.8328125 0.0234375 0.0203125
0 0.81640625 0.81796875 0.021875 0.021875
0 0.83125 0.76484375 0.0265625 0.0265625
0 0.81015625 0.76328125 0.021875 0.0203125
0 0.771875 0.825 0.01875 0.015625
0 0.703125 0.74921875 0.0234375 0.0203125
0 0.6890625 0.72578125 0.0390625 0.0296875
0 0.325 0.465625 0.0328125 0.025
0 0.35625 0.47578125 0.021875 0.0171875
0 0.3390625 0.49921875 0.021875 0.0203125
0 0.33125 0.51171875 0.0296875 0.021875
0 0.3015625 0.49609375 0.025 0.01875
0 0.24453125 0.465625 0.0171875 0.015625
0 0.2984375 0.5125 0.0203125 0.0140625
0 0.28203125 0.5203125 0.0203125 0.0171875
0 0.2765625 0.54140625 0.0234375 0.0203125
0 0.3015625 0.546875 0.021875 0.0203125
0 0.3203125 0.534375 0.025 0.0203125
0 0.325 0.5515625 0.0203125 0.021875
0 0.203125 0.5046875 0.015625 0.015625
0 0.20859375 0.42734375 0.015625 0.0140625
0 0.23046875 0.440625 0.0296875 0.021875
0 0.20703125 0.4640625 0.0203125 0.021875
0 0.22421875 0.490625 0.0328125 0.0234375
0 0.184375 0.490625 0.021875 0.01875
0 0.5828125 0.77109375 0.028125 0.0265625
0 0.56328125 0.78046875 0.0265625 0.028125
0 0.52109375 0.8046875 0.0265625 0.0234375