0 0.52890625 0.73046875 0.025 0.0203125
0 0.52109375 0.75234375 0.025 0.01875
0 0.49765625 0.734375 0.025 0.021875
0 0.665625 0.75625 0.0171875 0.015625
0 0.71171875 0.7375 0.0296875 0.028125
0 0.71328125 0.7578125 0.021875 0.01875
0 0.803125 0.78359375 0.0234375 0.01875
0 0.809375 0.76796875 0.021875 0.0203125
0 0.8203125 0.71484375 0.025 0.025
0 0.79921875 0.71484375 0.021875 0.01875
0 0.765625 0.778125 0.0171875 0.015625
0 0.69296875 0.70859375 0.0234375 0.01875
0 0.678125 0.68671875 0.0375 0.0265625
0 0.303125 0.45546875 0.03125 0.0234375
0 0.334375 0.4640625 0.0203125 0.015625
0 0.31875 0.4875 0.021875 0.01875
0 0.3125 0.50078125 0.028125 0.01875
0 0.28203125 0.48828125 0.025 0.0171875
0 0.2234375 0.46171875 0.015625 0.015625
0 0.2796875 0.50390625 0.01875 0.0109375
0 0.26484375 0.5125 0.01875 0.015625
0 0.26015625 0.534375 0.0234375 0.01875
0 0.28515625 0.5375 0.021875 0.01875
0 0.30234375 0.5234375 0.025 0.01875
0 0.309375 0.540625 0.01875 0.021875
0 0.1859375 0.50234375 0.0140625 0.0140625
0 0.18515625 0.4265625 0.0140625 0.0125
0 0.20859375 0.4375 0.028125 0.01875
0 0.18671875 0.4625 0.01875 0.021875
0 0.2046875 0.4875 0.03125 0.021875
0 0.16640625 0.48984375 0.021875 0.0171875
0 0.5765625 0.7375 0.0265625 0.025
0 0.55859375 0.7484375 0.025 0.0265625
0 0.51796875 0.775 0.025 0.021875