0 0.6796875 0.57265625 0.0421875 0.0421875
0 0.3765625 0.784375 0.0296875 0.034375
0 0.440625 0.81640625 0.0328125 0.021875
0 0.240625 0.77890625 0.0484375 0.0453125
0 0.2765625 0.71796875 0.0640625 0.05
0 0.13671875 0.80546875 0.040625 0.03125
0 0.12109375 0.7390625 0.025 0.0390625
0 0.15234375 0.73359375 0.03125 0.040625
0 0.803125 0.528125 0.0625 0.0671875
0 0.675 0.49609375 0.0296875 0.0203125
0 0.6609375 0.5390625 0.040625 0.025
0 0.784375 0.4796875 0.0328125 0.0265625
0 0.4609375 0.77890625 0.0203125 0.03125
0 0.42578125 0.77109375 0.01875 0.0359375
0 0.71953125 0.55234375 0.0421875 0.0625