0 0.45859375 0.25078125 0.0234375 0.01875
0 0.46484375 0.228125 0.0234375 0.0171875
0 0.48984375 0.24453125 0.0234375 0.0203125
0 0.31875 0.23359375 0.0171875 0.0140625
0 0.2734375 0.25546875 0.0296875 0.025
0 0.26953125 0.2359375 0.0203125 0.0171875
0 0.1765625 0.21640625 0.021875 0.0171875
0 0.17109375 0.2328125 0.0203125 0.01875
0 0.16484375 0.28671875 0.0234375 0.0234375
0 0.18515625 0.2859375 0.0203125 0.0171875
0 0.21484375 0.21875 0.0171875 0.0140625
0 0.29375 0.284375 0.021875 0.0171875
0 0.3109375 0.30625 0.0375 0.025
0 0.70625 0.51328125 0.03125 0.0203125
0 0.67421875 0.50703125 0.0203125 0.0140625
0 0.6890625 0.48203125 0.0203125 0.0171875
0 0.69453125 0.46796875 0.028125 0.0171875
0 0.72578125 0.47890625 0.0234375 0.015625
0 0.78671875 0.5015625 0.015625 0.0140625
0 0.7265625 0.4625 0.01875 0.0109375
0 0.7421875 0.45234375 0.01875 0.0140625
0 0.74453125 0.43046875 0.021875 0.0171875
0 0.71953125 0.4296875 0.0203125 0.0171875
0 0.70234375 0.44375 0.0234375 0.0171875
0 0.69453125 0.428125 0.0171875 0.0203125
0 0.82265625 0.4578125 0.0140625 0.0140625
0 0.828125 0.534375 0.0140625 0.0125
0 0.80390625 0.525 0.028125 0.0171875
0 0.82421875 0.4984375 0.0171875 0.0203125
0 0.80390625 0.4734375 0.03125 0.01875
0 0.84296875 0.46875 0.0203125 0.015625
0 0.41015625 0.246875 0.025 0.0234375
0 0.428125 0.234375 0.0234375 0.025
0 0.46640625 0.20390625 0.0234375 0.0203125