0 0.54453125 0.2828125 0.025 0.0203125
0 0.5359375 0.26015625 0.025 0.01875
0 0.5125 0.278125 0.025 0.0234375
0 0.684375 0.25546875 0.0171875 0.015625
0 0.73203125 0.275 0.03125 0.028125
0 0.73359375 0.2546875 0.021875 0.01875
0 0.8265625 0.228125 0.0234375 0.01875
0 0.83203125 0.24453125 0.021875 0.0203125
0 0.84375 0.2984375 0.0265625 0.0265625
0 0.82265625 0.29921875 0.021875 0.01875
0 0.7875 0.234375 0.0171875 0.015625
0 0.71328125 0.3046875 0.0234375 0.01875
0 0.696875 0.32890625 0.0390625 0.028125
0 0.3109375 0.565625 0.03125 0.0234375
0 0.34375 0.55703125 0.021875 0.015625
0 0.32734375 0.5328125 0.021875 0.01875
0 0.3203125 0.51953125 0.028125 0.01875
0 0.28984375 0.5328125 0.025 0.0171875
0 0.2296875 0.56015625 0.015625 0.015625
0 0.2875 0.515625 0.01875 0.0125
0 0.271875 0.50703125 0.01875 0.015625
0 0.2671875 0.48515625 0.0234375 0.01875
0 0.29296875 0.48203125 0.021875 0.01875
0 0.31171875 0.4953125 0.025 0.01875
0 0.3171875 0.47890625 0.01875 0.021875
0 0.18984375 0.51796875 0.0140625 0.0140625
0 0.190625 0.5953125 0.0140625 0.0125
0 0.2140625 0.584375 0.028125 0.01875
0 0.19140625 0.559375 0.01875 0.021875
0 0.21015625 0.5328125 0.03125 0.021875
0 0.17109375 0.53046875 0.021875 0.0171875
0 0.59296875 0.275 0.028125 0.0265625
0 0.57421875 0.2640625 0.0265625 0.028125
0 0.5328125 0.2359375 0.025 0.0234375