0 0.28671875 0.47734375 0.04375 0.04375
0 0.57109375 0.2578125 0.0296875 0.034375
0 0.50625 0.22890625 0.0328125 0.0234375
0 0.70234375 0.25546875 0.05 0.046875
0 0.67109375 0.31640625 0.0640625 0.0515625
0 0.8015625 0.22421875 0.040625 0.0328125
0 0.8203125 0.28828125 0.0265625 0.040625
0 0.790625 0.2953125 0.0328125 0.040625
0 0.16953125 0.52734375 0.0625 0.0671875
0 0.2953125 0.5515625 0.0296875 0.021875
0 0.3078125 0.509375 0.040625 0.025
0 0.190625 0.5734375 0.0328125 0.028125
0 0.48984375 0.26640625 0.021875 0.03125
0 0.5234375 0.271875 0.01875 0.0359375
0 0.24921875 0.49921875 0.04375 0.0625