0 0.50390625 0.27734375 0.0265625 0.0234375
0 0.51484375 0.25625 0.0265625 0.021875
0 0.53515625 0.27734375 0.0265625 0.025
0 0.3734375 0.23203125 0.01875 0.015625
0 0.32578125 0.24453125 0.0328125 0.03125
0 0.3265625 0.22421875 0.0234375 0.0203125
0 0.240625 0.1875 0.025 0.021875
0 0.2328125 0.2015625 0.0234375 0.021875
0 0.215625 0.25234375 0.028125 0.028125
0 0.2359375 0.25546875 0.0234375 0.0203125
0 0.2765625 0.19765625 0.01875 0.015625
0 0.3390625 0.27578125 0.025 0.021875
0 0.3515625 0.3 0.0390625 0.03125
0 0.6890625 0.5796875 0.0328125 0.0265625
0 0.659375 0.5671875 0.021875 0.0171875
0 0.678125 0.54609375 0.0234375 0.0203125
0 0.68671875 0.53359375 0.0296875 0.021875
0 0.7140625 0.55078125 0.025 0.0203125
0 0.76875 0.58515625 0.0171875 0.015625
0 0.71875 0.53515625 0.0203125 0.0140625
0 0.73515625 0.52890625 0.0203125 0.0171875
0 0.74296875 0.50859375 0.025 0.021875
0 0.71875 0.50234375 0.0234375 0.0203125
0 0.6984375 0.5125 0.0265625 0.021875
0 0.6953125 0.49609375 0.0203125 0.0234375
0 0.81171875 0.55 0.015625 0.015625
0 0.8015625 0.625 0.015625 0.0140625
0 0.78046875 0.6109375 0.0296875 0.021875
0 0.8046875 0.5890625 0.0203125 0.0234375
0 0.790625 0.56171875 0.0328125 0.025
0 0.82890625 0.56484375 0.0234375 0.01875
0 0.45859375 0.26328125 0.0296875 0.028125
0 0.478125 0.25546875 0.028125 0.0296875
0 0.52109375 0.234375 0.0265625 0.025