0 0.5421875 0.27734375 0.0234375 0.01875
0 0.534375 0.25546875 0.0234375 0.0171875
0 0.5125 0.271875 0.0234375 0.0203125
0 0.67578125 0.253125 0.0171875 0.0140625
0 0.72109375 0.27265625 0.028125 0.0265625
0 0.72265625 0.25234375 0.0203125 0.0171875
0 0.81171875 0.22890625 0.021875 0.0171875
0 0.8171875 0.24453125 0.0203125 0.01875
0 0.82734375 0.296875 0.0234375 0.0234375
0 0.80703125 0.296875 0.0203125 0.0171875
0 0.775 0.23359375 0.0171875 0.0140625
0 0.703125 0.3 0.021875 0.0171875
0 0.6875 0.32265625 0.0375 0.025
0 0.315625 0.5421875 0.0296875 0.021875
0 0.346875 0.534375 0.0203125 0.0140625
0 0.33125 0.51171875 0.0203125 0.0171875
0 0.32578125 0.4984375 0.0265625 0.01875
0 0.29609375 0.51015625 0.0234375 0.015625
0 0.23828125 0.53515625 0.015625 0.0140625
0 0.29453125 0.49453125 0.01875 0.0109375
0 0.2796875 0.48515625 0.01875 0.0140625
0 0.275 0.46484375 0.021875 0.0171875
0 0.3 0.4625 0.0203125 0.0171875
0 0.31640625 0.475 0.0234375 0.0171875
0 0.32265625 0.459375 0.0171875 0.0203125
0 0.20078125 0.49453125 0.0140625 0.0140625
0 0.2 0.56953125 0.0140625 0.0125
0 0.22265625 0.55859375 0.0265625 0.01875
0 0.2015625 0.53359375 0.0171875 0.0203125
0 0.2203125 0.509375 0.0296875 0.0203125
0 0.1828125 0.50703125 0.0203125 0.015625
0 0.5890625 0.26953125 0.025 0.0234375
0 0.57109375 0.259375 0.0234375 0.025
0 0.53203125 0.2328125 0.0234375 0.0203125