0 0.43671875 0.71953125 0.021875 0.0171875
0 0.4421875 0.74140625 0.021875 0.015625
0 0.46640625 0.72734375 0.021875 0.01875
0 0.303125 0.72890625 0.015625 0.0125
0 0.2609375 0.70546875 0.0265625 0.0234375
0 0.25703125 0.72421875 0.01875 0.015625
0 0.1671875 0.73828125 0.0203125 0.015625
0 0.16328125 0.72265625 0.01875 0.0171875
0 0.159375 0.6703125 0.021875 0.021875
0 0.17890625 0.67265625 0.01875 0.015625
0 0.20390625 0.7375 0.015625 0.0125
0 0.28203125 0.6796875 0.0203125 0.015625
0 0.29921875 0.659375 0.034375 0.021875
0 0.68671875 0.48203125 0.028125 0.01875
0 0.65546875 0.48671875 0.01875 0.0125
0 0.66796875 0.5109375 0.01875 0.015625
0 0.67265625 0.52421875 0.025 0.015625
0 0.703125 0.515625 0.021875 0.0140625
0 0.7625 0.496875 0.0140625 0.0125
0 0.703125 0.53125 0.0171875 0.009375
0 0.7171875 0.54140625 0.0171875 0.0125
0 0.71875 0.5625 0.0203125 0.015625
0 0.69453125 0.5625 0.01875 0.015625
0 0.67890625 0.54765625 0.021875 0.015625
0 0.67109375 0.5625 0.015625 0.01875
0 0.79453125 0.540625 0.0125 0.0125
0 0.803125 0.46796875 0.0125 0.0109375
0 0.7796875 0.47578125 0.025 0.015625
0 0.79765625 0.50234375 0.015625 0.01875
0 0.77734375 0.52421875 0.028125 0.0171875
0 0.8140625 0.53125 0.01875 0.0140625
0 0.390625 0.72109375 0.0234375 0.021875
0 0.40703125 0.73359375 0.021875 0.0234375
0 0.4421875 0.7640625 0.021875 0.01875