0 0.3671875 0.2953125 0.0265625 0.021875
0 0.3671875 0.271875 0.025 0.0203125
0 0.39453125 0.28046875 0.0265625 0.0234375
0 0.22890625 0.3171875 0.01875 0.0171875
0 0.1921875 0.35078125 0.0328125 0.0296875
0 0.18359375 0.3328125 0.0234375 0.0203125
0 0.08984375 0.3390625 0.025 0.0203125
0 0.0890625 0.35625 0.0234375 0.021875
0 0.09765625 0.409375 0.0265625 0.0265625
0 0.11640625 0.40234375 0.0234375 0.0203125
0 0.1265625 0.33125 0.01875 0.0171875
0 0.21953125 0.371875 0.025 0.0203125
0 0.24140625 0.38828125 0.040625 0.0296875
0 0.675 0.47734375 0.0328125 0.025
0 0.64296875 0.4796875 0.021875 0.0171875
0 0.65 0.4515625 0.0234375 0.0203125
0 0.6515625 0.4375 0.028125 0.021875
0 0.68359375 0.4390625 0.025 0.0203125
0 0.7484375 0.44453125 0.0171875 0.015625
0 0.68046875 0.4234375 0.0203125 0.0125
0 0.6921875 0.41015625 0.0203125 0.0171875
0 0.6890625 0.38828125 0.025 0.0203125
0 0.66484375 0.39375 0.0234375 0.0203125
0 0.65234375 0.4125 0.025 0.0203125
0 0.64140625 0.39921875 0.0203125 0.0234375
0 0.77109375 0.3921875 0.015625 0.015625
0 0.79609375 0.4640625 0.015625 0.0140625
0 0.77109375 0.46171875 0.028125 0.021875
0 0.7828125 0.43046875 0.0203125 0.0234375
0 0.75703125 0.41328125 0.0328125 0.0234375
0 0.79296875 0.396875 0.021875 0.01875
0 0.3203125 0.30390625 0.028125 0.028125
0 0.33359375 0.2875 0.028125 0.028125
0 0.36171875 0.24921875 0.0265625 0.0234375