0 0.50703125 0.71875 0.025 0.01875
0 0.5390625 0.6953125 0.01875 0.021875
0 0.3953125 0.68203125 0.021875 0.015625
0 0.33203125 0.67109375 0.03125 0.025
0 0.3359375 0.6265625 0.021875 0.021875
0 0.5671875 0.62109375 0.01875 0.01875
0 0.58046875 0.6625 0.025 0.021875
0 0.66953125 0.6421875 0.021875 0.01875
0 0.71953125 0.6359375 0.021875 0.021875
0 0.659375 0.6015625 0.021875 0.021875
0 0.5125 0.59375 0.025 0.021875
0 0.53828125 0.5734375 0.021875 0.015625
0 0.58671875 0.63671875 0.01875 0.01875
0 0.47109375 0.63203125 0.021875 0.021875
0 0.4625 0.6546875 0.025 0.021875
0 0.453125 0.6734375 0.01875 0.015625
0 0.4265625 0.65 0.01875 0.015625
0 0.3671875 0.58359375 0.01875 0.01875
0 0.33828125 0.61015625 0.01875 0.0125
0 0.35625 0.52890625 0.015625 0.01875
0 0.4171875 0.55546875 0.021875 0.01875
0 0.525 0.5328125 0.01875 0.0125
0 0.328125 0.509375 0.021875 0.025
0 0.6078125 0.7 0.025 0.021875