0 0.53203125 0.28359375 0.0296875 0.025
0 0.49375 0.3 0.025 0.0265625
0 0.6359375 0.346875 0.0265625 0.021875
0 0.696875 0.37265625 0.0390625 0.0328125
0 0.6828125 0.4171875 0.028125 0.0265625
0 0.4484375 0.36796875 0.021875 0.0234375
0 0.4453125 0.3234375 0.03125 0.028125
0 0.35078125 0.32265625 0.028125 0.025
0 0.29921875 0.31796875 0.0265625 0.028125
0 0.3515625 0.3671875 0.028125 0.0265625
0 0.496875 0.4078125 0.0296875 0.028125
0 0.46640625 0.4234375 0.025 0.0203125
0 0.4328125 0.3484375 0.025 0.025
0 0.5484375 0.3796875 0.028125 0.0265625
0 0.56171875 0.359375 0.0296875 0.0265625
0 0.57578125 0.3421875 0.0203125 0.01875
0 0.596875 0.371875 0.0234375 0.0203125
0 0.64140625 0.45234375 0.025 0.025
0 0.6765625 0.4328125 0.0203125 0.0171875
0 0.640625 0.51015625 0.0203125 0.021875
0 0.58515625 0.46875 0.028125 0.025
0 0.47109375 0.46640625 0.0234375 0.0171875
0 0.6640625 0.5359375 0.028125 0.0296875
0 0.4265625 0.2796875 0.03125 0.028125