0 0.4796875 0.2859375 0.028125 0.0203125
0 0.44765625 0.31171875 0.0203125 0.021875
0 0.5953125 0.3171875 0.0234375 0.0171875
0 0.6609375 0.325 0.034375 0.028125
0 0.659375 0.37109375 0.0234375 0.021875
0 0.4234375 0.38828125 0.01875 0.0203125
0 0.40859375 0.34765625 0.028125 0.0234375
0 0.31875 0.37265625 0.0234375 0.0203125
0 0.26796875 0.38125 0.021875 0.0234375
0 0.33125 0.41328125 0.0234375 0.021875
0 0.48046875 0.41328125 0.025 0.0234375
0 0.45625 0.4359375 0.021875 0.0171875
0 0.403125 0.3734375 0.0203125 0.0203125
0 0.52109375 0.371875 0.0234375 0.021875
0 0.52890625 0.34921875 0.025 0.021875
0 0.5375 0.32890625 0.01875 0.015625
0 0.56484375 0.35078125 0.0203125 0.0171875
0 0.6296875 0.415625 0.0203125 0.0203125
0 0.6578125 0.3875 0.01875 0.0140625
0 0.64375 0.47109375 0.0171875 0.01875
0 0.58046875 0.44765625 0.0234375 0.0203125
0 0.47109375 0.47578125 0.0203125 0.0140625
0 0.6734375 0.4890625 0.0234375 0.025
0 0.378125 0.31015625 0.028125 0.0234375