0 0.51640625 0.284375 0.025 0.01875
0 0.5484375 0.30703125 0.01875 0.0203125
0 0.40625 0.3203125 0.021875 0.015625
0 0.34375 0.33125 0.03125 0.025
0 0.34765625 0.37578125 0.021875 0.0203125
0 0.5765625 0.38046875 0.0171875 0.01875
0 0.5890625 0.33984375 0.025 0.021875
0 0.67734375 0.359375 0.021875 0.01875
0 0.7265625 0.365625 0.0203125 0.021875
0 0.66640625 0.4 0.021875 0.0203125
0 0.521875 0.40703125 0.0234375 0.021875
0 0.54765625 0.428125 0.0203125 0.015625
0 0.5953125 0.36484375 0.01875 0.01875
0 0.48125 0.36953125 0.021875 0.0203125
0 0.471875 0.34765625 0.0234375 0.0203125
0 0.46328125 0.32890625 0.0171875 0.0140625
0 0.4375 0.3515625 0.01875 0.015625
0 0.37890625 0.4171875 0.01875 0.01875
0 0.35 0.39140625 0.0171875 0.0125
0 0.3671875 0.47109375 0.015625 0.0171875
0 0.428125 0.4453125 0.021875 0.01875
0 0.534375 0.4671875 0.01875 0.0125
0 0.33984375 0.490625 0.021875 0.0234375
0 0.615625 0.30234375 0.025 0.021875