0 0.471875 0.7125 0.0265625 0.021875
0 0.44140625 0.68671875 0.0203125 0.021875
0 0.58515625 0.68359375 0.0234375 0.0171875
0 0.6484375 0.678125 0.034375 0.028125
0 0.64765625 0.6328125 0.0234375 0.021875
0 0.41875 0.61171875 0.01875 0.0203125
0 0.403125 0.6515625 0.0265625 0.025
0 0.315625 0.62578125 0.0234375 0.0203125
0 0.2671875 0.61640625 0.021875 0.0234375
0 0.32890625 0.5859375 0.0234375 0.021875
0 0.47421875 0.5890625 0.025 0.025
0 0.45078125 0.56640625 0.021875 0.0171875
0 0.39765625 0.62578125 0.0203125 0.0203125
0 0.51328125 0.6296875 0.0234375 0.021875
0 0.52109375 0.6515625 0.025 0.0234375
0 0.528125 0.671875 0.01875 0.015625
0 0.55625 0.65 0.0203125 0.0171875
0 0.61953125 0.58828125 0.0203125 0.0203125
0 0.64609375 0.61640625 0.01875 0.0140625
0 0.634375 0.53515625 0.0171875 0.01875
0 0.571875 0.55703125 0.0234375 0.0203125
0 0.46640625 0.52734375 0.0203125 0.0140625
0 0.6640625 0.51796875 0.025 0.025
0 0.3734375 0.68671875 0.0265625 0.025