0 0.56484375 0.696875 0.0296875 0.025
0 0.59296875 0.66640625 0.025 0.025
0 0.44296875 0.68359375 0.0265625 0.0203125
0 0.37578125 0.68671875 0.0390625 0.0328125
0 0.3703125 0.640625 0.028125 0.0265625
0 0.60546875 0.584375 0.021875 0.0234375
0 0.628125 0.6234375 0.03125 0.028125
0 0.7140625 0.58359375 0.0265625 0.025
0 0.76328125 0.5671875 0.0265625 0.028125
0 0.69453125 0.54375 0.028125 0.0265625
0 0.54453125 0.56875 0.0296875 0.028125
0 0.565625 0.5421875 0.025 0.0203125
0 0.628125 0.596875 0.0234375 0.0234375
0 0.509375 0.61640625 0.028125 0.0265625
0 0.50546875 0.64140625 0.0296875 0.0265625
0 0.5 0.6625 0.021875 0.01875
0 0.46875 0.64453125 0.0234375 0.0203125
0 0.39296875 0.58984375 0.0234375 0.0234375
0 0.36875 0.62265625 0.021875 0.0171875
0 0.36953125 0.53671875 0.0203125 0.021875
0 0.43828125 0.55 0.0265625 0.025
0 0.54296875 0.50390625 0.021875 0.0171875
0 0.33671875 0.52265625 0.028125 0.0296875
0 0.66328125 0.65625 0.03125 0.028125