0 0.44375 0.290625 0.028125 0.021875
0 0.415625 0.31796875 0.021875 0.0234375
0 0.55859375 0.30859375 0.0234375 0.01875
0 0.621875 0.31015625 0.0359375 0.03125
0 0.625 0.3546875 0.025 0.0234375
0 0.39921875 0.39453125 0.0203125 0.021875
0 0.38046875 0.35703125 0.028125 0.025
0 0.296875 0.38984375 0.025 0.021875
0 0.24921875 0.40390625 0.0234375 0.025
0 0.3140625 0.428125 0.025 0.0234375
0 0.45703125 0.4125 0.0265625 0.025
0 0.43515625 0.4375 0.021875 0.01875
0 0.37890625 0.38203125 0.021875 0.021875
0 0.4921875 0.36953125 0.025 0.0234375
0 0.496875 0.34609375 0.0265625 0.0234375
0 0.503125 0.3265625 0.01875 0.0171875
0 0.53203125 0.34453125 0.0203125 0.01875
0 0.60078125 0.4 0.021875 0.021875
0 0.625 0.3703125 0.01875 0.015625
0 0.6203125 0.4515625 0.01875 0.01875
0 0.55625 0.4359375 0.025 0.021875
0 0.4546875 0.47421875 0.0203125 0.015625
0 0.65078125 0.46640625 0.025 0.0265625
0 0.3484375 0.32421875 0.028125 0.025