0 0.48125 0.2765625 0.028125 0.021875
0 0.45078125 0.303125 0.021875 0.0234375
0 0.59921875 0.30390625 0.025 0.01875
0 0.66484375 0.309375 0.034375 0.0296875
0 0.66484375 0.35546875 0.025 0.0234375
0 0.428125 0.38125 0.0203125 0.0203125
0 0.41171875 0.340625 0.028125 0.025
0 0.32265625 0.36875 0.025 0.021875
0 0.271875 0.38046875 0.0234375 0.025
0 0.3359375 0.41015625 0.025 0.0234375
0 0.48671875 0.40390625 0.0265625 0.025
0 0.4625 0.428125 0.021875 0.01875
0 0.4078125 0.3671875 0.021875 0.021875
0 0.5265625 0.36171875 0.025 0.0234375
0 0.5328125 0.33828125 0.0265625 0.0234375
0 0.540625 0.31796875 0.01875 0.015625
0 0.56953125 0.3390625 0.0203125 0.01875
0 0.63671875 0.4015625 0.021875 0.021875
0 0.6640625 0.371875 0.01875 0.0140625
0 0.653125 0.45703125 0.0171875 0.01875
0 0.5875 0.43515625 0.025 0.021875
0 0.4796875 0.46796875 0.0203125 0.015625
0 0.68359375 0.4734375 0.025 0.0265625
0 0.38046875 0.30390625 0.028125 0.025