0 0.56640625 0.7265625 0.0296875 0.025
0 0.59453125 0.696875 0.0234375 0.025
0 0.4453125 0.70859375 0.0265625 0.0203125
0 0.37890625 0.709375 0.0375 0.03125
0 0.37578125 0.66328125 0.0265625 0.025
0 0.61015625 0.61640625 0.021875 0.0234375
0 0.63046875 0.65546875 0.0296875 0.028125
0 0.71796875 0.61953125 0.0265625 0.0234375
0 0.7671875 0.60390625 0.025 0.0265625
0 0.7 0.5796875 0.0265625 0.025
0 0.54921875 0.5984375 0.028125 0.028125
0 0.57109375 0.57265625 0.025 0.0203125
0 0.63203125 0.628125 0.0234375 0.0234375
0 0.51328125 0.64453125 0.0265625 0.025
0 0.50859375 0.66875 0.028125 0.0265625
0 0.503125 0.68984375 0.0203125 0.0171875
0 0.471875 0.67109375 0.0234375 0.0203125
0 0.39921875 0.6140625 0.0234375 0.0234375
0 0.375 0.64609375 0.0203125 0.015625
0 0.378125 0.56015625 0.01875 0.0203125
0 0.4453125 0.5765625 0.0265625 0.0234375
0 0.55078125 0.53359375 0.021875 0.0171875
0 0.34609375 0.5453125 0.028125 0.028125
0 0.66484375 0.6890625 0.0296875 0.028125