0 0.44765625 0.25703125 0.028125 0.021875
0 0.41484375 0.28359375 0.021875 0.0234375
0 0.56640625 0.28984375 0.025 0.01875
0 0.634375 0.29765625 0.034375 0.0296875
0 0.63203125 0.3453125 0.025 0.0234375
0 0.38984375 0.3625 0.0203125 0.021875
0 0.37421875 0.3203125 0.028125 0.025
0 0.28125 0.34609375 0.025 0.021875
0 0.2296875 0.35625 0.0234375 0.025
0 0.29453125 0.3890625 0.025 0.0234375
0 0.4484375 0.38828125 0.0265625 0.025
0 0.42265625 0.41171875 0.0234375 0.01875
0 0.36875 0.3484375 0.021875 0.021875
0 0.490625 0.34609375 0.025 0.0234375
0 0.4984375 0.32265625 0.0265625 0.0234375
0 0.50703125 0.3015625 0.01875 0.015625
0 0.53515625 0.32421875 0.021875 0.01875
0 0.6015625 0.39140625 0.021875 0.021875
0 0.63046875 0.36171875 0.01875 0.0140625
0 0.61640625 0.4484375 0.01875 0.0203125
0 0.55078125 0.4234375 0.025 0.021875
0 0.4390625 0.453125 0.0203125 0.0140625
0 0.646875 0.4671875 0.025 0.0265625
0 0.34296875 0.28203125 0.028125 0.025