0 0.50390625 0.7125 0.0265625 0.021875
0 0.4703125 0.69296875 0.0203125 0.021875
0 0.609375 0.665625 0.0234375 0.0171875
0 0.6703125 0.6484375 0.034375 0.028125
0 0.66171875 0.6046875 0.0234375 0.021875
0 0.43515625 0.62421875 0.01875 0.0203125
0 0.42734375 0.665625 0.0265625 0.025
0 0.3375 0.6546875 0.0234375 0.0203125
0 0.2875 0.65390625 0.021875 0.0234375
0 0.34296875 0.6140625 0.0234375 0.021875
0 0.4859375 0.59140625 0.025 0.0234375
0 0.45859375 0.5734375 0.021875 0.0171875
0 0.4171875 0.640625 0.0203125 0.0203125
0 0.53046875 0.62421875 0.0234375 0.021875
0 0.54140625 0.6453125 0.025 0.021875
0 0.55234375 0.66328125 0.01875 0.015625
0 0.57578125 0.6375 0.0203125 0.0171875
0 0.62734375 0.565625 0.0203125 0.0203125
0 0.6578125 0.58984375 0.01875 0.0140625
0 0.63203125 0.5109375 0.0171875 0.01875
0 0.575 0.54375 0.0234375 0.0203125
0 0.4671875 0.5328125 0.0203125 0.0140625
0 0.65859375 0.48984375 0.0234375 0.025
0 0.40390625 0.7046875 0.0265625 0.025