0 0.471875 0.70859375 0.028125 0.021875
0 0.43671875 0.68671875 0.021875 0.0234375
0 0.58515625 0.6640625 0.025 0.0171875
0 0.65 0.65 0.034375 0.028125
0 0.64375 0.60390625 0.025 0.0234375
0 0.40390625 0.6109375 0.01875 0.021875
0 0.39296875 0.65390625 0.028125 0.025
0 0.29921875 0.63828125 0.025 0.021875
0 0.24765625 0.634375 0.0234375 0.025
0 0.3078125 0.5953125 0.025 0.0234375
0 0.45859375 0.5796875 0.0265625 0.025
0 0.43125 0.559375 0.0234375 0.0171875
0 0.384375 0.628125 0.021875 0.021875
0 0.5046875 0.61640625 0.025 0.0234375
0 0.51484375 0.6390625 0.0265625 0.0234375
0 0.525 0.659375 0.01875 0.015625
0 0.5515625 0.63359375 0.021875 0.0171875
0 0.60859375 0.5609375 0.021875 0.021875
0 0.640625 0.5875 0.01875 0.0140625
0 0.6171875 0.50390625 0.0171875 0.01875
0 0.55546875 0.534375 0.025 0.021875
0 0.44296875 0.5171875 0.0203125 0.0140625
0 0.64609375 0.48203125 0.025 0.0265625
0 0.3671875 0.69453125 0.028125 0.025