0 0.48203125 0.2890625 0.025 0.01875
0 0.45078125 0.31171875 0.01875 0.0203125
0 0.590625 0.325 0.021875 0.015625
0 0.65234375 0.33515625 0.03125 0.025
0 0.6484375 0.37890625 0.021875 0.0203125
0 0.4234375 0.38359375 0.0171875 0.01875
0 0.4109375 0.34375 0.025 0.021875
0 0.32421875 0.36328125 0.021875 0.01875
0 0.27578125 0.36953125 0.0203125 0.021875
0 0.334375 0.403125 0.021875 0.0203125
0 0.4765625 0.41015625 0.0234375 0.021875
0 0.4515625 0.43046875 0.0203125 0.015625
0 0.4046875 0.36875 0.01875 0.01875
0 0.5171875 0.3734375 0.021875 0.0203125
0 0.52578125 0.3515625 0.0234375 0.0203125
0 0.534375 0.3328125 0.0171875 0.0140625
0 0.56015625 0.35546875 0.01875 0.015625
0 0.61796875 0.4203125 0.01875 0.01875
0 0.64609375 0.39453125 0.0171875 0.0125
0 0.62890625 0.4734375 0.015625 0.0171875
0 0.56953125 0.44765625 0.021875 0.01875
0 0.46484375 0.46953125 0.01875 0.0125
0 0.65625 0.4921875 0.021875 0.0234375
0 0.384375 0.30703125 0.025 0.021875