0 0.4703125 0.2625 0.0265625 0.0203125
0 0.43828125 0.2859375 0.0203125 0.021875
0 0.5828125 0.3015625 0.0234375 0.0171875
0 0.646875 0.31328125 0.0328125 0.0265625
0 0.6421875 0.35859375 0.0234375 0.021875
0 0.4078125 0.359375 0.01875 0.0203125
0 0.39609375 0.31796875 0.0265625 0.0234375
0 0.30625 0.33671875 0.0234375 0.0203125
0 0.2546875 0.3421875 0.021875 0.0234375
0 0.315625 0.378125 0.0234375 0.021875
0 0.4625 0.38828125 0.025 0.0234375
0 0.43671875 0.409375 0.021875 0.0171875
0 0.3890625 0.34375 0.0203125 0.0203125
0 0.50546875 0.35078125 0.0234375 0.021875
0 0.515625 0.328125 0.025 0.021875
0 0.52421875 0.309375 0.01875 0.015625
0 0.55078125 0.3328125 0.0203125 0.0171875
0 0.609375 0.40078125 0.0203125 0.0203125
0 0.63984375 0.375 0.01875 0.0140625
0 0.6203125 0.45703125 0.0171875 0.01875
0 0.559375 0.42890625 0.0234375 0.0203125
0 0.45 0.45 0.0203125 0.0140625
0 0.6484375 0.4765625 0.0234375 0.025
0 0.36953125 0.2796875 0.0265625 0.0234375