0 0.5109375 0.28671875 0.0265625 0.01875
0 0.54375 0.3109375 0.01875 0.021875
0 0.396875 0.32421875 0.021875 0.015625
0 0.33203125 0.33515625 0.0328125 0.0265625
0 0.3359375 0.38125 0.021875 0.021875
0 0.571875 0.3859375 0.01875 0.01875
0 0.58515625 0.34453125 0.0265625 0.021875
0 0.6765625 0.36484375 0.021875 0.01875
0 0.72734375 0.37109375 0.021875 0.021875
0 0.665625 0.40625 0.021875 0.021875
0 0.51640625 0.4140625 0.025 0.021875
0 0.54296875 0.43515625 0.021875 0.015625
0 0.5921875 0.3703125 0.01875 0.01875
0 0.4734375 0.37578125 0.021875 0.021875
0 0.46484375 0.35234375 0.025 0.021875
0 0.45546875 0.3328125 0.01875 0.015625
0 0.42890625 0.35625 0.01875 0.015625
0 0.36796875 0.42421875 0.01875 0.01875
0 0.33828125 0.39765625 0.01875 0.0125
0 0.35625 0.48046875 0.015625 0.01875
0 0.41875 0.453125 0.021875 0.01875
0 0.52890625 0.4765625 0.01875 0.0125
0 0.328125 0.5 0.021875 0.025
0 0.61328125 0.30546875 0.0265625 0.021875