0 0.7375 0.478125 0.0171875 0.021875
0 0.70625 0.51796875 0.0171875 0.0171875
0 0.69296875 0.4984375 0.0203125 0.0203125
0 0.6640625 0.53515625 0.0171875 0.0265625
0 0.62421875 0.515625 0.0203125 0.0203125
0 0.61953125 0.54296875 0.015625 0.0203125
0 0.58515625 0.54921875 0.015625 0.0203125
0 0.60078125 0.5703125 0.0171875 0.015625
0 0.63125 0.5703125 0.021875 0.021875
0 0.69296875 0.5359375 0.0203125 0.0234375
0 0.76953125 0.44453125 0.0234375 0.0203125
0 0.71484375 0.3140625 0.0234375 0.0203125