0 0.553125 0.3671875 0.0546875 0.0421875
0 0.5984375 0.415625 0.04375 0.03125
0 0.5265625 0.4609375 0.046875 0.034375
0 0.56484375 0.48359375 0.040625 0.0296875
0 0.61796875 0.50703125 0.04375 0.034375
0 0.721875 0.4859375 0.0359375 0.0265625
0 0.7265625 0.5734375 0.0359375 0.028125
0 0.6359375 0.65625 0.0640625 0.0421875
0 0.50078125 0.6671875 0.05 0.0359375
0 0.55625 0.55859375 0.0359375 0.028125
0 0.671875 0.7171875 0.040625 0.034375
0 0.38515625 0.76171875 0.0421875 0.025
0 0.296875 0.8578125 0.04375 0.0359375
0 0.29140625 0.87890625 0.03125 0.0265625
0 0.30859375 0.90078125 0.03125 0.028125
0 0.396875 0.88046875 0.0375 0.025
0 0.390625 0.83359375 0.0390625 0.0328125
0 0.52421875 0.8 0.05625 0.0375
0 0.61875 0.72890625 0.0328125 0.0265625
0 0.66015625 0.77890625 0.034375 0.0265625
0 0.73515625 0.74765625 0.0375 0.0265625
0 0.784375 0.76640625 0.0421875 0.034375
0 0.7328125 0.78984375 0.04375 0.028125
0 0.70234375 0.815625 0.0328125 0.0265625
0 0.70859375 0.83828125 0.028125 0.021875
0 0.75 0.8484375 0.0359375 0.0234375
0 0.840625 0.8453125 0.0375 0.025
0 0.85859375 0.81796875 0.0375 0.0265625
0 0.74375 0.671875 0.0375 0.025