0 0.60234375 0.38125 0.0515625 0.0359375
0 0.63203125 0.44296875 0.0421875 0.025
0 0.54765625 0.465625 0.04375 0.028125
0 0.57890625 0.49921875 0.0390625 0.0234375
0 0.62421875 0.5375 0.040625 0.028125
0 0.73203125 0.5484375 0.034375 0.021875
0 0.71015625 0.634375 0.034375 0.0234375
0 0.5953125 0.68984375 0.0625 0.0328125
0 0.46015625 0.66015625 0.046875 0.0296875
0 0.54765625 0.56953125 0.034375 0.0234375
0 0.6140625 0.76015625 0.0375 0.0296875
0 0.31875 0.71796875 0.0421875 0.01875
0 0.203125 0.7859375 0.040625 0.0296875
0 0.19140625 0.8046875 0.0296875 0.021875
0 0.2015625 0.83125 0.0296875 0.0234375
0 0.29453125 0.83828125 0.0359375 0.0203125
0 0.30234375 0.78984375 0.0359375 0.028125
0 0.44375 0.79765625 0.053125 0.0296875
0 0.5578125 0.75546875 0.03125 0.0203125
0 0.584375 0.8171875 0.0328125 0.021875
0 0.66640625 0.809375 0.0359375 0.021875
0 0.709375 0.84296875 0.0390625 0.028125
0 0.6515625 0.85078125 0.0421875 0.021875
0 0.6140625 0.86640625 0.03125 0.0203125
0 0.61328125 0.88984375 0.028125 0.0171875
0 0.6515625 0.9125 0.0359375 0.01875
0 0.740625 0.9359375 0.0359375 0.0203125
0 0.76640625 0.915625 0.0359375 0.021875
0 0.6984375 0.73828125 0.0359375 0.0203125