0 0.56171875 0.6359375 0.053125 0.0390625
0 0.6015625 0.58046875 0.0421875 0.028125
0 0.525 0.54296875 0.0453125 0.03125
0 0.5609375 0.51640625 0.0390625 0.0265625
0 0.61171875 0.48828125 0.0421875 0.03125
0 0.71796875 0.4984375 0.034375 0.0234375
0 0.71328125 0.4109375 0.034375 0.025
0 0.6125 0.33671875 0.0625 0.0375
0 0.4765625 0.33984375 0.0484375 0.03125
0 0.54453125 0.44296875 0.034375 0.025
0 0.64296875 0.271875 0.0390625 0.03125
0 0.35078125 0.25703125 0.0421875 0.021875
0 0.25390625 0.1703125 0.0421875 0.0328125
0 0.2453125 0.15 0.0296875 0.025
0 0.26015625 0.12734375 0.0296875 0.0265625
0 0.35078125 0.1375 0.0359375 0.021875
0 0.34921875 0.18515625 0.0375 0.0296875
0 0.4859375 0.2046875 0.0546875 0.0328125
0 0.5890625 0.265625 0.03125 0.0234375
0 0.62578125 0.21171875 0.0328125 0.0234375
0 0.703125 0.23515625 0.0359375 0.0234375
0 0.75078125 0.21015625 0.040625 0.03125
0 0.69609375 0.1921875 0.0421875 0.025
0 0.66328125 0.16953125 0.03125 0.0234375
0 0.6671875 0.146875 0.028125 0.0203125
0 0.70859375 0.1328125 0.0359375 0.0203125
0 0.7984375 0.1265625 0.0359375 0.021875
0 0.81953125 0.1515625 0.0359375 0.0234375
0 0.72109375 0.309375 0.0359375 0.021875