0 0.5625 0.375 0.0515625 0.0390625
0 0.60390625 0.4265625 0.0421875 0.028125
0 0.53046875 0.465625 0.04375 0.03125
0 0.56640625 0.48984375 0.0390625 0.0265625
0 0.61640625 0.515625 0.040625 0.03125
0 0.71953125 0.50234375 0.034375 0.0234375
0 0.71796875 0.5875 0.034375 0.025
0 0.6234375 0.66328125 0.0625 0.0375
0 0.490625 0.6640625 0.046875 0.0328125
0 0.553125 0.56171875 0.034375 0.025
0 0.6546875 0.725 0.0390625 0.0328125
0 0.371875 0.7484375 0.040625 0.021875
0 0.27890625 0.83671875 0.0421875 0.0328125
0 0.27265625 0.85625 0.0296875 0.025
0 0.2875 0.87890625 0.0296875 0.0265625
0 0.375 0.865625 0.0359375 0.021875
0 0.371875 0.81953125 0.0359375 0.0296875
0 0.5046875 0.79609375 0.053125 0.0328125
0 0.60234375 0.7328125 0.03125 0.0234375
0 0.63984375 0.78359375 0.0328125 0.0234375
0 0.7140625 0.759375 0.0359375 0.0234375
0 0.7609375 0.78046875 0.0390625 0.03125
0 0.709375 0.8 0.0421875 0.025
0 0.67734375 0.8234375 0.03125 0.0234375
0 0.68203125 0.8453125 0.0265625 0.0203125
0 0.72265625 0.8578125 0.034375 0.0203125
0 0.81015625 0.8609375 0.0359375 0.021875
0 0.8296875 0.8359375 0.0359375 0.0234375
0 0.72890625 0.6859375 0.0359375 0.021875