0 0.61875 0.61171875 0.053125 0.0390625
0 0.64296875 0.54765625 0.04375 0.028125
0 0.55703125 0.53203125 0.0453125 0.03125
0 0.58515625 0.49609375 0.040625 0.0265625
0 0.62578125 0.45390625 0.0421875 0.03125
0 0.7328125 0.434375 0.0359375 0.0234375
0 0.70390625 0.35 0.0359375 0.025
0 0.58515625 0.30546875 0.0640625 0.0375
0 0.45390625 0.346875 0.05 0.03125
0 0.5484375 0.428125 0.0359375 0.025
0 0.596875 0.23359375 0.0390625 0.0328125
0 0.3078125 0.30234375 0.0421875 0.021875
0 0.18828125 0.24375 0.0421875 0.0328125
0 0.17421875 0.2265625 0.03125 0.025
0 0.1828125 0.2 0.03125 0.0265625
0 0.2734375 0.184375 0.0359375 0.021875
0 0.28515625 0.23125 0.0375 0.0296875
0 0.425 0.21171875 0.0546875 0.0328125
0 0.5421875 0.24296875 0.0328125 0.0234375
0 0.56328125 0.18046875 0.034375 0.0234375
0 0.6453125 0.18046875 0.0375 0.0234375
0 0.68515625 0.14453125 0.040625 0.03125
0 0.62734375 0.14140625 0.0421875 0.025
0 0.58828125 0.12890625 0.0328125 0.0234375
0 0.5859375 0.10546875 0.028125 0.0203125
0 0.621875 0.0796875 0.0359375 0.0203125
0 0.7078125 0.0484375 0.0359375 0.021875
0 0.73515625 0.0671875 0.0375 0.0234375
0 0.68359375 0.24921875 0.0359375 0.021875