0 0.42109375 0.62265625 0.053125 0.0390625
0 0.38046875 0.5671875 0.04375 0.028125
0 0.45859375 0.5296875 0.0453125 0.03125
0 0.421875 0.503125 0.040625 0.0265625
0 0.37109375 0.47421875 0.0421875 0.03125
0 0.26328125 0.484375 0.0359375 0.0234375
0 0.26796875 0.3953125 0.0359375 0.025
0 0.36953125 0.32109375 0.0640625 0.0375
0 0.50625 0.325 0.0484375 0.03125
0 0.43828125 0.428125 0.0359375 0.025
0 0.33828125 0.25546875 0.0390625 0.0328125
0 0.63359375 0.24140625 0.0421875 0.021875
0 0.73203125 0.153125 0.0421875 0.0328125
0 0.740625 0.1328125 0.0296875 0.025
0 0.725 0.109375 0.0296875 0.0265625
0 0.634375 0.11953125 0.0359375 0.021875
0 0.6359375 0.16796875 0.0375 0.0296875
0 0.496875 0.1875 0.0546875 0.0328125
0 0.39375 0.24921875 0.03125 0.0234375
0 0.35625 0.1953125 0.0328125 0.0234375
0 0.278125 0.21796875 0.0375 0.0234375
0 0.2296875 0.19375 0.040625 0.03125
0 0.284375 0.175 0.0421875 0.025
0 0.31875 0.15234375 0.03125 0.0234375
0 0.31484375 0.12890625 0.028125 0.0203125
0 0.2734375 0.11484375 0.0359375 0.0203125
0 0.18125 0.10859375 0.0359375 0.021875
0 0.16015625 0.13359375 0.0375 0.0234375
0 0.26015625 0.29375 0.0359375 0.021875