0 0.61640625 0.4078125 0.0546875 0.0421875
0 0.63671875 0.475 0.0453125 0.03125
0 0.54921875 0.484375 0.046875 0.034375
0 0.57421875 0.521875 0.0421875 0.028125
0 0.6125 0.56796875 0.04375 0.034375
0 0.71953125 0.5953125 0.0359375 0.0265625
0 0.684375 0.678125 0.0359375 0.028125
0 0.56171875 0.7140625 0.065625 0.0421875
0 0.43203125 0.66328125 0.05 0.0359375
0 0.5328125 0.5875 0.0359375 0.028125
0 0.56796875 0.7875 0.040625 0.034375
0 0.28125 0.6984375 0.04375 0.025
0 0.15625 0.7484375 0.0453125 0.0359375
0 0.14140625 0.765625 0.03125 0.0265625
0 0.14765625 0.7921875 0.0328125 0.028125
0 0.23828125 0.81484375 0.0375 0.025
0 0.25390625 0.76796875 0.0390625 0.0328125
0 0.39296875 0.79765625 0.0578125 0.0375
0 0.51328125 0.77421875 0.0328125 0.025
0 0.53046875 0.83984375 0.034375 0.025
0 0.6125 0.84375 0.0375 0.0265625
0 0.65 0.884375 0.0421875 0.034375
0 0.5921875 0.8828125 0.0453125 0.028125
0 0.5515625 0.89296875 0.0328125 0.025
0 0.546875 0.91640625 0.0296875 0.021875
0 0.58203125 0.94453125 0.0375 0.0234375
0 0.66640625 0.9828125 0.0375 0.025
0 0.69609375 0.965625 0.0375 0.0265625
0 0.65546875 0.778125 0.0375 0.025