0 0.37578125 0.37734375 0.05625 0.0453125
0 0.359375 0.4453125 0.046875 0.0328125
0 0.4484375 0.45078125 0.0484375 0.0375
0 0.42421875 0.490625 0.0421875 0.03125
0 0.38828125 0.5390625 0.046875 0.0359375
0 0.28125 0.57265625 0.0375 0.028125
0 0.32109375 0.6546875 0.0375 0.0296875
0 0.44765625 0.68515625 0.0671875 0.0453125
0 0.57734375 0.62578125 0.0515625 0.0375
0 0.4703125 0.5546875 0.0375 0.0296875
0 0.4453125 0.76015625 0.0421875 0.0375
0 0.73125 0.65390625 0.0453125 0.0265625
0 0.8609375 0.69765625 0.046875 0.0390625
0 0.8765625 0.7140625 0.0328125 0.028125
0 0.87265625 0.7421875 0.034375 0.0296875
0 0.78125 0.76875 0.0390625 0.0265625
0 0.7625 0.7234375 0.040625 0.034375
0 0.62421875 0.76015625 0.059375 0.0390625
0 0.5 0.74375 0.034375 0.028125
0 0.48671875 0.81015625 0.0359375 0.028125
0 0.403125 0.81953125 0.0390625 0.028125
0 0.36640625 0.8625 0.04375 0.0359375
0 0.4265625 0.8578125 0.0453125 0.03125
0 0.46796875 0.865625 0.034375 0.028125
0 0.4734375 0.8890625 0.0296875 0.0234375
0 0.4390625 0.91953125 0.0375 0.025
0 0.35546875 0.9625 0.0390625 0.0265625
0 0.32578125 0.946875 0.0390625 0.028125
0 0.35546875 0.7546875 0.0390625 0.0265625