0 0.58359375 0.6125 0.046875 0.03125
0 0.61484375 0.5546875 0.0390625 0.021875
0 0.5359375 0.52890625 0.040625 0.025
0 0.5671875 0.4984375 0.0359375 0.0203125
0 0.61171875 0.4640625 0.0375 0.025
0 0.715625 0.459375 0.03125 0.01875
0 0.69921875 0.37578125 0.03125 0.0203125
0 0.59296875 0.31796875 0.0578125 0.028125
0 0.4625 0.33984375 0.04375 0.025
0 0.54140625 0.4296875 0.03125 0.0203125
0 0.61328125 0.2515625 0.034375 0.0265625
0 0.33046875 0.27734375 0.0390625 0.015625
0 0.22421875 0.20703125 0.0375 0.0265625
0 0.2140625 0.18828125 0.0265625 0.0203125
0 0.225 0.1640625 0.0265625 0.021875
0 0.31328125 0.16171875 0.0328125 0.0171875
0 0.31875 0.2078125 0.0328125 0.025
0 0.453125 0.2078125 0.05 0.025
0 0.56015625 0.253125 0.028125 0.01875
0 0.58828125 0.19609375 0.0296875 0.01875
0 0.665625 0.2078125 0.0328125 0.01875
0 0.70859375 0.178125 0.0359375 0.025
0 0.65390625 0.16796875 0.0390625 0.01875
0 0.61875 0.15078125 0.028125 0.01875
0 0.61953125 0.128125 0.025 0.015625
0 0.65703125 0.10859375 0.0328125 0.015625
0 0.74296875 0.090625 0.0328125 0.0171875
0 0.76640625 0.11171875 0.0328125 0.01875
0 0.69296875 0.27734375 0.0328125 0.0171875