0 0.4203125 0.6125 0.05 0.0359375
0 0.3921875 0.55078125 0.0421875 0.025
0 0.475 0.5296875 0.04375 0.028125
0 0.4453125 0.49609375 0.0375 0.0234375
0 0.4015625 0.4578125 0.040625 0.028125
0 0.2953125 0.4453125 0.0328125 0.021875
0 0.31796875 0.36015625 0.0328125 0.0234375
0 0.43203125 0.30859375 0.0609375 0.0328125
0 0.5640625 0.33984375 0.046875 0.028125
0 0.4765625 0.42734375 0.0328125 0.0234375
0 0.415625 0.2390625 0.0375 0.0296875
0 0.70546875 0.2859375 0.0421875 0.01875
0 0.81953125 0.22109375 0.040625 0.0296875
0 0.83125 0.20234375 0.028125 0.0234375
0 0.821875 0.1765625 0.028125 0.025
0 0.73046875 0.16796875 0.034375 0.0203125
0 0.721875 0.21484375 0.0359375 0.028125
0 0.584375 0.20546875 0.053125 0.0296875
0 0.4703125 0.24453125 0.0296875 0.021875
0 0.4453125 0.18359375 0.03125 0.021875
0 0.36484375 0.18984375 0.034375 0.021875
0 0.32265625 0.15625 0.0390625 0.028125
0 0.3796875 0.14921875 0.0421875 0.021875
0 0.4171875 0.134375 0.0296875 0.021875
0 0.41796875 0.1109375 0.0265625 0.01875
0 0.38046875 0.08828125 0.034375 0.01875
0 0.29375 0.06328125 0.034375 0.0203125
0 0.26796875 0.08359375 0.034375 0.021875
0 0.33203125 0.259375 0.034375 0.0203125