0 0.4234375 0.62265625 0.05 0.034375
0 0.38828125 0.565625 0.040625 0.025
0 0.46796875 0.534375 0.04375 0.028125
0 0.434375 0.5046875 0.0375 0.0234375
0 0.38671875 0.47265625 0.0390625 0.028125
0 0.2796875 0.4734375 0.0328125 0.021875
0 0.2921875 0.38671875 0.0328125 0.0234375
0 0.3984375 0.3203125 0.0609375 0.03125
0 0.53359375 0.3359375 0.046875 0.028125
0 0.45703125 0.43359375 0.0328125 0.0234375
0 0.3734375 0.25390625 0.0359375 0.0296875
0 0.665625 0.265625 0.040625 0.01875
0 0.77109375 0.18671875 0.0390625 0.0296875
0 0.78046875 0.16796875 0.028125 0.021875
0 0.76796875 0.14296875 0.028125 0.0234375
0 0.67734375 0.14609375 0.034375 0.0203125
0 0.67421875 0.19296875 0.034375 0.028125
0 0.5359375 0.2 0.053125 0.028125
0 0.428125 0.25234375 0.0296875 0.0203125
0 0.39609375 0.1953125 0.03125 0.021875
0 0.3171875 0.21171875 0.034375 0.021875
0 0.27109375 0.18359375 0.0375 0.028125
0 0.32734375 0.1703125 0.040625 0.021875
0 0.3625 0.15078125 0.0296875 0.0203125
0 0.3609375 0.12734375 0.0265625 0.0171875
0 0.32109375 0.109375 0.034375 0.01875
0 0.23125 0.0953125 0.034375 0.0203125
0 0.20859375 0.11875 0.034375 0.021875
0 0.29296875 0.284375 0.034375 0.0203125