4 0.20942996875 0.61996949375 0.2038494640625 0.498387221875 0.0635007765625 0.46236099687500004 0.0867061875 0.5918260328125 0.20942996875 0.61996949375
4 0.24055159062499998 0.49400070156250003 0.24154702499999997 0.37734062968750004 0.110539434375 0.335916884375 0.12313349062500001 0.4656987984375 0.24055159062499998 0.49400070156250003
4 0.3036776625 0.386088025 0.30384045625 0.26762475625 0.182344340625 0.2398102453125 0.1959530890625 0.34616266875 0.3036776625 0.386088025
4 0.5851149046875 0.312970271875 0.59368929375 0.22204235468750003 0.4856974796875 0.197846309375 0.470984771875 0.28712947031249997 0.5851149046875 0.312970271875
4 0.551762596875 0.4178001625 0.5754213781249999 0.324593728125 0.448224565625 0.2984119015625 0.43728003437499996 0.3981852953125 0.551762596875 0.4178001625
4 0.5043715109375 0.5504702078125 0.5359733484375 0.432530546875 0.39974526875 0.40076861875 0.3861633640625 0.5251167984375 0.5043715109375 0.5504702078125
4 0.486444353125 0.691035090625 0.5176937625 0.5793213640625 0.36554865 0.5480347562500001 0.3571872328125 0.6627211171875 0.486444353125 0.691035090625
4 0.7638111671875001 0.7558747546875 0.8290827343749999 0.6595976046875001 0.683695603125 0.60800050625 0.6344688578125 0.7180574015625 0.7638111671875001 0.7558747546875
4 0.7629283453125 0.6118498453125001 0.8110126171875001 0.510967371875 0.682417759375 0.465449840625 0.638934309375 0.5786257421875 0.7629283453125 0.6118498453125001
4 0.7965904859374999 0.49604233124999997 0.8559483765625 0.3776394234375 0.7157274734375 0.35586826562499996 0.6774645109375 0.459382346875 0.7965904859374999 0.49604233124999997
4 1 0.41149766249999997 0.9811274843750001 0.40644078749999996 0.924054540625 0.5064948453125 1 0.52684436875 1 0.41149766249999997
4 1 0.5443756734375 0.9696484796875 0.5376728046875 0.9668407234374999 0.5432408359374999 0.9043769140625001 0.6339499562500001 0.9762870250000001 0.654324275 1 0.5658262515625 1 0.5443756734375
4 0.9122732906250001 0.7861745078125 0.9397692531249999 0.790610453125 0.957165834375 0.72568553125 0.9122732906250001 0.7861745078125
4 0.052944675 0.2365815359375 0.1278352546875 0.2615466921875 0.11765392968749999 0.127670990625 0.084507009375 0.11878930000000001 0.052944675 0.2365815359375