4 0.0976190484375 0.5657142859375 0.15 0.6771428578124999 0.26785714375 0.6728571421875 0.23333333281250002 0.5642857140624999 0.0976190484375 0.5657142859375
4 0.10952380937499999 0.44000000000000006 0.1523809515625 0.5542857140625 0.265476190625 0.551428571875 0.23809523906250002 0.44571428593749995 0.10952380937499999 0.44000000000000006
4 0.1511904765625 0.3357142859375 0.18928571562500002 0.428571428125 0.296428571875 0.43857142812500005 0.26785714375 0.33142857187499997 0.1511904765625 0.3357142859375
4 0.415476190625 0.2242857140625 0.4238095234375 0.308571428125 0.5333333328125 0.3042857140625 0.5190476187499999 0.22000000000000003 0.415476190625 0.2242857140625
4 0.40595238125 0.3242857140625 0.4202380953125 0.4171428578125 0.528571428125 0.40714285781250004 0.5273809515625001 0.3171428578125 0.40595238125 0.3242857140625
4 0.3869047609375 0.428571428125 0.4047619046875 0.5442857140624999 0.5178571437499999 0.538571428125 0.5178571437499999 0.42428571406250004 0.3869047609375 0.428571428125
4 0.3916666671875 0.5700000000000001 0.41190476093750006 0.6757142859374999 0.535714284375 0.67 0.5369047609375001 0.561428571875 0.3916666671875 0.5700000000000001
4 0.69404761875 0.5471428578124999 0.6761904765625 0.6585714281249999 0.8023809515625 0.6614285718749999 0.8380952390624999 0.5585714281249999 0.69404761875 0.5471428578124999
4 0.6583333328125 0.41857142812500003 0.646428571875 0.531428571875 0.7666666671875 0.531428571875 0.785714284375 0.428571428125 0.6583333328125 0.41857142812500003
4 0.6619047609375001 0.311428571875 0.6523809515625001 0.4142857140625 0.7690476187499999 0.41857142812500003 0.79404761875 0.2971428578125 0.6619047609375001 0.311428571875
4 0.914285715625 0.29285714218750003 0.8869047609375 0.39714285781249997 0.9833333328125 0.39714285781249997 0.9988095234375001 0.29285714218750003 0.914285715625 0.29285714218750003
4 1 0.411428571875 0.9357142843749999 0.4142857140625 0.934523809375 0.42000000000000004 0.9 0.5171428578125 1 0.518571428125 1 0.411428571875
4 0.9867362703125 0.54501213125 0.94404761875 0.6528571421875 1 0.6471428578125 0.9867362703125 0.54501213125
4 0.065476190625 0.25 0.0047619046875000005 0.25 0.0119047609375 0.3628571421875 0.10714285625 0.368571428125 0.065476190625 0.25