4 0.2019359609375 0.22969176875000002 0.12471701875 0.331450525 0.26221022656250004 0.3621906359375 0.32068120312500004 0.25947693125 0.2019359609375 0.22969176875000002
4 0.1778561875 0.3548658234375 0.10969129375 0.46157913281249996 0.2414723453125 0.48352995156249995 0.292074403125 0.382173709375 0.1778561875 0.3548658234375
4 0.1882149203125 0.4903900671875 0.1295067875 0.5763880578125 0.24704324375 0.6059162859375 0.29916219375 0.5033674453125 0.1882149203125 0.4903900671875
4 0.40046414218750004 0.662767346875 0.37382425 0.7464914874999999 0.47806408749999996 0.7731934328125 0.5107478984375 0.6907539640625 0.40046414218750004 0.662767346875
4 0.42025404687499995 0.5518317234375 0.3857215859375 0.642968415625 0.5074769578125 0.67642345625 0.528096584375 0.58535955625 0.42025404687499995 0.5518317234375
4 0.431961528125 0.419482775 0.388872978125 0.5330412531250001 0.5209148359375 0.5656526984375 0.545563525 0.449689734375 0.431961528125 0.419482775
4 0.467560221875 0.287666975 0.424210865625 0.3905648234375 0.5698337984374999 0.4306081 0.59204126875 0.32018635 0.467560221875 0.287666975
4 0.732212853125 0.3621009609375 0.7263121328125 0.479018871875 0.87503980625 0.4985116953125 0.8609601187499999 0.38643698125000003 0.732212853125 0.3621009609375
4 0.6745715999999999 0.4846863859375 0.662318853125 0.6017691609375 0.7938154468749999 0.6191144328125 0.7966587328125 0.51063680625 0.6745715999999999 0.4846863859375
4 0.655350609375 0.6048330984375 0.6428370578125 0.7112552437499999 0.7739309390625 0.7542703828125 0.7747357171875 0.625664103125 0.655350609375 0.6048330984375
4 0.9707721484375 0.6900583453125 0.8897836546875 0.672843709375 0.895093746875 0.7845694171875001 0.9482802203125 0.7958745515625 0.9707721484375 0.6900583453125
4 0.9741727546875 0.6740597515625 0.996858678125 0.5673308765625 0.928961396875 0.55390888125 0.9430647328124999 0.6599285125 0.94304108125 0.6659835953125001 0.9741727546875 0.6740597515625
4 0 0.63976219375 0.023987859375 0.6448609703125 0.091868296875 0.5335421171875 0 0.5196996109375001 0 0.63976219375