1 0.57421875 0.2015625 0.15859375 0.05078125
1 0.915625 0.11796875 0.06015625 0.021875
1 0.8859375 0.16796875 0.11796875 0.01953125
1 0.8921875 0.3609375 0.084375 0.02890625
1 0.9078125 0.42890625 0.08203125 0.02421875
1 0.896875 0.4578125 0.10078125 0.0140625
1 0.88203125 0.5375 0.11796875 0.05078125
1 0.91328125 0.603125 0.0625 0.0484375
1 0.56953125 0.68046875 0.16328125 0.04296875
1 0.55078125 0.62109375 0.18515625 0.03125
1 0.4828125 0.57109375 0.1921875 0.02890625
1 0.56640625 0.43515625 0.2015625 0.0890625
1 0.4515625 0.31015625 0.09140625 0.0265625
1 0.46640625 0.78984375 0.13203125 0.03125