1 0.4609375 0.18359375 0.1734375 0.08125
1 0.1203125 0.03359375 0.065625 0.0328125
1 0.14296875 0.0921875 0.1265625 0.0421875
1 0.1015625 0.290625 0.09375 0.0453125
1 0.07265625 0.35859375 0.0890625 0.0390625
1 0.078125 0.390625 0.1078125 0.0328125
1 0.07890625 0.47578125 0.13125 0.0734375
1 0.03515625 0.53828125 0.0703125 0.0609375
1 0.37734375 0.68203125 0.178125 0.075
1 0.40859375 0.62421875 0.1984375 0.065625
1 0.4875 0.584375 0.2046875 0.065625
1 0.4265625 0.42734375 0.2265625 0.1296875
1 0.56796875 0.31875 0.1 0.04375
1 0.46484375 0.8140625 0.14375 0.05625