1 0.65390625 0.23671875 0.1703125 0.0890625
1 0.990625 0.23671875 0.01875 0.0359375
1 0.95546875 0.28046875 0.0890625 0.0484375
1 0.93125 0.47265625 0.090625 0.05
1 0.92890625 0.5453125 0.0875 0.04375
1 0.91171875 0.57109375 0.103125 0.0390625
1 0.87734375 0.64609375 0.1296875 0.0796875
1 0.8921875 0.71953125 0.0734375 0.0625
1 0.53125 0.7109375 0.1734375 0.084375
1 0.5265625 0.64765625 0.1921875 0.0765625
1 0.47265625 0.58125 0.1984375 0.0765625
1 0.58828125 0.46640625 0.2234375 0.1390625
1 0.50625 0.3140625 0.096875 0.0484375
1 0.40078125 0.79375 0.1390625 0.0640625