0 0.54765625 0.00546875 0.0265625 0.009375
0 0.5875 0.0125 0.0265625 0.015625
0 0.61328125 0.0234375 0.0390625 0.03125
0 0.6109375 0.06171875 0.0203125 0.03125
0 0.56171875 0.03828125 0.0359375 0.03125
0 0.53984375 0.11328125 0.0234375 0.028125
0 0.5390625 0.14453125 0.025 0.028125
0 0.48203125 0.13359375 0.03125 0.025
0 0.46796875 0.19609375 0.0296875 0.0296875
0 0.459375 0.2625 0.0171875 0.015625
0 0.45625 0.3 0.021875 0.025
0 0.5171875 0.28046875 0.0296875 0.0265625
0 0.52734375 0.2109375 0.021875 0.0234375
0 0.58671875 0.16953125 0.021875 0.0359375
0 0.61875 0.18828125 0.025 0.0375
0 0.603125 0.275 0.025 0.028125
0 0.56328125 0.28203125 0.021875 0.028125
0 0.5890625 0.35234375 0.025 0.028125
0 0.546875 0.3734375 0.028125 0.025
0 0.51015625 0.371875 0.03125 0.0234375
0 0.5125 0.33359375 0.025 0.03125
0 0.4359375 0.3625 0.0234375 0.034375
0 0.4375 0.39453125 0.0234375 0.021875
0 0.4328125 0.4375 0.0171875 0.028125
0 0.39453125 0.4359375 0.025 0.028125
0 0.40234375 0.49375 0.0203125 0.0234375
0 0.434375 0.47890625 0.0234375 0.028125
0 0.44375 0.54609375 0.021875 0.025
0 0.46328125 0.51640625 0.0265625 0.025
0 0.48359375 0.48515625 0.021875 0.03125
0 0.49765625 0.50546875 0.021875 0.028125
0 0.51171875 0.5234375 0.025 0.028125
0 0.55 0.51015625 0.025 0.03125
0 0.53515625 0.46640625 0.0203125 0.0265625
0 0.5265625 0.42265625 0.021875 0.021875
0 0.49765625 0.4234375 0.025 0.0296875
0 0.47421875 0.41875 0.0296875 0.0359375
0 0.60703125 0.4203125 0.0234375 0.0296875
0 0.64296875 0.44375 0.025 0.0296875
0 0.6296875 0.3234375 0.025 0.03125
0 0.6640625 0.35546875 0.021875 0.03125
0 0.70625 0.3453125 0.03125 0.0296875
0 0.703125 0.41484375 0.0359375 0.0453125
0 0.72578125 0.24140625 0.0296875 0.0296875
0 0.68046875 0.26015625 0.0359375 0.0359375
0 0.65859375 0.19375 0.0234375 0.028125
0 0.69921875 0.13359375 0.025 0.03125
0 0.73828125 0.1375 0.025 0.03125
0 0.41640625 0.55546875 0.021875 0.021875
0 0.4046875 0.61484375 0.025 0.021875
0 0.3953125 0.66328125 0.01875 0.021875
0 0.390625 0.68828125 0.025 0.025
0 0.3765625 0.7375 0.01875 0.025
0 0.41875 0.6953125 0.025 0.0328125
0 0.4390625 0.7015625 0.01875 0.0234375
0 0.4578125 0.69375 0.015625 0.0234375
0 0.43203125 0.64609375 0.01875 0.025
0 0.43984375 0.62109375 0.025 0.025
0 0.45 0.60234375 0.01875 0.03125
0 0.4546875 0.6359375 0.021875 0.0234375
0 0.47734375 0.625 0.015625 0.0234375
0 0.4828125 0.65078125 0.021875 0.0265625
0 0.496875 0.65234375 0.0171875 0.025
0 0.46171875 0.73046875 0.025 0.03125
0 0.47890625 0.71796875 0.025 0.028125
0 0.44765625 0.7796875 0.0265625 0.025
0 0.50234375 0.5890625 0.021875 0.021875
0 0.515625 0.6 0.021875 0.021875
0 0.53671875 0.59140625 0.021875 0.025