0 0.97578125 0.4203125 0.0328125 0.021875
0 0.9921875 0.471875 0.015625 0.034375
0 0.92265625 0.49375 0.0296875 0.025
0 0.890625 0.49453125 0.0296875 0.0265625
0 0.9015625 0.55390625 0.0265625 0.0328125
0 0.8375 0.5671875 0.0296875 0.0296875
0 0.76875 0.5765625 0.015625 0.01875
0 0.7296875 0.5796875 0.025 0.021875
0 0.75078125 0.51796875 0.028125 0.0296875
0 0.82265625 0.50703125 0.0234375 0.021875
0 0.8640625 0.4453125 0.0375 0.021875
0 0.84609375 0.4125 0.0390625 0.025
0 0.75546875 0.42890625 0.0296875 0.0265625
0 0.74921875 0.46953125 0.0296875 0.0234375
0 0.6765625 0.4421875 0.0296875 0.0265625
0 0.65390625 0.4859375 0.0265625 0.0296875
0 0.65546875 0.52421875 0.025 0.0328125
0 0.6953125 0.521875 0.0328125 0.0265625
0 0.665625 0.60078125 0.0359375 0.0234375
0 0.6328125 0.6 0.021875 0.0234375
0 0.5890625 0.6046875 0.028125 0.0171875
0 0.58984375 0.64375 0.0296875 0.0265625
0 0.53046875 0.63515625 0.0234375 0.0203125
0 0.5453125 0.60234375 0.0296875 0.025
0 0.4765625 0.59296875 0.025 0.021875
0 0.50703125 0.5734375 0.0265625 0.0265625
0 0.5390625 0.5515625 0.0328125 0.0234375
0 0.51796875 0.5375 0.0296875 0.0234375
0 0.5 0.52265625 0.0296875 0.0265625
0 0.51328125 0.48359375 0.0328125 0.0265625
0 0.55859375 0.4984375 0.0265625 0.021875
0 0.60390625 0.5078125 0.021875 0.021875
0 0.60234375 0.5375 0.03125 0.0265625
0 0.6078125 0.56171875 0.0359375 0.03125
0 0.60703125 0.42421875 0.03125 0.025
0 0.5828125 0.3875 0.03125 0.0265625
0 0.70625 0.40234375 0.0328125 0.0265625
0 0.67265625 0.365625 0.0328125 0.0234375
0 0.6828125 0.321875 0.0296875 0.03125
0 0.6125 0.3265625 0.046875 0.0359375
0 0.790625 0.30234375 0.0296875 0.0296875
0 0.77109375 0.3484375 0.0375 0.0375
0 0.83984375 0.371875 0.0296875 0.025
0 0.9015625 0.3296875 0.0328125 0.0265625
0 0.89765625 0.2890625 0.0328125 0.0265625
0 0.4671875 0.6203125 0.021875 0.021875
0 0.40546875 0.63359375 0.021875 0.025
0 0.35546875 0.6421875 0.021875 0.01875
0 0.33046875 0.64765625 0.025 0.025
0 0.27890625 0.66171875 0.025 0.0203125
0 0.32265625 0.61796875 0.034375 0.025
0 0.315625 0.5984375 0.0234375 0.01875
0 0.32421875 0.57890625 0.025 0.015625
0 0.3734375 0.60546875 0.025 0.0203125
0 0.39921875 0.59609375 0.025 0.025
0 0.41796875 0.58671875 0.0328125 0.0203125
0 0.38359375 0.58203125 0.0234375 0.021875
0 0.3953125 0.55703125 0.025 0.015625
0 0.36875 0.553125 0.0265625 0.0234375
0 0.3671875 0.53828125 0.0265625 0.0171875
0 0.2859375 0.57421875 0.0328125 0.0265625
0 0.29921875 0.55625 0.0296875 0.0265625
0 0.2359375 0.5890625 0.0265625 0.0265625
0 0.43203125 0.53203125 0.021875 0.021875
0 0.42109375 0.51953125 0.021875 0.021875
0 0.4296875 0.496875 0.025 0.021875