0 0.5328125 0.02265625 0.0203125 0.03125
0 0.47890625 0.0109375 0.034375 0.021875
0 0.46875 0.08515625 0.0234375 0.028125
0 0.47265625 0.1171875 0.025 0.028125
0 0.41328125 0.11640625 0.03125 0.025
0 0.4109375 0.18125 0.028125 0.028125
0 0.41171875 0.25 0.0171875 0.0140625
0 0.415625 0.28828125 0.021875 0.025
0 0.47265625 0.25859375 0.028125 0.0265625
0 0.471875 0.1859375 0.021875 0.0234375
0 0.52578125 0.1359375 0.0203125 0.0359375
0 0.5609375 0.1484375 0.0234375 0.0375
0 0.55859375 0.23984375 0.025 0.028125
0 0.51953125 0.25234375 0.021875 0.028125
0 0.5578125 0.31953125 0.025 0.028125
0 0.51796875 0.34921875 0.028125 0.025
0 0.48046875 0.353125 0.03125 0.0234375
0 0.4765625 0.3125 0.025 0.03125
0 0.40390625 0.35546875 0.021875 0.034375
0 0.41015625 0.3875 0.0234375 0.021875
0 0.4125 0.43125 0.015625 0.0265625
0 0.37421875 0.4359375 0.025 0.028125
0 0.390625 0.49296875 0.0203125 0.0234375
0 0.42109375 0.47265625 0.0234375 0.028125
0 0.4421875 0.5390625 0.021875 0.025
0 0.45546875 0.50625 0.0265625 0.025
0 0.471875 0.47109375 0.021875 0.03125
0 0.4890625 0.48984375 0.021875 0.028125
0 0.50625 0.50625 0.025 0.028125
0 0.54296875 0.4859375 0.025 0.03125
0 0.5203125 0.44453125 0.0203125 0.0265625
0 0.5046875 0.40078125 0.021875 0.021875
0 0.4765625 0.40703125 0.025 0.0296875
0 0.4515625 0.40625 0.028125 0.034375
0 0.5859375 0.38515625 0.0234375 0.0296875
0 0.6265625 0.403125 0.025 0.0296875
0 0.59296875 0.28359375 0.025 0.03125
0 0.634375 0.31171875 0.021875 0.03125
0 0.675 0.29453125 0.0296875 0.028125
0 0.68203125 0.36484375 0.034375 0.0453125
0 0.67734375 0.18671875 0.028125 0.028125
0 0.63515625 0.21171875 0.0359375 0.0359375
0 0.60234375 0.14921875 0.0234375 0.028125
0 0.63359375 0.08125 0.025 0.03125
0 0.6734375 0.0796875 0.025 0.03125
0 0.41484375 0.553125 0.021875 0.021875
0 0.41328125 0.615625 0.025 0.021875
0 0.4109375 0.665625 0.0171875 0.021875
0 0.41015625 0.690625 0.025 0.025
0 0.40390625 0.74375 0.0171875 0.025
0 0.440625 0.69375 0.0234375 0.0328125
0 0.4609375 0.69765625 0.0171875 0.0234375
0 0.478125 0.6859375 0.0140625 0.0234375
0 0.4453125 0.6421875 0.0171875 0.025
0 0.45 0.615625 0.025 0.025
0 0.45625 0.5953125 0.01875 0.03125
0 0.46640625 0.628125 0.021875 0.0234375
0 0.48828125 0.61328125 0.0140625 0.0234375
0 0.496875 0.63828125 0.021875 0.0265625
0 0.5109375 0.6375 0.015625 0.025
0 0.4890625 0.7234375 0.025 0.03125
0 0.50390625 0.70703125 0.025 0.028125
0 0.48203125 0.775 0.0265625 0.025
0 0.50703125 0.5734375 0.021875 0.021875
0 0.52265625 0.58203125 0.021875 0.021875
0 0.5421875 0.56953125 0.021875 0.025