0 0.02734375 0.45 0.025 0.028125
0 0.03984375 0.41328125 0.0265625 0.0265625
0 0.0171875 0.428125 0.0265625 0.021875
0 0.05390625 0.3875 0.0375 0.0390625
0 0.0921875 0.39140625 0.0296875 0.021875
0 0.06796875 0.4375 0.03125 0.0359375
0 0.13828125 0.4625 0.028125 0.0234375
0 0.16875 0.46484375 0.028125 0.025
0 0.15625 0.51953125 0.0265625 0.03125
0 0.21484375 0.5359375 0.028125 0.028125
0 0.27890625 0.546875 0.0140625 0.0171875
0 0.31484375 0.55234375 0.025 0.021875
0 0.2984375 0.49375 0.0265625 0.028125
0 0.23203125 0.4796875 0.0234375 0.021875
0 0.1953125 0.42109375 0.0359375 0.021875
0 0.2140625 0.390625 0.0375 0.025
0 0.2984375 0.41015625 0.028125 0.025
0 0.30234375 0.44921875 0.028125 0.021875
0 0.371875 0.4265625 0.028125 0.025
0 0.38984375 0.46953125 0.025 0.028125
0 0.38671875 0.50390625 0.025 0.03125
0 0.35 0.5 0.03125 0.0265625
0 0.37421875 0.57578125 0.034375 0.0234375
0 0.4046875 0.57578125 0.021875 0.0234375
0 0.4453125 0.58203125 0.0265625 0.0171875
0 0.4421875 0.61875 0.028125 0.025
0 0.4984375 0.6140625 0.0234375 0.0203125
0 0.4859375 0.5828125 0.028125 0.0234375
0 0.55078125 0.5765625 0.025 0.021875
0 0.52421875 0.5578125 0.025 0.0265625
0 0.49453125 0.5359375 0.03125 0.0234375
0 0.51484375 0.52265625 0.028125 0.021875
0 0.5328125 0.5109375 0.028125 0.025
0 0.521875 0.4734375 0.03125 0.0265625
0 0.4796875 0.4859375 0.0265625 0.0203125
0 0.43671875 0.49140625 0.021875 0.021875
0 0.4359375 0.51875 0.0296875 0.025
0 0.43046875 0.5421875 0.0359375 0.0296875
0 0.4375 0.41328125 0.0296875 0.0234375
0 0.46171875 0.38046875 0.0296875 0.025
0 0.3453125 0.3875 0.03125 0.0265625
0 0.37890625 0.3546875 0.03125 0.0234375
0 0.3703125 0.31328125 0.028125 0.0296875
0 0.4375 0.32109375 0.0453125 0.0359375
0 0.271875 0.28984375 0.028125 0.028125
0 0.2875 0.334375 0.0359375 0.0359375
0 0.221875 0.35234375 0.028125 0.0234375
0 0.16640625 0.31015625 0.03125 0.0265625
0 0.171875 0.27265625 0.03125 0.0265625
0 0.55859375 0.603125 0.021875 0.021875
0 0.615625 0.61875 0.021875 0.025
0 0.6625 0.63046875 0.0203125 0.01875
0 0.68515625 0.6359375 0.025 0.025
0 0.73203125 0.6515625 0.0234375 0.01875
0 0.69296875 0.6078125 0.0328125 0.025
0 0.70078125 0.590625 0.021875 0.01875
0 0.69375 0.571875 0.0234375 0.015625
0 0.64765625 0.59375 0.0234375 0.01875
0 0.62265625 0.584375 0.025 0.025
0 0.60625 0.57421875 0.0296875 0.0203125
0 0.63828125 0.571875 0.0234375 0.021875
0 0.628125 0.54765625 0.0234375 0.015625
0 0.65390625 0.5453125 0.0265625 0.021875
0 0.65625 0.53203125 0.025 0.0171875
0 0.73046875 0.56953125 0.03125 0.0265625
0 0.71875 0.55234375 0.028125 0.025
0 0.7765625 0.5859375 0.025 0.0265625
0 0.59609375 0.5234375 0.021875 0.021875
0 0.60625 0.51171875 0.021875 0.021875
0 0.59921875 0.490625 0.025 0.021875