0 0.41640625 0.025 0.028125 0.025
0 0.45703125 0.028125 0.0265625 0.0265625
0 0.4359375 0.01328125 0.0203125 0.0203125
0 0.4859375 0.03515625 0.0390625 0.0359375
0 0.4921875 0.0765625 0.0203125 0.03125
0 0.4390625 0.06328125 0.034375 0.03125
0 0.43125 0.13984375 0.0234375 0.028125
0 0.43671875 0.1703125 0.025 0.028125
0 0.378125 0.171875 0.03125 0.025
0 0.37734375 0.23515625 0.028125 0.028125
0 0.38125 0.30234375 0.0171875 0.0140625
0 0.3859375 0.33984375 0.021875 0.025
0 0.43984375 0.30859375 0.028125 0.0265625
0 0.4375 0.23828125 0.021875 0.0234375
0 0.48828125 0.18671875 0.0203125 0.0359375
0 0.52265625 0.1984375 0.0234375 0.0375
0 0.52421875 0.28671875 0.025 0.028125
0 0.48671875 0.3015625 0.021875 0.028125
0 0.52578125 0.36484375 0.025 0.028125
0 0.48828125 0.3953125 0.028125 0.025
0 0.45234375 0.40078125 0.03125 0.0234375
0 0.446875 0.3609375 0.025 0.03125
0 0.37734375 0.40546875 0.021875 0.034375
0 0.38359375 0.43671875 0.0234375 0.021875
0 0.3875 0.478125 0.0171875 0.028125
0 0.35078125 0.48515625 0.025 0.028125
0 0.36953125 0.540625 0.0203125 0.021875
0 0.3984375 0.51953125 0.0234375 0.028125
0 0.4203125 0.58359375 0.021875 0.025
0 0.4328125 0.5515625 0.0265625 0.025
0 0.44765625 0.51640625 0.021875 0.03125
0 0.465625 0.53359375 0.021875 0.028125
0 0.48203125 0.5484375 0.025 0.028125
0 0.5171875 0.528125 0.025 0.03125
0 0.49453125 0.48828125 0.0203125 0.025
0 0.47734375 0.446875 0.021875 0.021875
0 0.45 0.453125 0.025 0.0296875
0 0.425 0.453125 0.0296875 0.034375
0 0.55625 0.428125 0.0234375 0.0296875
0 0.5953125 0.44453125 0.025 0.0296875
0 0.55859375 0.3296875 0.025 0.03125
0 0.6 0.3546875 0.021875 0.03125
0 0.6390625 0.33671875 0.0296875 0.0296875
0 0.6484375 0.4046875 0.034375 0.0453125
0 0.6390625 0.23125 0.028125 0.028125
0 0.59765625 0.2578125 0.0359375 0.0359375
0 0.5625 0.196875 0.0234375 0.028125
0 0.59140625 0.1296875 0.025 0.03125
0 0.63125 0.1265625 0.025 0.03125
0 0.39453125 0.59765625 0.021875 0.021875
0 0.39453125 0.659375 0.025 0.021875
0 0.3953125 0.70859375 0.01875 0.0203125
0 0.39375 0.7328125 0.025 0.025
0 0.390625 0.784375 0.01875 0.0234375
0 0.42421875 0.73515625 0.0234375 0.0328125
0 0.44375 0.7375 0.01875 0.021875
0 0.46171875 0.725 0.015625 0.0234375
0 0.42734375 0.684375 0.01875 0.0234375
0 0.43046875 0.6578125 0.025 0.025
0 0.4359375 0.63828125 0.01875 0.03125
0 0.44765625 0.6703125 0.021875 0.0234375
0 0.46796875 0.65390625 0.015625 0.0234375
0 0.478125 0.67890625 0.021875 0.0265625
0 0.4921875 0.678125 0.0171875 0.025
0 0.47265625 0.7609375 0.025 0.03125
0 0.48671875 0.74609375 0.025 0.028125
0 0.46796875 0.81171875 0.0265625 0.025
0 0.4859375 0.61484375 0.021875 0.021875
0 0.5 0.62265625 0.021875 0.021875
0 0.51953125 0.61015625 0.021875 0.025