0 0.52109375 0.0328125 0.025 0.021875
0 0.4828125 0.0390625 0.0234375 0.0234375
0 0.5015625 0.01875 0.01875 0.025
0 0.45625 0.0484375 0.034375 0.03125
0 0.45390625 0.0875 0.0171875 0.028125
0 0.503125 0.0703125 0.03125 0.0265625
0 0.51640625 0.14296875 0.0203125 0.025
0 0.5140625 0.17265625 0.021875 0.025
0 0.56953125 0.16875 0.028125 0.021875
0 0.57578125 0.22890625 0.025 0.025
0 0.57734375 0.29296875 0.015625 0.0125
0 0.5765625 0.32890625 0.01875 0.021875
0 0.521875 0.30390625 0.025 0.0234375
0 0.51875 0.23671875 0.01875 0.0203125
0 0.46640625 0.1921875 0.0171875 0.0328125
0 0.434375 0.20625 0.0203125 0.034375
0 0.440625 0.290625 0.021875 0.025
0 0.47734375 0.30078125 0.01875 0.025
0 0.4453125 0.36484375 0.021875 0.025
0 0.48359375 0.38984375 0.025 0.021875
0 0.51875 0.3921875 0.028125 0.0203125
0 0.5203125 0.3546875 0.021875 0.028125
0 0.58984375 0.390625 0.01875 0.03125
0 0.5859375 0.4203125 0.0203125 0.01875
0 0.5859375 0.4609375 0.0140625 0.025
0 0.621875 0.4640625 0.021875 0.025
0 0.60859375 0.51796875 0.0171875 0.0203125
0 0.5796875 0.50078125 0.0203125 0.025
0 0.5640625 0.56328125 0.01875 0.021875
0 0.54921875 0.53359375 0.0234375 0.021875
0 0.5328125 0.5015625 0.01875 0.028125
0 0.5171875 0.51953125 0.01875 0.025
0 0.50234375 0.53515625 0.021875 0.025
0 0.4671875 0.51875 0.021875 0.028125
0 0.4859375 0.47890625 0.0171875 0.0234375
0 0.4984375 0.43828125 0.01875 0.01875
0 0.525 0.4421875 0.021875 0.0265625
0 0.5484375 0.43984375 0.025 0.03125
0 0.421875 0.42734375 0.0203125 0.0265625
0 0.3859375 0.44609375 0.021875 0.0265625
0 0.4109375 0.33359375 0.021875 0.028125
0 0.37421875 0.3609375 0.01875 0.028125
0 0.33515625 0.346875 0.0265625 0.025
0 0.33203125 0.4125 0.0296875 0.040625
0 0.32734375 0.246875 0.025 0.025
0 0.36796875 0.26875 0.03125 0.03125
0 0.39609375 0.2078125 0.0203125 0.025
0 0.36328125 0.146875 0.021875 0.028125
0 0.32578125 0.146875 0.021875 0.028125
0 0.5890625 0.575 0.01875 0.01875
0 0.59453125 0.6328125 0.021875 0.01875
0 0.5984375 0.6796875 0.015625 0.01875
0 0.60078125 0.703125 0.021875 0.021875
0 0.60859375 0.7515625 0.015625 0.021875
0 0.57265625 0.70703125 0.0203125 0.0296875
0 0.55390625 0.71171875 0.015625 0.0203125
0 0.53671875 0.7015625 0.0125 0.021875
0 0.565625 0.659375 0.015625 0.021875
0 0.56015625 0.634375 0.021875 0.021875
0 0.553125 0.61640625 0.015625 0.028125
0 0.5453125 0.64765625 0.01875 0.0203125
0 0.52421875 0.634375 0.0125 0.021875
0 0.5171875 0.65859375 0.01875 0.0234375
0 0.50390625 0.65859375 0.0140625 0.0234375
0 0.52890625 0.73671875 0.021875 0.028125
0 0.5140625 0.72265625 0.021875 0.025
0 0.5375 0.784375 0.0234375 0.021875
0 0.5046875 0.5984375 0.01875 0.01875
0 0.49140625 0.60703125 0.01875 0.01875
0 0.471875 0.596875 0.01875 0.021875