0 0.3953125 0.03671875 0.03125 0.0296875
0 0.43671875 0.03359375 0.0296875 0.0296875
0 0.41328125 0.01875 0.025 0.028125
0 0.46640625 0.0359375 0.04375 0.0421875
0 0.4796875 0.07578125 0.025 0.0328125
0 0.4234375 0.0703125 0.0390625 0.0359375
0 0.42890625 0.14921875 0.028125 0.03125
0 0.43828125 0.1796875 0.0296875 0.03125
0 0.38046875 0.18984375 0.034375 0.0296875
0 0.38984375 0.25390625 0.0328125 0.0328125
0 0.4046875 0.3203125 0.01875 0.0171875
0 0.4140625 0.35703125 0.025 0.028125
0 0.46484375 0.3171875 0.03125 0.03125
0 0.45078125 0.246875 0.025 0.0265625
0 0.49375 0.1875 0.0265625 0.0390625
0 0.5296875 0.19375 0.0296875 0.040625
0 0.5453125 0.2828125 0.0296875 0.03125
0 0.51015625 0.30234375 0.0265625 0.03125
0 0.559375 0.36015625 0.0296875 0.03125
0 0.5265625 0.39609375 0.03125 0.0296875
0 0.490625 0.4078125 0.034375 0.028125
0 0.4796875 0.36875 0.0296875 0.034375
0 0.4171875 0.425 0.028125 0.0375
0 0.428125 0.45390625 0.0265625 0.025
0 0.4390625 0.496875 0.0203125 0.0296875
0 0.40234375 0.509375 0.0296875 0.03125
0 0.4296875 0.5609375 0.0234375 0.025
0 0.45546875 0.5359375 0.028125 0.03125
0 0.4875 0.59609375 0.025 0.028125
0 0.4953125 0.5625 0.0296875 0.028125
0 0.5046875 0.525 0.0265625 0.034375
0 0.525 0.53984375 0.0265625 0.03125
0 0.54453125 0.5515625 0.0296875 0.03125
0 0.5765625 0.525 0.0296875 0.034375
0 0.546875 0.4890625 0.0234375 0.028125
0 0.52421875 0.45078125 0.025 0.025
0 0.49765625 0.4609375 0.0296875 0.0328125
0 0.47265625 0.46484375 0.034375 0.0390625
0 0.6 0.41953125 0.028125 0.0328125
0 0.64140625 0.42890625 0.0296875 0.0328125
0 0.58671875 0.31953125 0.0296875 0.034375
0 0.63203125 0.33828125 0.0265625 0.034375
0 0.66953125 0.31328125 0.034375 0.0328125
0 0.6890625 0.38046875 0.0421875 0.05
0 0.65078125 0.2078125 0.0328125 0.0328125
0 0.61484375 0.24140625 0.040625 0.040625
0 0.5703125 0.18515625 0.028125 0.03125
0 0.58828125 0.1140625 0.0296875 0.034375
0 0.62734375 0.10390625 0.0296875 0.034375
0 0.46484375 0.61484375 0.025 0.025
0 0.475 0.6765625 0.028125 0.025
0 0.48203125 0.72578125 0.0203125 0.0234375
0 0.4859375 0.75078125 0.028125 0.028125
0 0.48984375 0.803125 0.021875 0.0265625
0 0.515625 0.74765625 0.0296875 0.0359375
0 0.53671875 0.74765625 0.021875 0.025
0 0.55234375 0.7328125 0.01875 0.0265625
0 0.5109375 0.69609375 0.021875 0.0265625
0 0.5109375 0.66875 0.028125 0.028125
0 0.51328125 0.64921875 0.0234375 0.0328125
0 0.52890625 0.67890625 0.025 0.0265625
0 0.54765625 0.659375 0.01875 0.0265625
0 0.5609375 0.6828125 0.025 0.0296875
0 0.57421875 0.6796875 0.0203125 0.028125
0 0.56875 0.7671875 0.0296875 0.034375
0 0.58046875 0.74921875 0.0296875 0.03125
0 0.571875 0.81875 0.0296875 0.028125
0 0.55859375 0.6171875 0.025 0.025
0 0.57421875 0.6234375 0.025 0.025
0 0.5921875 0.6078125 0.025 0.028125