0 0.4609375 0.9859375 0.028125 0.025
0 0.421875 0.97421875 0.0265625 0.0265625
0 0.4390625 0.990625 0.021875 0.0140625
0 0.39609375 0.96171875 0.0390625 0.0375
0 0.3984375 0.92109375 0.021875 0.03125
0 0.446875 0.9453125 0.0359375 0.03125
0 0.4703125 0.871875 0.0234375 0.028125
0 0.471875 0.840625 0.025 0.028125
0 0.52734375 0.85234375 0.03125 0.0265625
0 0.5421875 0.790625 0.028125 0.028125
0 0.5515625 0.72421875 0.0171875 0.015625
0 0.55546875 0.6875 0.021875 0.025
0 0.49609375 0.70625 0.028125 0.0265625
0 0.484375 0.775 0.021875 0.0234375
0 0.42421875 0.8140625 0.021875 0.0359375
0 0.39375 0.79609375 0.025 0.0375
0 0.41015625 0.71015625 0.025 0.028125
0 0.45 0.70390625 0.021875 0.028125
0 0.42421875 0.634375 0.025 0.028125
0 0.4671875 0.61328125 0.028125 0.025
0 0.50390625 0.61484375 0.03125 0.025
0 0.50078125 0.65390625 0.0265625 0.03125
0 0.5765625 0.62578125 0.0234375 0.034375
0 0.5765625 0.59453125 0.0234375 0.021875
0 0.58203125 0.55234375 0.0171875 0.028125
0 0.61953125 0.55390625 0.025 0.028125
0 0.6125 0.49609375 0.0203125 0.0234375
0 0.58046875 0.5109375 0.0234375 0.028125
0 0.571875 0.44453125 0.021875 0.025
0 0.553125 0.47265625 0.0265625 0.025
0 0.5328125 0.50390625 0.0234375 0.03125
0 0.51875 0.48359375 0.021875 0.028125
0 0.5046875 0.46484375 0.025 0.028125
0 0.46640625 0.478125 0.0265625 0.03125
0 0.48125 0.52109375 0.0203125 0.0265625
0 0.4890625 0.56484375 0.021875 0.021875
0 0.51640625 0.5640625 0.0265625 0.0296875
0 0.540625 0.56953125 0.0296875 0.0359375
0 0.40859375 0.56640625 0.025 0.0296875
0 0.3734375 0.54296875 0.0265625 0.0296875
0 0.38515625 0.66171875 0.0265625 0.03125
0 0.35078125 0.62890625 0.0234375 0.03125
0 0.309375 0.6390625 0.0296875 0.0296875
0 0.3140625 0.5703125 0.0359375 0.0453125
0 0.2875 0.740625 0.028125 0.028125
0 0.3328125 0.7234375 0.0359375 0.0359375
0 0.35390625 0.78984375 0.0234375 0.028125
0 0.3125 0.8484375 0.0265625 0.03125
0 0.2734375 0.84375 0.0265625 0.03125
0 0.59921875 0.43515625 0.021875 0.021875
0 0.6125 0.37578125 0.025 0.021875
0 0.62265625 0.328125 0.01875 0.021875
0 0.628125 0.3046875 0.025 0.025
0 0.64140625 0.25625 0.01875 0.025
0 0.6 0.29765625 0.025 0.0328125
0 0.58046875 0.290625 0.01875 0.0234375
0 0.56171875 0.2984375 0.015625 0.0234375
0 0.5859375 0.3453125 0.01875 0.025
0 0.57734375 0.3703125 0.025 0.025
0 0.56796875 0.38828125 0.0203125 0.03125
0 0.56328125 0.35546875 0.021875 0.0234375
0 0.53984375 0.365625 0.015625 0.0234375
0 0.5359375 0.33984375 0.021875 0.0265625
0 0.521875 0.33828125 0.0171875 0.0265625
0 0.5578125 0.2609375 0.0265625 0.03125
0 0.54140625 0.2734375 0.025 0.028125
0 0.57265625 0.21328125 0.0265625 0.025
0 0.515625 0.4 0.021875 0.021875
0 0.50234375 0.38984375 0.021875 0.021875
0 0.48203125 0.39765625 0.021875 0.025