0 0.4703125 0.02890625 0.025 0.021875
0 0.509375 0.0359375 0.025 0.025
0 0.490625 0.01484375 0.01875 0.025
0 0.5375 0.0453125 0.0359375 0.0328125
0 0.53984375 0.0859375 0.01875 0.028125
0 0.48828125 0.06796875 0.0328125 0.028125
0 0.475 0.14375 0.021875 0.025
0 0.47734375 0.17421875 0.021875 0.025
0 0.41953125 0.1703125 0.028125 0.021875
0 0.41328125 0.2328125 0.025 0.025
0 0.41171875 0.29921875 0.015625 0.0125
0 0.4125 0.33671875 0.01875 0.021875
0 0.46953125 0.3109375 0.025 0.025
0 0.47265625 0.24140625 0.01875 0.021875
0 0.5265625 0.19453125 0.01875 0.034375
0 0.56015625 0.209375 0.021875 0.0359375
0 0.55390625 0.296875 0.021875 0.025
0 0.515625 0.3078125 0.01875 0.025
0 0.5484375 0.37421875 0.021875 0.025
0 0.50859375 0.4 0.025 0.021875
0 0.47265625 0.40234375 0.028125 0.021875
0 0.47109375 0.36328125 0.021875 0.028125
0 0.3984375 0.40078125 0.01875 0.0328125
0 0.40234375 0.43203125 0.021875 0.01875
0 0.40234375 0.47421875 0.015625 0.025
0 0.365625 0.47734375 0.021875 0.025
0 0.37890625 0.53359375 0.01875 0.021875
0 0.409375 0.515625 0.021875 0.025
0 0.425 0.58046875 0.01875 0.021875
0 0.440625 0.54921875 0.025 0.021875
0 0.4578125 0.51640625 0.01875 0.028125
0 0.47421875 0.53515625 0.01875 0.025
0 0.4890625 0.55078125 0.021875 0.025
0 0.52578125 0.534375 0.021875 0.028125
0 0.50625 0.49296875 0.01875 0.025
0 0.49375 0.45078125 0.01875 0.01875
0 0.465625 0.4546875 0.021875 0.028125
0 0.44140625 0.45234375 0.025 0.0328125
0 0.5734375 0.4390625 0.021875 0.028125
0 0.61015625 0.45859375 0.021875 0.028125
0 0.584375 0.34140625 0.021875 0.028125
0 0.62265625 0.3703125 0.01875 0.028125
0 0.66328125 0.35546875 0.028125 0.025
0 0.66640625 0.4234375 0.03125 0.0421875
0 0.67109375 0.2515625 0.025 0.025
0 0.62890625 0.27421875 0.0328125 0.0328125
0 0.6 0.2109375 0.021875 0.025
0 0.63359375 0.14765625 0.021875 0.028125
0 0.67265625 0.14765625 0.021875 0.028125
0 0.39921875 0.5921875 0.01875 0.01875
0 0.39375 0.65234375 0.021875 0.01875
0 0.38984375 0.7015625 0.015625 0.01875
0 0.3875 0.72578125 0.021875 0.021875
0 0.37890625 0.77578125 0.015625 0.021875
0 0.41640625 0.7296875 0.021875 0.03125
0 0.4359375 0.734375 0.015625 0.021875
0 0.45390625 0.72421875 0.0125 0.021875
0 0.4234375 0.68046875 0.015625 0.021875
0 0.4296875 0.65390625 0.021875 0.021875
0 0.43671875 0.6359375 0.015625 0.028125
0 0.44453125 0.66796875 0.01875 0.021875
0 0.46640625 0.65390625 0.0125 0.021875
0 0.47421875 0.6796875 0.01875 0.025
0 0.4875 0.6796875 0.015625 0.025
0 0.46171875 0.7609375 0.021875 0.028125
0 0.47734375 0.74609375 0.021875 0.025
0 0.453125 0.81015625 0.025 0.021875
0 0.48671875 0.6171875 0.01875 0.01875
0 0.50078125 0.62578125 0.01875 0.01875
0 0.52109375 0.615625 0.01875 0.021875