0 0.02890625 0.50859375 0.021875 0.025
0 0.0359375 0.46953125 0.025 0.025
0 0.01484375 0.48828125 0.025 0.01875
0 0.0453125 0.44140625 0.0328125 0.0359375
0 0.0859375 0.4390625 0.028125 0.01875
0 0.06796875 0.490625 0.028125 0.0328125
0 0.14375 0.50390625 0.025 0.021875
0 0.17421875 0.5015625 0.025 0.021875
0 0.1703125 0.559375 0.021875 0.028125
0 0.2328125 0.565625 0.025 0.025
0 0.29921875 0.5671875 0.0125 0.015625
0 0.33671875 0.56640625 0.021875 0.01875
0 0.3109375 0.509375 0.025 0.025
0 0.24140625 0.50625 0.021875 0.01875
0 0.19453125 0.45234375 0.034375 0.01875
0 0.209375 0.41875 0.0359375 0.021875
0 0.296875 0.425 0.025 0.021875
0 0.3078125 0.46328125 0.025 0.01875
0 0.37421875 0.43046875 0.025 0.021875
0 0.4 0.4703125 0.021875 0.025
0 0.40234375 0.50625 0.021875 0.028125
0 0.36328125 0.5078125 0.028125 0.021875
0 0.40078125 0.58046875 0.0328125 0.01875
0 0.43203125 0.5765625 0.01875 0.021875
0 0.47421875 0.5765625 0.025 0.015625
0 0.47734375 0.61328125 0.025 0.021875
0 0.53359375 0.6 0.021875 0.01875
0 0.515625 0.56953125 0.025 0.021875
0 0.58046875 0.55390625 0.021875 0.01875
0 0.54921875 0.53828125 0.021875 0.025
0 0.51640625 0.52109375 0.028125 0.01875
0 0.53515625 0.5046875 0.025 0.01875
0 0.55078125 0.4890625 0.025 0.021875
0 0.534375 0.453125 0.028125 0.021875
0 0.49296875 0.47265625 0.025 0.01875
0 0.45078125 0.48515625 0.01875 0.01875
0 0.4546875 0.51328125 0.028125 0.021875
0 0.45234375 0.5375 0.0328125 0.025
0 0.4390625 0.40546875 0.028125 0.021875
0 0.45859375 0.36875 0.028125 0.021875
0 0.34140625 0.39453125 0.028125 0.021875
0 0.3703125 0.35625 0.028125 0.01875
0 0.35546875 0.315625 0.025 0.028125
0 0.4234375 0.3125 0.0421875 0.03125
0 0.2515625 0.3078125 0.025 0.025
0 0.27421875 0.35 0.0328125 0.0328125
0 0.2109375 0.37890625 0.025 0.021875
0 0.14765625 0.3453125 0.028125 0.021875
0 0.14765625 0.30625 0.028125 0.021875
0 0.5921875 0.5796875 0.01875 0.01875
0 0.65234375 0.58515625 0.01875 0.021875
0 0.7015625 0.5890625 0.01875 0.015625
0 0.72578125 0.59140625 0.021875 0.021875
0 0.77578125 0.6 0.021875 0.015625
0 0.7296875 0.5625 0.03125 0.021875
0 0.734375 0.54296875 0.021875 0.015625
0 0.72421875 0.525 0.021875 0.0125
0 0.68046875 0.55546875 0.021875 0.015625
0 0.65390625 0.54921875 0.021875 0.021875
0 0.6359375 0.5421875 0.028125 0.015625
0 0.66796875 0.534375 0.021875 0.01875
0 0.65390625 0.5125 0.021875 0.0125
0 0.6796875 0.5046875 0.025 0.01875
0 0.6796875 0.49140625 0.025 0.015625
0 0.7609375 0.5171875 0.028125 0.021875
0 0.74609375 0.5015625 0.025 0.021875
0 0.81015625 0.52578125 0.021875 0.025
0 0.6171875 0.4921875 0.01875 0.01875
0 0.62578125 0.478125 0.01875 0.01875
0 0.615625 0.4578125 0.021875 0.01875