0 0.50234375 0.02734375 0.0265625 0.0234375
0 0.53984375 0.0359375 0.025 0.025
0 0.52265625 0.01484375 0.0203125 0.0265625
0 0.565625 0.046875 0.0359375 0.0328125
0 0.56640625 0.08671875 0.01875 0.0296875
0 0.51796875 0.06640625 0.0328125 0.028125
0 0.50078125 0.13828125 0.021875 0.0265625
0 0.5015625 0.16875 0.0234375 0.0265625
0 0.44609375 0.16171875 0.0296875 0.0234375
0 0.43671875 0.221875 0.0265625 0.0265625
0 0.43125 0.2859375 0.015625 0.0140625
0 0.43046875 0.32265625 0.0203125 0.0234375
0 0.48671875 0.3 0.0265625 0.025
0 0.49375 0.2328125 0.0203125 0.021875
0 0.5484375 0.19140625 0.01875 0.034375
0 0.58046875 0.20703125 0.021875 0.0359375
0 0.56875 0.290625 0.0234375 0.0265625
0 0.53203125 0.29921875 0.0203125 0.0265625
0 0.56015625 0.365625 0.0234375 0.0265625
0 0.52109375 0.38828125 0.0265625 0.0234375
0 0.48515625 0.3890625 0.0296875 0.021875
0 0.4859375 0.3515625 0.0234375 0.0296875
0 0.4140625 0.38359375 0.0203125 0.0328125
0 0.41640625 0.41328125 0.021875 0.0203125
0 0.4140625 0.4546875 0.015625 0.025
0 0.378125 0.45625 0.0234375 0.0265625
0 0.38828125 0.5109375 0.01875 0.021875
0 0.41796875 0.4953125 0.021875 0.0265625
0 0.43046875 0.5578125 0.0203125 0.0234375
0 0.44765625 0.5296875 0.025 0.0234375
0 0.465625 0.4984375 0.0203125 0.0296875
0 0.48046875 0.5171875 0.0203125 0.0265625
0 0.49453125 0.53359375 0.0234375 0.0265625
0 0.53046875 0.51875 0.0234375 0.0296875
0 0.51328125 0.478125 0.01875 0.025
0 0.503125 0.4359375 0.0203125 0.0203125
0 0.4765625 0.4390625 0.0234375 0.028125
0 0.453125 0.4359375 0.0265625 0.0328125
0 0.58125 0.42890625 0.021875 0.028125
0 0.61640625 0.45078125 0.0234375 0.028125
0 0.596875 0.3359375 0.0234375 0.0296875
0 0.63203125 0.365625 0.0203125 0.0296875
0 0.671875 0.353125 0.028125 0.0265625
0 0.671875 0.41875 0.03125 0.0421875
0 0.68515625 0.253125 0.0265625 0.0265625
0 0.64296875 0.27265625 0.0328125 0.0328125
0 0.61875 0.21015625 0.021875 0.0265625
0 0.6546875 0.15078125 0.0234375 0.0296875
0 0.6921875 0.15234375 0.0234375 0.0296875
0 0.4046875 0.56953125 0.0203125 0.0203125
0 0.39609375 0.6265625 0.0234375 0.0203125
0 0.38984375 0.6734375 0.0171875 0.0203125
0 0.38671875 0.69765625 0.0234375 0.0234375
0 0.37578125 0.7453125 0.0171875 0.0234375
0 0.4140625 0.703125 0.021875 0.03125
0 0.43359375 0.70859375 0.0171875 0.021875
0 0.4515625 0.69921875 0.0140625 0.021875
0 0.4234375 0.6546875 0.0171875 0.0234375
0 0.43125 0.63046875 0.0234375 0.0234375
0 0.4390625 0.6125 0.0171875 0.028125
0 0.4453125 0.64453125 0.0203125 0.021875
0 0.4671875 0.63203125 0.0140625 0.021875
0 0.47265625 0.65625 0.0203125 0.025
0 0.4859375 0.65703125 0.015625 0.0234375
0 0.45703125 0.73515625 0.0234375 0.0296875
0 0.47265625 0.721875 0.0234375 0.0265625
0 0.44609375 0.78203125 0.025 0.0234375
0 0.48828125 0.596875 0.0203125 0.0203125
0 0.5015625 0.60625 0.0203125 0.0203125
0 0.521875 0.59765625 0.0203125 0.0234375