0 0.3734375 0.95546875 0.0421875 0.0375
0 0.53984375 0.92890625 0.05625 0.040625
0 0.759375 0.78984375 0.0578125 0.0515625
0 0.61953125 0.7828125 0.0734375 0.05625
0 0.4546875 0.8484375 0.065625 0.046875
0 0.29765625 0.8828125 0.065625 0.046875
0 0.3140625 0.78203125 0.0640625 0.05
0 0.21796875 0.79453125 0.0671875 0.053125
0 0.209375 0.7078125 0.0625 0.04375
0 0.21484375 0.6765625 0.0453125 0.0359375
0 0.1625 0.7015625 0.0578125 0.05
0 0.22890625 0.5859375 0.0546875 0.046875
0 0.39375 0.625 0.084375 0.053125
0 0.41328125 0.74921875 0.059375 0.0515625
0 0.5125 0.6828125 0.084375 0.0734375
0 0.5703125 0.64609375 0.075 0.0671875
0 0.77578125 0.6328125 0.0609375 0.0515625
0 0.8765625 0.64140625 0.065625 0.05625
0 0.84375 0.56328125 0.06875 0.059375
0 0.7984375 0.4234375 0.075 0.05
0 0.6796875 0.39609375 0.0671875 0.0625
0 0.6828125 0.54296875 0.0625 0.046875
0 0.5515625 0.50625 0.065625 0.053125
0 0.54921875 0.38203125 0.0625 0.0546875
0 0.43828125 0.46484375 0.0796875 0.053125
0 0.23359375 0.43203125 0.0734375 0.05625
0 0.17578125 0.46640625 0.0546875 0.0421875
0 0.07421875 0.5140625 0.0828125 0.0484375
0 0.0234375 0.5046875 0.046875 0.05
0 0.0828125 0.378125 0.05 0.0453125
0 0.15 0.328125 0.05625 0.053125
0 0.36875 0.23515625 0.0734375 0.0515625
0 0.6953125 0.2046875 0.071875 0.0484375
0 0.775 0.25625 0.046875 0.0421875
0 0.78828125 0.2125 0.0515625 0.0453125
0 0.84609375 0.2640625 0.0484375 0.0453125
0 0.9125 0.378125 0.0484375 0.046875
0 0.96171875 0.515625 0.0453125 0.046875
0 0.84921875 0.50625 0.0484375 0.05
0 0.89921875 0.7453125 0.06875 0.05625
0 0.35 0.14609375 0.0609375 0.0625
0 0.478125 0.1078125 0.0515625 0.0453125
0 0.5375 0.1859375 0.0640625 0.0546875
0 0.596875 0.1015625 0.0640625 0.040625
0 0.73046875 0.0671875 0.04375 0.04375
0 0.696875 0.15 0.0515625 0.0453125
0 0.2265625 0.06875 0.06875 0.040625
0 0.2140625 0.1828125 0.0609375 0.0484375
0 0.15546875 0.20234375 0.0734375 0.0625
0 0.04921875 0.15 0.0703125 0.0546875
0 0.4640625 0.01953125 0.059375 0.0390625
0 0.55703125 0.021875 0.0515625 0.04375
0 0.43125 0.009375 0.05625 0.01875
0 0.05703125 0.23515625 0.046875 0.04375