0 0.30234375 0.946875 0.040625 0.034375
0 0.47421875 0.94375 0.05625 0.034375
0 0.7171875 0.83359375 0.0546875 0.046875
0 0.5765625 0.80703125 0.071875 0.05
0 0.4 0.85078125 0.0640625 0.040625
0 0.2359375 0.8625 0.0640625 0.040625
0 0.2671875 0.76328125 0.0625 0.04375
0 0.16796875 0.7625 0.065625 0.0484375
0 0.171875 0.6734375 0.0609375 0.0375
0 0.18125 0.6421875 0.04375 0.0328125
0 0.12421875 0.66015625 0.0546875 0.0453125
0 0.2078125 0.55234375 0.053125 0.04375
0 0.36953125 0.61484375 0.0828125 0.0453125
0 0.371875 0.74375 0.05625 0.046875
0 0.48203125 0.69140625 0.08125 0.0671875
0 0.546875 0.66171875 0.071875 0.0609375
0 0.75546875 0.678125 0.0578125 0.046875
0 0.8578125 0.70078125 0.0625 0.05
0 0.83515625 0.6171875 0.065625 0.0546875
0 0.80859375 0.46953125 0.075 0.0421875
0 0.6921875 0.42421875 0.0640625 0.0578125
0 0.675 0.5734375 0.0609375 0.040625
0 0.546875 0.51796875 0.0640625 0.046875
0 0.5625 0.390625 0.059375 0.05
0 0.43671875 0.45859375 0.078125 0.046875
0 0.234375 0.396875 0.071875 0.0484375
0 0.171875 0.4234375 0.0546875 0.0359375
0 0.06171875 0.4578125 0.0828125 0.040625
0 0.015625 0.43828125 0.03125 0.0421875
0 0.08984375 0.3203125 0.046875 0.0421875
0 0.16484375 0.2796875 0.053125 0.05
0 0.4 0.2171875 0.071875 0.0453125
0 0.73515625 0.23203125 0.0703125 0.0421875
0 0.809375 0.29609375 0.04375 0.0390625
0 0.82890625 0.253125 0.0484375 0.0421875
0 0.8796875 0.3140625 0.0453125 0.0421875
0 0.93125 0.4390625 0.0453125 0.04375
0 0.96171875 0.5859375 0.0421875 0.04375
0 0.84921875 0.56015625 0.0453125 0.046875
0 0.86484375 0.809375 0.065625 0.0515625
0 0.39375 0.12421875 0.05625 0.0578125
0 0.52890625 0.10390625 0.05 0.040625
0 0.57734375 0.190625 0.0609375 0.0484375
0 0.65078125 0.1140625 0.0640625 0.034375
0 0.78984375 0.09765625 0.0421875 0.0421875
0 0.74453125 0.17734375 0.0484375 0.0421875
0 0.28046875 0.03203125 0.0671875 0.025
0 0.25078125 0.14140625 0.0578125 0.04375
0 0.18828125 0.153125 0.0703125 0.05625
0 0.08828125 0.08515625 0.06875 0.0484375
0 0.5265625 0.01484375 0.05625 0.0296875
0 0.62265625 0.02421875 0.0484375 0.0453125
0 0.08359375 0.17265625 0.0453125 0.040625