0 0.80703125 0.1171875 0.040625 0.034375
0 0.640625 0.07890625 0.0546875 0.034375
0 0.38203125 0.12578125 0.0546875 0.0453125
0 0.5109375 0.1859375 0.0703125 0.0484375
0 0.68984375 0.1859375 0.0640625 0.040625
0 0.85 0.2140625 0.0640625 0.040625
0 0.796875 0.30078125 0.0609375 0.04375
0 0.890625 0.325 0.0640625 0.046875
0 0.865625 0.41015625 0.0609375 0.0359375
0 0.84921875 0.43828125 0.0421875 0.03125
0 0.9078125 0.434375 0.0546875 0.04375
0 0.80234375 0.5171875 0.053125 0.0421875
0 0.6625 0.41875 0.08125 0.04375
0 0.69140625 0.2953125 0.05625 0.0453125
0 0.5734375 0.31953125 0.0796875 0.065625
0 0.5046875 0.33203125 0.0703125 0.0609375
0 0.3078125 0.26640625 0.0578125 0.0453125
0 0.21640625 0.2203125 0.0625 0.05
0 0.21796875 0.30546875 0.065625 0.053125
0 0.20703125 0.45390625 0.0734375 0.0421875
0 0.3078125 0.52421875 0.0625 0.05625
0 0.3609375 0.38515625 0.0609375 0.040625
0 0.46875 0.46953125 0.0625 0.046875
0 0.425 0.5875 0.0578125 0.0484375
0 0.56015625 0.55234375 0.078125 0.0453125
0 0.73984375 0.659375 0.0703125 0.046875
0 0.80703125 0.64921875 0.053125 0.0359375
0 0.9203125 0.64296875 0.08125 0.0390625
0 0.96484375 0.671875 0.040625 0.0421875
0 0.86015625 0.76796875 0.0453125 0.0421875
0 0.77890625 0.78828125 0.0515625 0.0484375
0 0.5390625 0.79296875 0.0703125 0.0453125
0 0.22109375 0.69765625 0.0703125 0.0421875
0 0.165625 0.61953125 0.04375 0.0375
0 0.13671875 0.65546875 0.046875 0.0421875
0 0.10234375 0.5859375 0.04375 0.040625
0 0.0828125 0.453125 0.04375 0.0421875
0 0.08828125 0.30625 0.040625 0.0421875
0 0.190625 0.35703125 0.0453125 0.0453125
0 0.23515625 0.11484375 0.065625 0.05
0 0.52109375 0.8828125 0.05625 0.0578125
0 0.3875 0.87109375 0.05 0.040625
0 0.3625 0.775 0.059375 0.0484375
0 0.2734375 0.83203125 0.0625 0.034375
0 0.13671875 0.81328125 0.040625 0.040625
0 0.19921875 0.7484375 0.046875 0.0421875
0 0.60859375 0.99296875 0.0671875 0.0140625
0 0.66328125 0.9 0.0578125 0.0421875
0 0.72578125 0.90390625 0.06875 0.05625
0 0.80546875 0.984375 0.0671875 0.03125
0 0.3671875 0.959375 0.05625 0.034375
0 0.2796875 0.92421875 0.046875 0.0453125
0 0.39375 0.984375 0.05625 0.01875
0 0.83046875 0.91015625 0.04375 0.0390625