0 0.78515625 0.88359375 0.0390625 0.034375
0 0.62265625 0.92109375 0.053125 0.034375
0 0.36875 0.875 0.053125 0.0453125
0 0.4953125 0.8171875 0.0703125 0.0484375
0 0.6703125 0.81640625 0.0625 0.0390625
0 0.82734375 0.7890625 0.0625 0.0390625
0 0.775 0.703125 0.059375 0.0421875
0 0.8671875 0.67890625 0.0625 0.0453125
0 0.84296875 0.59609375 0.059375 0.0359375
0 0.82734375 0.56953125 0.0421875 0.0296875
0 0.884375 0.5734375 0.053125 0.04375
0 0.78125 0.490625 0.0515625 0.0421875
0 0.64375 0.58828125 0.0796875 0.04375
0 0.671875 0.709375 0.0546875 0.0453125
0 0.55703125 0.6859375 0.078125 0.0640625
0 0.4890625 0.6734375 0.0703125 0.059375
0 0.29609375 0.7375 0.05625 0.0453125
0 0.20625 0.7828125 0.0609375 0.0484375
0 0.20703125 0.69921875 0.0640625 0.053125
0 0.19765625 0.55390625 0.071875 0.040625
0 0.296875 0.48515625 0.0609375 0.05625
0 0.34765625 0.62109375 0.059375 0.0390625
0 0.4546875 0.53828125 0.0609375 0.0453125
0 0.4109375 0.42265625 0.0578125 0.0484375
0 0.54453125 0.4578125 0.075 0.04375
0 0.71953125 0.3515625 0.0703125 0.046875
0 0.78515625 0.36171875 0.053125 0.0359375
0 0.89609375 0.36796875 0.0796875 0.0390625
0 0.95 0.3375 0.0625 0.0421875
0 0.8375 0.24609375 0.0453125 0.040625
0 0.7578125 0.22578125 0.0515625 0.046875
0 0.52265625 0.221875 0.06875 0.04375
0 0.2109375 0.3140625 0.06875 0.040625
0 0.15703125 0.39140625 0.0421875 0.0375
0 0.128125 0.35625 0.046875 0.040625
0 0.09453125 0.42421875 0.04375 0.040625
0 0.07578125 0.5546875 0.04375 0.0421875
0 0.08125 0.6984375 0.040625 0.0421875
0 0.18125 0.6484375 0.04375 0.0453125
0 0.225 0.88671875 0.0640625 0.0484375
0 0.50625 0.13359375 0.0546875 0.05625
0 0.3734375 0.14453125 0.046875 0.0390625
0 0.34921875 0.23828125 0.0578125 0.046875
0 0.2625 0.18359375 0.0609375 0.0328125
0 0.128125 0.20078125 0.040625 0.040625
0 0.1890625 0.26484375 0.046875 0.040625
0 0.5890625 0.015625 0.06875 0.03125
0 0.6453125 0.11640625 0.05625 0.0421875
0 0.70625 0.1125 0.0671875 0.0546875
0 0.784375 0.025 0.065625 0.046875
0 0.3546875 0.0578125 0.0546875 0.034375
0 0.26796875 0.09296875 0.046875 0.04375
0 0.38046875 0.025 0.05625 0.034375
0 0.80859375 0.10546875 0.0421875 0.0390625