0 0.71875 0.08671875 0.0359375 0.0296875
0 0.5515625 0.07265625 0.0515625 0.0296875
0 0.30625 0.15390625 0.05 0.040625
0 0.43984375 0.19453125 0.065625 0.0421875
0 0.6140625 0.16953125 0.059375 0.034375
0 0.77421875 0.17578125 0.059375 0.034375
0 0.73359375 0.26796875 0.05625 0.0375
0 0.82890625 0.27890625 0.059375 0.040625
0 0.81640625 0.36484375 0.05625 0.03125
0 0.80390625 0.39375 0.0390625 0.0265625
0 0.86015625 0.38203125 0.05 0.0390625
0 0.76953125 0.478125 0.0484375 0.0375
0 0.61953125 0.4 0.078125 0.0359375
0 0.63046875 0.2765625 0.0515625 0.040625
0 0.51875 0.31640625 0.0734375 0.05625
0 0.453125 0.3375 0.065625 0.053125
0 0.253125 0.30078125 0.053125 0.040625
0 0.1578125 0.26875 0.05625 0.04375
0 0.1703125 0.3515625 0.0609375 0.046875
0 0.18125 0.49765625 0.06875 0.034375
0 0.28828125 0.55234375 0.05625 0.05
0 0.3203125 0.409375 0.05625 0.034375
0 0.4375 0.4765625 0.0578125 0.040625
0 0.4109375 0.59765625 0.053125 0.04375
0 0.53828125 0.54453125 0.071875 0.0375
0 0.728125 0.625 0.065625 0.040625
0 0.790625 0.60625 0.05 0.03125
0 0.90078125 0.58359375 0.078125 0.03125
0 0.9578125 0.60703125 0.059375 0.0375
0 0.859375 0.71328125 0.040625 0.0359375
0 0.78359375 0.7453125 0.046875 0.04375
0 0.55 0.78203125 0.065625 0.0375
0 0.22734375 0.73359375 0.065625 0.034375
0 0.16328125 0.6640625 0.0390625 0.0328125
0 0.1390625 0.703125 0.04375 0.0359375
0 0.096875 0.63984375 0.0390625 0.0359375
0 0.06015625 0.51328125 0.0390625 0.0375
0 0.0453125 0.36953125 0.0359375 0.0375
0 0.1515625 0.40546875 0.0390625 0.040625
0 0.1609375 0.16328125 0.059375 0.04375
0 0.5453125 0.871875 0.05 0.0515625
0 0.4125 0.87890625 0.0453125 0.034375
0 0.375 0.7890625 0.0546875 0.0421875
0 0.296875 0.85625 0.059375 0.028125
0 0.1609375 0.8578125 0.0359375 0.0359375
0 0.2125 0.78515625 0.04375 0.0359375
0 0.646875 0.98125 0.0640625 0.034375
0 0.6859375 0.86953125 0.053125 0.0375
0 0.746875 0.86484375 0.0640625 0.0484375
0 0.8375 0.94140625 0.0625 0.040625
0 0.40546875 0.9671875 0.053125 0.0296875
0 0.31484375 0.9453125 0.04375 0.0390625
0 0.43515625 0.99140625 0.0546875 0.0171875
0 0.85078125 0.85703125 0.0390625 0.034375