0 0.75078125 0.10234375 0.0375 0.03125
0 0.59140625 0.075 0.0515625 0.0296875
0 0.3484375 0.13203125 0.05 0.0421875
0 0.4734375 0.1828125 0.065625 0.04375
0 0.64375 0.17421875 0.059375 0.0359375
0 0.79609375 0.19296875 0.059375 0.0359375
0 0.75078125 0.278125 0.05625 0.0390625
0 0.840625 0.29609375 0.059375 0.0421875
0 0.821875 0.378125 0.05625 0.03125
0 0.80703125 0.4046875 0.040625 0.028125
0 0.8625 0.3984375 0.05 0.040625
0 0.76640625 0.4828125 0.0484375 0.0390625
0 0.6296875 0.3953125 0.0765625 0.0390625
0 0.65 0.27734375 0.0515625 0.0421875
0 0.5390625 0.30625 0.0734375 0.059375
0 0.475 0.32109375 0.065625 0.0546875
0 0.28515625 0.26953125 0.053125 0.0421875
0 0.19609375 0.2296875 0.05625 0.0453125
0 0.2015625 0.3109375 0.059375 0.0484375
0 0.19921875 0.45234375 0.06875 0.0359375
0 0.2984375 0.51328125 0.0578125 0.0515625
0 0.340625 0.37890625 0.05625 0.0359375
0 0.4484375 0.453125 0.0578125 0.0421875
0 0.4125 0.5671875 0.053125 0.0453125
0 0.53984375 0.52734375 0.071875 0.040625
0 0.71484375 0.62109375 0.065625 0.0421875
0 0.77734375 0.60703125 0.05 0.03125
0 0.884375 0.59609375 0.0765625 0.0328125
0 0.9375 0.621875 0.059375 0.0390625
0 0.834375 0.7171875 0.0421875 0.0375
0 0.75703125 0.74140625 0.046875 0.04375
0 0.53046875 0.75703125 0.065625 0.0390625
0 0.225 0.6828125 0.065625 0.0359375
0 0.16796875 0.6109375 0.040625 0.034375
0 0.1421875 0.64609375 0.04375 0.0375
0 0.10625 0.58203125 0.040625 0.0375
0 0.08125 0.4578125 0.040625 0.0390625
0 0.0796875 0.31796875 0.0375 0.0390625
0 0.17890625 0.3609375 0.040625 0.0421875
0 0.20859375 0.12890625 0.059375 0.0453125
0 0.51875 0.84296875 0.0515625 0.053125
0 0.390625 0.83828125 0.0453125 0.0359375
0 0.36171875 0.7484375 0.0546875 0.04375
0 0.28125 0.80625 0.059375 0.0296875
0 0.15 0.796875 0.0375 0.0375
0 0.20625 0.73203125 0.04375 0.0375
0 0.60625 0.96015625 0.0640625 0.04375
0 0.65390625 0.85234375 0.053125 0.0390625
0 0.71328125 0.85234375 0.0625 0.05
0 0.79296875 0.934375 0.0625 0.0421875
0 0.37578125 0.92265625 0.053125 0.0296875
0 0.290625 0.89453125 0.04375 0.040625
0 0.4015625 0.95703125 0.0546875 0.0359375
0 0.8125 0.85390625 0.040625 0.0359375