0 0.71796875 0.08984375 0.034375 0.028125
0 0.559375 0.0734375 0.0484375 0.0265625
0 0.32421875 0.146875 0.046875 0.0375
0 0.45078125 0.1875 0.0625 0.0390625
0 0.6171875 0.1671875 0.05625 0.03125
0 0.76953125 0.175 0.05625 0.03125
0 0.7296875 0.2625 0.053125 0.034375
0 0.8203125 0.27421875 0.05625 0.0375
0 0.80703125 0.35625 0.053125 0.028125
0 0.79453125 0.38359375 0.0375 0.025
0 0.8484375 0.3734375 0.046875 0.0359375
0 0.76015625 0.46328125 0.0453125 0.034375
0 0.61875 0.38671875 0.0734375 0.0328125
0 0.63125 0.26875 0.0484375 0.0375
0 0.52421875 0.3046875 0.06875 0.053125
0 0.46171875 0.32421875 0.0609375 0.05
0 0.27109375 0.2859375 0.05 0.0375
0 0.18046875 0.253125 0.053125 0.040625
0 0.19140625 0.3328125 0.05625 0.04375
0 0.19921875 0.471875 0.065625 0.03125
0 0.30078125 0.52578125 0.053125 0.046875
0 0.33359375 0.390625 0.053125 0.03125
0 0.44453125 0.45625 0.0546875 0.0375
0 0.41640625 0.57109375 0.05 0.040625
0 0.5390625 0.52265625 0.06875 0.034375
0 0.71796875 0.60234375 0.0625 0.0375
0 0.77890625 0.58515625 0.046875 0.028125
0 0.88359375 0.56640625 0.0734375 0.028125
0 0.93828125 0.5890625 0.05625 0.034375
0 0.8421875 0.6890625 0.0390625 0.034375
0 0.76875 0.71796875 0.04375 0.040625
0 0.54609375 0.74921875 0.0625 0.034375
0 0.23984375 0.69765625 0.0625 0.03125
0 0.17890625 0.63046875 0.0375 0.03125
0 0.15625 0.6671875 0.040625 0.034375
0 0.11640625 0.60625 0.0375 0.034375
0 0.08359375 0.48515625 0.0375 0.0359375
0 0.071875 0.34765625 0.034375 0.0359375
0 0.17265625 0.38359375 0.0375 0.0390625
0 0.1859375 0.153125 0.05625 0.040625
0 0.540625 0.83515625 0.046875 0.0484375
0 0.4140625 0.8390625 0.0421875 0.0328125
0 0.3796875 0.753125 0.0515625 0.0390625
0 0.30390625 0.815625 0.05625 0.025
0 0.17421875 0.81484375 0.034375 0.034375
0 0.225 0.746875 0.040625 0.034375
0 0.63515625 0.94453125 0.0609375 0.0390625
0 0.67421875 0.83515625 0.05 0.034375
0 0.7328125 0.83125 0.059375 0.0453125
0 0.8171875 0.90546875 0.059375 0.0375
0 0.40546875 0.9234375 0.05 0.0265625
0 0.31953125 0.90078125 0.040625 0.0375
0 0.4328125 0.95546875 0.0515625 0.03125
0 0.83125 0.82578125 0.0375 0.0328125