0 0.81484375 0.12578125 0.040625 0.0359375
0 0.65546875 0.07734375 0.0546875 0.0375
0 0.39921875 0.10546875 0.05625 0.0484375
0 0.52109375 0.1734375 0.071875 0.053125
0 0.6953125 0.18515625 0.0640625 0.04375
0 0.85078125 0.2234375 0.0640625 0.04375
0 0.7921875 0.30546875 0.0609375 0.0453125
0 0.8828125 0.3359375 0.065625 0.05
0 0.853125 0.4171875 0.059375 0.0390625
0 0.83515625 0.4421875 0.04375 0.0328125
0 0.8921875 0.44296875 0.05625 0.046875
0 0.78359375 0.51796875 0.053125 0.04375
0 0.65390625 0.4109375 0.08125 0.0484375
0 0.68984375 0.29296875 0.0578125 0.0484375
0 0.5734375 0.3078125 0.08125 0.06875
0 0.5046875 0.315625 0.0734375 0.0640625
0 0.3171875 0.23828125 0.059375 0.0484375
0 0.23046875 0.18671875 0.0625 0.0515625
0 0.22578125 0.2703125 0.065625 0.05625
0 0.20625 0.4140625 0.0734375 0.0453125
0 0.3 0.490625 0.0640625 0.059375
0 0.36015625 0.35859375 0.0609375 0.0421875
0 0.4609375 0.44765625 0.0640625 0.05
0 0.409375 0.559375 0.059375 0.0515625
0 0.5453125 0.534375 0.078125 0.0484375
0 0.7125 0.6515625 0.071875 0.0515625
0 0.77890625 0.646875 0.0546875 0.0390625
0 0.88984375 0.6484375 0.08125 0.04375
0 0.94140625 0.68203125 0.0640625 0.046875
0 0.8234375 0.765625 0.046875 0.04375
0 0.74140625 0.78125 0.053125 0.05
0 0.50703125 0.76875 0.071875 0.0484375
0 0.20234375 0.6546875 0.0703125 0.0453125
0 0.15390625 0.5734375 0.0453125 0.0390625
0 0.12265625 0.60625 0.0484375 0.04375
0 0.09453125 0.5359375 0.0453125 0.0421875
0 0.084375 0.4046875 0.0453125 0.04375
0 0.1 0.26171875 0.0421875 0.04375
0 0.19609375 0.31875 0.046875 0.046875
0 0.25625 0.08515625 0.065625 0.053125
0 0.484375 0.85546875 0.0578125 0.059375
0 0.35390625 0.834375 0.05 0.0421875
0 0.3359375 0.7390625 0.0609375 0.05
0 0.24453125 0.78828125 0.0625 0.0359375
0 0.11171875 0.76171875 0.0421875 0.0421875
0 0.17734375 0.70234375 0.0484375 0.04375
0 0.55859375 0.98046875 0.0703125 0.0390625
0 0.62109375 0.8828125 0.0578125 0.0453125
0 0.68203125 0.88984375 0.0703125 0.0578125
0 0.753125 0.97890625 0.06875 0.0421875
0 0.328125 0.91953125 0.05625 0.0375
0 0.24375 0.87890625 0.0484375 0.046875
0 0.35 0.9578125 0.059375 0.0421875
0 0.784375 0.90390625 0.0453125 0.040625