0 0.28203125 0.08984375 0.034375 0.028125
0 0.440625 0.0734375 0.0484375 0.0265625
0 0.67578125 0.146875 0.046875 0.0375
0 0.54921875 0.1875 0.0625 0.0390625
0 0.3828125 0.1671875 0.05625 0.03125
0 0.23046875 0.175 0.05625 0.03125
0 0.2703125 0.2625 0.053125 0.034375
0 0.1796875 0.27421875 0.05625 0.0375
0 0.19296875 0.35625 0.053125 0.028125
0 0.20546875 0.38359375 0.0375 0.025
0 0.1515625 0.3734375 0.046875 0.0359375
0 0.23984375 0.46328125 0.0453125 0.034375
0 0.38125 0.38671875 0.0734375 0.0328125
0 0.36875 0.26875 0.0484375 0.0375
0 0.47578125 0.3046875 0.06875 0.053125
0 0.53828125 0.32421875 0.0609375 0.05
0 0.72890625 0.2859375 0.05 0.0375
0 0.81953125 0.253125 0.053125 0.040625
0 0.80859375 0.3328125 0.05625 0.04375
0 0.80078125 0.471875 0.065625 0.03125
0 0.69921875 0.52578125 0.053125 0.046875
0 0.66640625 0.390625 0.053125 0.03125
0 0.55546875 0.45625 0.0546875 0.0375
0 0.58359375 0.57109375 0.05 0.040625
0 0.4609375 0.52265625 0.06875 0.034375
0 0.28203125 0.60234375 0.0625 0.0375
0 0.22109375 0.58515625 0.046875 0.028125
0 0.11640625 0.56640625 0.0734375 0.028125
0 0.06171875 0.5890625 0.05625 0.034375
0 0.1578125 0.6890625 0.0390625 0.034375
0 0.23125 0.71796875 0.04375 0.040625
0 0.45390625 0.74921875 0.0625 0.034375
0 0.76015625 0.69765625 0.0625 0.03125
0 0.82109375 0.63046875 0.0375 0.03125
0 0.84375 0.6671875 0.040625 0.034375
0 0.88359375 0.60625 0.0375 0.034375
0 0.91640625 0.48515625 0.0375 0.0359375
0 0.928125 0.34765625 0.034375 0.0359375
0 0.82734375 0.38359375 0.0375 0.0390625
0 0.8140625 0.153125 0.05625 0.040625
0 0.459375 0.83515625 0.046875 0.0484375
0 0.5859375 0.8390625 0.0421875 0.0328125
0 0.6203125 0.753125 0.0515625 0.0390625
0 0.69609375 0.815625 0.05625 0.025
0 0.82578125 0.81484375 0.034375 0.034375
0 0.775 0.746875 0.040625 0.034375
0 0.36484375 0.94453125 0.0609375 0.0390625
0 0.32578125 0.83515625 0.05 0.034375
0 0.2671875 0.83125 0.059375 0.0453125
0 0.1828125 0.90546875 0.059375 0.0375
0 0.59453125 0.9234375 0.05 0.0265625
0 0.68046875 0.90078125 0.040625 0.0375
0 0.5671875 0.95546875 0.0515625 0.03125
0 0.16875 0.82578125 0.0375 0.0328125