0 0.3796875 0.9484375 0.0390625 0.034375
0 0.53828125 0.92890625 0.053125 0.0375
0 0.75078125 0.8046875 0.0546875 0.046875
0 0.61796875 0.79375 0.0703125 0.0515625
0 0.4609375 0.85078125 0.0625 0.04375
0 0.31015625 0.87734375 0.0625 0.04375
0 0.3296875 0.7828125 0.059375 0.0453125
0 0.2390625 0.7921875 0.0625 0.0484375
0 0.2328125 0.709375 0.0578125 0.0390625
0 0.2390625 0.6796875 0.0421875 0.0328125
0 0.1890625 0.7015625 0.053125 0.0453125
0 0.2546875 0.59453125 0.0515625 0.04375
0 0.41015625 0.63671875 0.0796875 0.0484375
0 0.42421875 0.7546875 0.05625 0.046875
0 0.5203125 0.69609375 0.0796875 0.0671875
0 0.5765625 0.6625 0.0703125 0.0625
0 0.77109375 0.65703125 0.0578125 0.0484375
0 0.8671875 0.66875 0.0609375 0.0515625
0 0.83828125 0.59375 0.0640625 0.0546875
0 0.79921875 0.459375 0.0703125 0.0453125
0 0.68828125 0.4296875 0.0625 0.0578125
0 0.68671875 0.56875 0.059375 0.0421875
0 0.5640625 0.53046875 0.0625 0.0484375
0 0.565625 0.41171875 0.0578125 0.0515625
0 0.45703125 0.48671875 0.075 0.0484375
0 0.26484375 0.44921875 0.06875 0.05
0 0.209375 0.4796875 0.0515625 0.0375
0 0.1109375 0.521875 0.078125 0.04375
0 0.053125 0.51171875 0.0625 0.046875
0 0.12421875 0.39296875 0.0453125 0.0421875
0 0.1890625 0.3484375 0.0515625 0.05
0 0.39921875 0.2671875 0.06875 0.046875
0 0.709375 0.24921875 0.0671875 0.04375
0 0.78359375 0.30078125 0.04375 0.0390625
0 0.79765625 0.26015625 0.046875 0.0421875
0 0.85 0.31015625 0.04375 0.0421875
0 0.909375 0.42109375 0.0453125 0.04375
0 0.9515625 0.55234375 0.0421875 0.0421875
0 0.8453125 0.53984375 0.0453125 0.046875
0 0.884375 0.7671875 0.0640625 0.0515625
0 0.38515625 0.1828125 0.05625 0.0578125
0 0.5078125 0.15 0.0484375 0.0421875
0 0.56015625 0.2265625 0.059375 0.05
0 0.6203125 0.1484375 0.0609375 0.0375
0 0.746875 0.1203125 0.040625 0.040625
0 0.7125 0.19765625 0.046875 0.0421875
0 0.26796875 0.096875 0.06875 0.0515625
0 0.2546875 0.2125 0.05625 0.0453125
0 0.1984375 0.2296875 0.06875 0.0578125
0 0.1 0.1765625 0.065625 0.05
0 0.496875 0.06640625 0.0546875 0.0375
0 0.5859375 0.06875 0.0484375 0.0453125
0 0.46328125 0.04140625 0.0578125 0.0421875
0 0.10390625 0.25703125 0.04375 0.040625