0 0.2375 0.09140625 0.0390625 0.0328125
0 0.40078125 0.05703125 0.053125 0.0328125
0 0.6546875 0.10859375 0.053125 0.04375
0 0.5265625 0.1640625 0.06875 0.046875
0 0.35078125 0.16171875 0.0625 0.0390625
0 0.19296875 0.1859375 0.0625 0.0390625
0 0.24375 0.2734375 0.059375 0.0421875
0 0.15 0.2953125 0.0625 0.0453125
0 0.1734375 0.3796875 0.0578125 0.0359375
0 0.1890625 0.40625 0.0421875 0.03125
0 0.13203125 0.40234375 0.053125 0.0421875
0 0.23359375 0.4859375 0.0515625 0.040625
0 0.37265625 0.390625 0.08125 0.0421875
0 0.346875 0.26875 0.0546875 0.04375
0 0.4625 0.2953125 0.0765625 0.0625
0 0.53046875 0.30859375 0.06875 0.059375
0 0.725 0.246875 0.05625 0.04375
0 0.815625 0.203125 0.059375 0.0484375
0 0.81328125 0.2875 0.0640625 0.0515625
0 0.8203125 0.43359375 0.071875 0.0390625
0 0.7203125 0.50078125 0.0609375 0.0546875
0 0.67109375 0.36328125 0.059375 0.0390625
0 0.5625 0.44375 0.0609375 0.0453125
0 0.6046875 0.56015625 0.05625 0.0484375
0 0.47109375 0.5234375 0.075 0.04375
0 0.29296875 0.6265625 0.06875 0.0453125
0 0.22734375 0.61484375 0.0515625 0.034375
0 0.11640625 0.60703125 0.0796875 0.0375
0 0.06171875 0.63671875 0.0625 0.0421875
0 0.1734375 0.73046875 0.04375 0.040625
0 0.253125 0.753125 0.05 0.046875
0 0.4890625 0.76015625 0.06875 0.0421875
0 0.80234375 0.6734375 0.06875 0.0390625
0 0.85859375 0.596875 0.0421875 0.0359375
0 0.8859375 0.63203125 0.046875 0.040625
0 0.921875 0.5640625 0.0421875 0.0390625
0 0.9421875 0.434375 0.0421875 0.040625
0 0.93984375 0.28984375 0.0390625 0.040625
0 0.83828125 0.33828125 0.04375 0.04375
0 0.7984375 0.09921875 0.0640625 0.0484375
0 0.50390625 0.85 0.0546875 0.05625
0 0.6359375 0.83984375 0.0484375 0.0390625
0 0.6625 0.746875 0.0578125 0.0453125
0 0.7484375 0.80390625 0.0625 0.0328125
0 0.88359375 0.7890625 0.0390625 0.0390625
0 0.8234375 0.72265625 0.046875 0.040625
0 0.4171875 0.97421875 0.0671875 0.046875
0 0.36484375 0.86484375 0.05625 0.040625
0 0.303125 0.8671875 0.0671875 0.0546875
0 0.2234375 0.953125 0.065625 0.0453125
0 0.6546875 0.9265625 0.0546875 0.0328125
0 0.74140625 0.89375 0.046875 0.04375
0 0.6296875 0.96328125 0.0578125 0.0375
0 0.2 0.871875 0.0421875 0.0375