0 0.21953125 0.08828125 0.0390625 0.0328125
0 0.38125 0.05390625 0.053125 0.0328125
0 0.63203125 0.1046875 0.0515625 0.04375
0 0.50625 0.16015625 0.06875 0.046875
0 0.33203125 0.15703125 0.0609375 0.0390625
0 0.175 0.18125 0.0609375 0.0390625
0 0.22578125 0.26796875 0.059375 0.0421875
0 0.13359375 0.28984375 0.0625 0.0453125
0 0.15625 0.37265625 0.0578125 0.034375
0 0.171875 0.4 0.0421875 0.0296875
0 0.11484375 0.3953125 0.0515625 0.0421875
0 0.21640625 0.47890625 0.05 0.040625
0 0.35390625 0.384375 0.0796875 0.0421875
0 0.328125 0.26328125 0.053125 0.04375
0 0.4421875 0.2890625 0.0765625 0.0625
0 0.509375 0.30234375 0.06875 0.0578125
0 0.70234375 0.2421875 0.0546875 0.04375
0 0.7921875 0.1984375 0.059375 0.0484375
0 0.78984375 0.28203125 0.0625 0.0515625
0 0.796875 0.4265625 0.0703125 0.0390625
0 0.69765625 0.49375 0.0609375 0.0546875
0 0.64921875 0.35703125 0.059375 0.0390625
0 0.54140625 0.43671875 0.0609375 0.0453125
0 0.58359375 0.55234375 0.05625 0.046875
0 0.4515625 0.51640625 0.075 0.04375
0 0.275 0.6171875 0.06875 0.0453125
0 0.21015625 0.60703125 0.0515625 0.034375
0 0.09921875 0.5984375 0.0796875 0.0375
0 0.04609375 0.628125 0.0625 0.0421875
0 0.15546875 0.72109375 0.04375 0.040625
0 0.23515625 0.7421875 0.05 0.046875
0 0.46796875 0.75078125 0.06875 0.0421875
0 0.7796875 0.6640625 0.0671875 0.0390625
0 0.83515625 0.58828125 0.0421875 0.0359375
0 0.8625 0.6234375 0.0453125 0.040625
0 0.896875 0.55625 0.0421875 0.0390625
0 0.9171875 0.428125 0.0421875 0.040625
0 0.91484375 0.284375 0.0390625 0.040625
0 0.81484375 0.3328125 0.04375 0.04375
0 0.77578125 0.0953125 0.0625 0.0484375
0 0.48359375 0.8390625 0.053125 0.0546875
0 0.61484375 0.82890625 0.046875 0.0390625
0 0.64140625 0.73671875 0.0578125 0.0453125
0 0.72578125 0.79296875 0.0609375 0.03125
0 0.86015625 0.778125 0.0390625 0.0390625
0 0.8 0.71328125 0.0453125 0.040625
0 0.39765625 0.9625 0.0671875 0.046875
0 0.3453125 0.853125 0.0546875 0.040625
0 0.284375 0.85546875 0.065625 0.053125
0 0.20546875 0.9421875 0.065625 0.0453125
0 0.63203125 0.91484375 0.0546875 0.0328125
0 0.71953125 0.88203125 0.0453125 0.04375
0 0.6078125 0.9515625 0.0578125 0.0375
0 0.18203125 0.8609375 0.0421875 0.0375