0 0.33828125 0.93203125 0.0390625 0.034375
0 0.5046875 0.92890625 0.053125 0.034375
0 0.73984375 0.8234375 0.053125 0.0453125
0 0.603125 0.796875 0.0703125 0.0484375
0 0.4328125 0.8390625 0.0625 0.0390625
0 0.27421875 0.85078125 0.0625 0.0390625
0 0.30390625 0.7546875 0.059375 0.0421875
0 0.20859375 0.75390625 0.0625 0.0453125
0 0.21171875 0.6671875 0.059375 0.0359375
0 0.221875 0.6375 0.0421875 0.0296875
0 0.16640625 0.6546875 0.053125 0.04375
0 0.246875 0.55 0.0515625 0.0421875
0 0.40390625 0.61171875 0.0796875 0.04375
0 0.40546875 0.73515625 0.0546875 0.0453125
0 0.51171875 0.684375 0.078125 0.0640625
0 0.57421875 0.65625 0.0703125 0.059375
0 0.7765625 0.67109375 0.05625 0.0453125
0 0.87578125 0.69375 0.0609375 0.0484375
0 0.85390625 0.61328125 0.0640625 0.053125
0 0.82734375 0.4703125 0.071875 0.040625
0 0.715625 0.4265625 0.0609375 0.05625
0 0.69921875 0.57109375 0.059375 0.0390625
0 0.575 0.51640625 0.0609375 0.0453125
0 0.58984375 0.39453125 0.0578125 0.0484375
0 0.46953125 0.46015625 0.075 0.04375
0 0.27265625 0.4 0.0703125 0.046875
0 0.21171875 0.42578125 0.053125 0.0359375
0 0.10546875 0.45859375 0.0796875 0.0390625
0 0.04609375 0.4421875 0.0625 0.0421875
0 0.1328125 0.3265625 0.0453125 0.040625
0 0.20546875 0.28671875 0.0515625 0.046875
0 0.4328125 0.22578125 0.06875 0.04375
0 0.75703125 0.23984375 0.06875 0.040625
0 0.82890625 0.30234375 0.0421875 0.0375
0 0.84765625 0.2609375 0.046875 0.040625
0 0.896875 0.31953125 0.04375 0.040625
0 0.94609375 0.44140625 0.04375 0.0421875
0 0.97578125 0.5828125 0.040625 0.0421875
0 0.8671875 0.5578125 0.04375 0.0453125
0 0.88203125 0.7984375 0.0640625 0.0484375
0 0.42734375 0.1359375 0.0546875 0.05625
0 0.55859375 0.115625 0.046875 0.0390625
0 0.6046875 0.20078125 0.0578125 0.046875
0 0.675 0.12578125 0.0609375 0.0328125
0 0.81015625 0.11015625 0.040625 0.040625
0 0.76640625 0.18671875 0.046875 0.040625
0 0.315625 0.03671875 0.0671875 0.04375
0 0.2890625 0.153125 0.05625 0.0421875
0 0.228125 0.16484375 0.0671875 0.0546875
0 0.13125 0.0984375 0.065625 0.046875
0 0.55625 0.02734375 0.0546875 0.034375
0 0.6484375 0.03984375 0.046875 0.04375
0 0.525 0.0078125 0.05625 0.015625
0 0.1265625 0.1828125 0.0421875 0.0390625