0 0.78203125 0.86640625 0.0390625 0.034375
0 0.6234375 0.9125 0.0546875 0.0359375
0 0.37109375 0.8796875 0.0546875 0.046875
0 0.49296875 0.815625 0.0703125 0.0515625
0 0.66484375 0.80625 0.0625 0.0421875
0 0.81953125 0.77109375 0.0625 0.0421875
0 0.7625 0.6890625 0.059375 0.04375
0 0.853125 0.66171875 0.0640625 0.0484375
0 0.82421875 0.5796875 0.059375 0.0375
0 0.80703125 0.5546875 0.0421875 0.0328125
0 0.86328125 0.55546875 0.0546875 0.0453125
0 0.7578125 0.4796875 0.0515625 0.0421875
0 0.62734375 0.5828125 0.0796875 0.046875
0 0.66171875 0.70078125 0.05625 0.046875
0 0.546875 0.68359375 0.0796875 0.065625
0 0.47890625 0.675 0.071875 0.0625
0 0.2921875 0.74765625 0.0578125 0.046875
0 0.20546875 0.79765625 0.0609375 0.0515625
0 0.203125 0.7140625 0.0640625 0.0546875
0 0.1859375 0.571875 0.071875 0.04375
0 0.27890625 0.4984375 0.0625 0.0578125
0 0.3375 0.63046875 0.059375 0.040625
0 0.4375 0.54375 0.0625 0.0484375
0 0.3890625 0.43203125 0.0578125 0.05
0 0.521875 0.459375 0.0765625 0.046875
0 0.68984375 0.34609375 0.0703125 0.05
0 0.7546875 0.35234375 0.053125 0.0375
0 0.8640625 0.353125 0.0796875 0.0421875
0 0.91640625 0.3203125 0.0625 0.0453125
0 0.80078125 0.2359375 0.046875 0.0421875
0 0.72109375 0.21875 0.0515625 0.05
0 0.48828125 0.22734375 0.0703125 0.0453125
0 0.18671875 0.334375 0.06875 0.0421875
0 0.13671875 0.4140625 0.04375 0.0390625
0 0.10703125 0.38125 0.046875 0.0421875
0 0.078125 0.45 0.0453125 0.040625
0 0.065625 0.57890625 0.0453125 0.0421875
0 0.07890625 0.72109375 0.040625 0.0421875
0 0.175 0.66640625 0.0453125 0.046875
0 0.2296875 0.8984375 0.0640625 0.0515625
0 0.46796875 0.14140625 0.05625 0.0578125
0 0.33828125 0.159375 0.0484375 0.040625
0 0.31953125 0.253125 0.059375 0.05
0 0.23046875 0.203125 0.0609375 0.0359375
0 0.09921875 0.22734375 0.040625 0.040625
0 0.1625 0.2875 0.046875 0.0421875
0 0.54375 0.01953125 0.06875 0.0390625
0 0.60390625 0.1171875 0.05625 0.04375
0 0.6640625 0.1109375 0.06875 0.05625
0 0.73671875 0.021875 0.0671875 0.04375
0 0.31484375 0.07578125 0.05625 0.0359375
0 0.23125 0.1140625 0.0484375 0.0453125
0 0.33671875 0.03828125 0.0578125 0.040625
0 0.76484375 0.0984375 0.04375 0.040625