0 0.2953125 0.80078125 0.034375 0.034375
0 0.28359375 0.84453125 0.0265625 0.028125
0 0.32109375 0.45625 0.0359375 0.0421875
0 0.3203125 0.61875 0.0296875 0.034375
0 0.321875 0.67265625 0.0390625 0.03125
0 0.2171875 0.6671875 0.03125 0.021875
0 0.3796875 0.3984375 0.025 0.0234375
0 0.3421875 0.075 0.0296875 0.034375
0 0.36953125 0.059375 0.0234375 0.03125
0 0.4453125 0.56796875 0.0296875 0.0265625
0 0.38984375 0.58203125 0.0328125 0.021875
0 0.390625 0.634375 0.025 0.0359375
0 0.42578125 0.69453125 0.0296875 0.025