0 0.66796875 0.7984375 0.0328125 0.0328125
0 0.68046875 0.840625 0.0265625 0.028125
0 0.6359375 0.4546875 0.034375 0.040625
0 0.63984375 0.6171875 0.0296875 0.034375
0 0.63828125 0.67109375 0.0390625 0.03125
0 0.74375 0.6640625 0.0296875 0.021875
0 0.57734375 0.3984375 0.0234375 0.0234375
0 0.6078125 0.075 0.0296875 0.034375
0 0.58046875 0.06015625 0.0234375 0.0296875
0 0.51328125 0.56875 0.0296875 0.0265625
0 0.56875 0.58125 0.03125 0.021875
0 0.5703125 0.63359375 0.025 0.0359375
0 0.53515625 0.6953125 0.0296875 0.025