0 0.75625 0.7796875 0.0359375 0.0359375
0 0.77734375 0.81875 0.028125 0.0296875
0 0.65625 0.45546875 0.0390625 0.04375
0 0.69296875 0.6109375 0.0328125 0.0375
0 0.703125 0.66328125 0.0421875 0.0359375
0 0.80234375 0.634375 0.0328125 0.025
0 0.58828125 0.4140625 0.0265625 0.025
0 0.5515625 0.096875 0.0328125 0.0375
0 0.521875 0.0875 0.0265625 0.0328125
0 0.56171875 0.590625 0.03125 0.028125
0 0.61875 0.590625 0.034375 0.025
0 0.6296875 0.64140625 0.028125 0.0375
0 0.60859375 0.70703125 0.03125 0.0265625