0 0.746875 0.21484375 0.034375 0.034375
0 0.765625 0.17578125 0.028125 0.028125
0 0.65859375 0.540625 0.0375 0.04375
0 0.6890625 0.384375 0.03125 0.0359375
0 0.696875 0.3328125 0.040625 0.034375
0 0.796875 0.35703125 0.03125 0.0234375
0 0.59140625 0.58359375 0.025 0.0234375
0 0.56640625 0.90078125 0.03125 0.0359375
0 0.5375 0.91015625 0.025 0.03125
0 0.559375 0.409375 0.0296875 0.028125
0 0.615625 0.40703125 0.0328125 0.0234375
0 0.625 0.35625 0.0265625 0.0375
0 0.6015625 0.2921875 0.0296875 0.0265625