0 0.64921875 0.80625 0.0328125 0.03125
0 0.659375 0.8484375 0.0265625 0.0265625
0 0.64296875 0.48046875 0.034375 0.040625
0 0.63515625 0.63359375 0.0296875 0.034375
0 0.63046875 0.684375 0.0390625 0.03125
0 0.73046875 0.684375 0.0296875 0.021875
0 0.590625 0.4234375 0.0234375 0.021875
0 0.64140625 0.1203125 0.0296875 0.034375
0 0.61640625 0.1046875 0.0234375 0.0296875
0 0.51875 0.5796875 0.028125 0.0265625
0 0.571875 0.5953125 0.03125 0.021875
0 0.56875 0.64453125 0.025 0.034375
0 0.53125 0.70078125 0.028125 0.025