0 0.31875 0.7890625 0.0296875 0.0296875
0 0.30546875 0.82890625 0.0234375 0.025
0 0.359375 0.4671875 0.03125 0.0375
0 0.35078125 0.61953125 0.0265625 0.03125
0 0.35 0.6703125 0.0359375 0.028125
0 0.2515625 0.66015625 0.028125 0.01875
0 0.4171875 0.41640625 0.021875 0.0203125
0 0.3984375 0.11171875 0.0265625 0.03125
0 0.425 0.0984375 0.0203125 0.028125
0 0.47109375 0.578125 0.0265625 0.0234375
0 0.41796875 0.58828125 0.0296875 0.01875
0 0.415625 0.6375 0.021875 0.0328125
0 0.44609375 0.69609375 0.0265625 0.021875