0 0.63828125 0.16484375 0.0375 0.0359375
0 0.6421875 0.121875 0.0296875 0.03125
0 0.67265625 0.50390625 0.040625 0.0453125
0 0.6453125 0.34609375 0.034375 0.0390625
0 0.634375 0.29453125 0.04375 0.0375
0 0.7375 0.28046875 0.0328125 0.025
0 0.625 0.56953125 0.0265625 0.025
0 0.7171875 0.8765625 0.034375 0.0390625
0 0.6921875 0.896875 0.0265625 0.034375
0 0.53203125 0.4171875 0.0328125 0.0296875
0 0.58359375 0.39375 0.034375 0.0265625
0 0.57421875 0.34296875 0.0296875 0.0390625
0 0.53046875 0.28984375 0.0328125 0.028125