0 0.278125 0.2140625 0.0328125 0.0328125
0 0.2609375 0.175 0.0265625 0.028125
0 0.3484375 0.540625 0.0359375 0.040625
0 0.32578125 0.38515625 0.0296875 0.034375
0 0.3203125 0.3328125 0.0390625 0.03125
0 0.2203125 0.35234375 0.03125 0.021875
0 0.4125 0.5875 0.025 0.0234375
0 0.4203125 0.9015625 0.0296875 0.034375
0 0.44921875 0.91328125 0.0234375 0.03125
0 0.45390625 0.4171875 0.0296875 0.0265625
0 0.3984375 0.4109375 0.0328125 0.021875
0 0.39140625 0.3609375 0.025 0.0359375
0 0.4171875 0.2984375 0.0296875 0.025