0 0.62109375 0.17109375 0.0359375 0.0359375
0 0.6265625 0.128125 0.0296875 0.0296875
0 0.6484375 0.50078125 0.0390625 0.04375
0 0.625 0.346875 0.0328125 0.0375
0 0.61484375 0.29609375 0.0421875 0.0359375
0 0.715625 0.28515625 0.0328125 0.025
0 0.6015625 0.5640625 0.0265625 0.025
0 0.68515625 0.86484375 0.0328125 0.0375
0 0.66171875 0.88359375 0.0265625 0.0328125
0 0.5140625 0.4140625 0.03125 0.0296875
0 0.5640625 0.3921875 0.034375 0.025
0 0.55625 0.34296875 0.0296875 0.0375
0 0.5140625 0.28984375 0.03125 0.028125