0 0.68125 0.7890625 0.0296875 0.028125
0 0.69453125 0.82890625 0.0234375 0.025
0 0.640625 0.4671875 0.03125 0.0375
0 0.64921875 0.61953125 0.0265625 0.03125
0 0.65 0.6703125 0.0359375 0.028125
0 0.7484375 0.66015625 0.028125 0.01875
0 0.5828125 0.41640625 0.021875 0.0203125
0 0.6015625 0.11171875 0.0265625 0.03125
0 0.575 0.0984375 0.0203125 0.028125
0 0.52890625 0.578125 0.0265625 0.0234375
0 0.58203125 0.58828125 0.0296875 0.01875
0 0.584375 0.6375 0.021875 0.0328125
0 0.55390625 0.69609375 0.0265625 0.021875