0 0.35 0.19375 0.0328125 0.03125
0 0.340625 0.1515625 0.0265625 0.028125
0 0.35703125 0.5234375 0.0359375 0.0421875
0 0.36484375 0.36875 0.03125 0.034375
0 0.36953125 0.3171875 0.0390625 0.0328125
0 0.26875 0.3171875 0.03125 0.021875
0 0.41015625 0.58046875 0.0234375 0.021875
0 0.35859375 0.88671875 0.03125 0.034375
0 0.384375 0.90234375 0.0234375 0.03125
0 0.48125 0.4234375 0.0296875 0.0265625
0 0.42890625 0.40703125 0.0328125 0.021875
0 0.43203125 0.35703125 0.025 0.0359375
0 0.46875 0.30078125 0.0296875 0.025