0 0.36015625 0.178125 0.0359375 0.034375
0 0.35546875 0.13515625 0.028125 0.0296875
0 0.3390625 0.51484375 0.0390625 0.0453125
0 0.359375 0.3578125 0.0328125 0.0375
0 0.36875 0.30546875 0.0421875 0.0359375
0 0.26640625 0.296875 0.0328125 0.025
0 0.38671875 0.578125 0.0265625 0.025
0 0.30703125 0.88515625 0.0328125 0.0375
0 0.33203125 0.9046875 0.0265625 0.0328125
0 0.47421875 0.42421875 0.03125 0.0296875
0 0.421875 0.403125 0.034375 0.025
0 0.42890625 0.35234375 0.028125 0.0375
0 0.471875 0.2984375 0.03125 0.028125