0 0.271875 0.778125 0.034375 0.0328125
0 0.25234375 0.81640625 0.028125 0.0296875
0 0.36484375 0.45703125 0.0375 0.0421875
0 0.33203125 0.6109375 0.03125 0.0359375
0 0.3234375 0.6625 0.040625 0.034375
0 0.22421875 0.6359375 0.03125 0.0234375
0 0.43203125 0.41484375 0.025 0.025
0 0.46171875 0.10234375 0.03125 0.0359375
0 0.490625 0.09375 0.025 0.03125
0 0.4609375 0.58828125 0.03125 0.028125
0 0.4046875 0.58984375 0.0328125 0.0234375
0 0.39453125 0.63984375 0.028125 0.0375
0 0.41640625 0.70390625 0.03125 0.0265625