0 0.8625 0.52890625 0.0515625 0.05625
0 0.8421875 0.36640625 0.0328125 0.0734375
0 0.7265625 0.415625 0.0328125 0.0796875
1 0.7953125 0.5109375 0.0734375 0.0515625
0 0.7453125 0.475 0.01875 0.0359375
0 0.6953125 0.49453125 0.0171875 0.0328125
0 0.66171875 0.48046875 0.0265625 0.0515625
0 0.68671875 0.38359375 0.015625 0.0203125
0 0.20078125 0.46015625 0.0125 0.0359375
0 0.19921875 0.50859375 0.0234375 0.0359375
0 0.309375 0.51796875 0.103125 0.0828125
0 0.23984375 0.3921875 0.0234375 0.0375
0 0.165625 0.4375 0.0125 0.028125
0 0.16875 0.4765625 0.0125 0.0265625
0 0.1625 0.528125 0.0171875 0.0265625
0 0.13515625 0.48203125 0.0140625 0.03125