0 0.17578125 0.53125 0.053125 0.0578125
0 0.19609375 0.3640625 0.0328125 0.075
0 0.31484375 0.4140625 0.034375 0.08125
1 0.24375 0.5125 0.0765625 0.0515625
0 0.2953125 0.475 0.01875 0.0359375
0 0.346875 0.49609375 0.0171875 0.0328125
0 0.38125 0.48125 0.028125 0.053125
0 0.35625 0.38125 0.0171875 0.0203125
0 0.85703125 0.46015625 0.0125 0.0359375
0 0.85703125 0.51015625 0.025 0.0375
0 0.7453125 0.51953125 0.10625 0.0859375
0 0.815625 0.38984375 0.0234375 0.0390625
0 0.89296875 0.43671875 0.0125 0.0296875
0 0.88828125 0.47734375 0.0125 0.028125
0 0.8953125 0.53046875 0.01875 0.0265625
0 0.9234375 0.4828125 0.0140625 0.03125