0 0.16640625 0.50703125 0.04609375 0.05078125
0 0.19609375 0.66171875 0.0265625 0.06796875
0 0.303125 0.60703125 0.02734375 0.07421875
1 0.23125 0.5203125 0.06875 0.04375
0 0.28125 0.5515625 0.015625 0.0328125
0 0.328125 0.52890625 0.01484375 0.0296875
0 0.36015625 0.540625 0.02265625 0.04765625
0 0.34375 0.634375 0.01484375 0.01875
0 0.803125 0.52890625 0.009375 0.03359375
0 0.80078125 0.4828125 0.0203125 0.03359375
0 0.6953125 0.48125 0.09375 0.0734375
0 0.7703125 0.596875 0.01875 0.03515625
0 0.83828125 0.5484375 0.009375 0.02734375
0 0.83203125 0.5109375 0.01015625 0.02578125
0 0.834375 0.46171875 0.01484375 0.02421875
0 0.8640625 0.503125 0.0109375 0.02890625