0 0.40546875 0.13515625 0.0390625 0.0265625
0 0.42421875 0.20625 0.0328125 0.0265625
0 0.428125 0.28515625 0.0359375 0.0296875
0 0.43671875 0.32734375 0.0359375 0.0203125
0 0.4734375 0.36015625 0.0328125 0.0265625
0 0.48359375 0.33046875 0.0421875 0.0265625
0 0.48359375 0.29765625 0.04375 0.0265625
0 0.49453125 0.265625 0.0296875 0.0234375
0 0.57109375 0.30625 0.046875 0.0296875
0 0.55859375 0.3375 0.05 0.028125
0 0.61640625 0.2 0.05 0.0296875
0 0.50546875 0.20078125 0.0328125 0.0265625
0 0.45625 0.21171875 0.0296875 0.021875
0 0.4640625 0.15234375 0.040625 0.0234375
0 0.4625 0.0921875 0.0359375 0.03125
0 0.52421875 0.09921875 0.053125 0.025
0 0.5125 0.1328125 0.0328125 0.0203125
0 0.50859375 0.165625 0.046875 0.025
0 0.58125 0.15625 0.040625 0.025
0 0.58671875 0.121875 0.0359375 0.0234375
0 0.6078125 0.10546875 0.05 0.025
0 0.60390625 0.08046875 0.0390625 0.025
0 0.73125 0.1 0.034375 0.0203125
0 0.71640625 0.1453125 0.0453125 0.0234375
0 0.70703125 0.18046875 0.05625 0.03125
0 0.70390625 0.215625 0.05625 0.028125
0 0.6328125 0.2828125 0.0328125 0.0171875
0 0.6359375 0.23515625 0.0453125 0.0265625
0 0.5640625 0.23046875 0.04375 0.025
0 0.6328125 0.28515625 0.0328125 0.0234375
0 0.6953125 0.2609375 0.03125 0.0265625
0 0.65703125 0.23359375 0.0296875 0.0203125
0 0.69375 0.30078125 0.0390625 0.0265625
0 0.6921875 0.33515625 0.0296875 0.0265625