0 0.33671875 0.16796875 0.04375 0.034375
0 0.37109375 0.2328125 0.0375 0.034375
0 0.39296875 0.309375 0.0421875 0.0375
0 0.4109375 0.34921875 0.0390625 0.028125
0 0.45390625 0.371875 0.0375 0.034375
0 0.45703125 0.34140625 0.046875 0.0359375
0 0.45 0.309375 0.0484375 0.0359375
0 0.453125 0.275 0.034375 0.0296875
0 0.53671875 0.29765625 0.0515625 0.0390625
0 0.53203125 0.33046875 0.0546875 0.0375
0 0.55703125 0.18359375 0.0546875 0.0390625
0 0.4484375 0.209375 0.0375 0.034375
0 0.403125 0.23203125 0.034375 0.028125
0 0.3984375 0.171875 0.04375 0.0328125
0 0.3828125 0.1140625 0.0421875 0.0390625
0 0.44453125 0.10625 0.0578125 0.0359375
0 0.440625 0.14140625 0.0359375 0.0265625
0 0.44375 0.175 0.05 0.034375
0 0.51328125 0.14921875 0.0453125 0.034375
0 0.51015625 0.11484375 0.040625 0.03125
0 0.5265625 0.09375 0.053125 0.034375
0 0.51640625 0.06953125 0.04375 0.0328125
0 0.64609375 0.06015625 0.0375 0.0265625
0 0.6421875 0.1078125 0.0484375 0.0328125
0 0.640625 0.14453125 0.0625 0.0421875
0 0.6453125 0.1796875 0.0609375 0.0390625
0 0.5921875 0.2609375 0.0359375 0.0234375
0 0.5828125 0.21328125 0.05 0.0359375
0 0.51171875 0.225 0.0484375 0.034375
0 0.5921875 0.2625 0.0375 0.03125
0 0.64609375 0.225 0.0375 0.0328125
0 0.60390625 0.2078125 0.0328125 0.0265625
0 0.6546875 0.2640625 0.04375 0.034375
0 0.66171875 0.29765625 0.0359375 0.0328125