0 0.57890625 0.8609375 0.0359375 0.025
0 0.56171875 0.79375 0.03125 0.025
0 0.559375 0.71875 0.034375 0.028125
0 0.55234375 0.678125 0.034375 0.01875
0 0.51796875 0.646875 0.03125 0.025
0 0.5078125 0.67421875 0.0390625 0.025
0 0.50703125 0.70546875 0.040625 0.025
0 0.496875 0.7359375 0.028125 0.021875
0 0.425 0.69609375 0.04375 0.0265625
0 0.43671875 0.6671875 0.046875 0.025
0 0.3796875 0.79609375 0.046875 0.0265625
0 0.48515625 0.79765625 0.03125 0.025
0 0.53203125 0.7875 0.028125 0.0203125
0 0.5234375 0.84375 0.0375 0.021875
0 0.52421875 0.90078125 0.034375 0.0296875
0 0.465625 0.89296875 0.05 0.021875
0 0.47734375 0.86171875 0.03125 0.01875
0 0.48203125 0.83046875 0.04375 0.021875
0 0.4125 0.83828125 0.0375 0.0234375
0 0.40703125 0.8703125 0.034375 0.021875
0 0.38671875 0.8859375 0.046875 0.021875
0 0.390625 0.91015625 0.0359375 0.0234375
0 0.26953125 0.8890625 0.0328125 0.01875
0 0.284375 0.84609375 0.0421875 0.021875
0 0.29375 0.81328125 0.053125 0.028125
0 0.29765625 0.7796875 0.053125 0.025
0 0.365625 0.7171875 0.03125 0.015625
0 0.3625 0.7625 0.0421875 0.025
0 0.43046875 0.76875 0.040625 0.0234375
0 0.365625 0.715625 0.03125 0.021875
0 0.30703125 0.7375 0.0296875 0.025
0 0.3421875 0.76328125 0.028125 0.01875
0 0.30859375 0.7 0.0359375 0.025
0 0.31015625 0.6671875 0.028125 0.025