0 0.88203125 0.509375 0.0328125 0.040625
0 0.8125 0.50546875 0.03125 0.0359375
0 0.7359375 0.51796875 0.034375 0.040625
0 0.69375 0.51875 0.0265625 0.0375
0 0.65546875 0.490625 0.03125 0.0359375
0 0.68125 0.47421875 0.0328125 0.04375
0 0.7125 0.4671875 0.0328125 0.0453125
0 0.74140625 0.4515625 0.028125 0.0328125
0 0.6875 0.3875 0.0359375 0.0484375
0 0.66015625 0.4046875 0.034375 0.0515625
0 0.77890625 0.32265625 0.0359375 0.0515625
0 0.80078125 0.428125 0.03125 0.0359375
0 0.79921875 0.4765625 0.0265625 0.0328125
0 0.8546875 0.45703125 0.0296875 0.0421875
0 0.9125 0.446875 0.0359375 0.040625
0 0.8921875 0.38984375 0.03125 0.0546875
0 0.86328125 0.40703125 0.025 0.0359375
0 0.83359375 0.41875 0.03125 0.0484375
0 0.82734375 0.346875 0.03125 0.0421875
0 0.85859375 0.33515625 0.0296875 0.0390625
0 0.8703125 0.31171875 0.03125 0.0515625
0 0.8953125 0.3109375 0.03125 0.040625
0 0.85 0.19296875 0.025 0.0359375
0 0.81015625 0.2171875 0.0296875 0.046875
0 0.77890625 0.2328125 0.0390625 0.059375
0 0.74609375 0.24296875 0.0359375 0.059375
0 0.69609375 0.3234375 0.021875 0.034375
0 0.7421875 0.3109375 0.0328125 0.046875
0 0.7609375 0.378125 0.03125 0.0453125
0 0.6953125 0.3234375 0.028125 0.0359375
0 0.70546875 0.2609375 0.03125 0.034375
0 0.7390625 0.29140625 0.025 0.0328125
0 0.66875 0.26953125 0.0328125 0.040625
0 0.6359375 0.278125 0.03125 0.0328125