0 0.8609375 0.42109375 0.025 0.0359375
0 0.79375 0.43828125 0.025 0.03125
0 0.71875 0.440625 0.028125 0.034375
0 0.678125 0.44765625 0.01875 0.034375
0 0.646875 0.48203125 0.025 0.03125
0 0.67421875 0.4921875 0.025 0.0390625
0 0.70546875 0.49296875 0.025 0.040625
0 0.7359375 0.503125 0.021875 0.028125
0 0.69609375 0.575 0.0265625 0.04375
0 0.6671875 0.56328125 0.025 0.046875
0 0.79609375 0.6203125 0.0265625 0.046875
0 0.79765625 0.51484375 0.025 0.03125
0 0.7875 0.46796875 0.0203125 0.028125
0 0.84375 0.4765625 0.021875 0.0375
0 0.90078125 0.47578125 0.0296875 0.034375
0 0.89296875 0.534375 0.021875 0.05
0 0.86171875 0.52265625 0.01875 0.03125
0 0.83046875 0.51796875 0.021875 0.04375
0 0.83828125 0.5875 0.0234375 0.0375
0 0.8703125 0.59296875 0.021875 0.034375
0 0.8859375 0.61328125 0.021875 0.046875
0 0.91015625 0.609375 0.0234375 0.0359375
0 0.8890625 0.73046875 0.01875 0.0328125
0 0.84609375 0.715625 0.021875 0.0421875
0 0.81328125 0.70625 0.028125 0.053125
0 0.7796875 0.70234375 0.025 0.053125
0 0.7171875 0.634375 0.015625 0.03125
0 0.7625 0.6375 0.025 0.0421875
0 0.76875 0.56953125 0.0234375 0.040625
0 0.715625 0.634375 0.021875 0.03125
0 0.7375 0.69296875 0.025 0.0296875
0 0.76328125 0.6578125 0.01875 0.028125
0 0.7 0.69140625 0.025 0.0359375
0 0.6671875 0.68984375 0.025 0.028125