0 0.46171875 0.10234375 0.040625 0.03125
0 0.46953125 0.17421875 0.0359375 0.0296875
0 0.4609375 0.2515625 0.0390625 0.034375
0 0.4625 0.29453125 0.0390625 0.025
0 0.49375 0.33203125 0.0359375 0.0296875
0 0.5078125 0.30546875 0.04375 0.03125
0 0.51328125 0.27265625 0.0453125 0.03125
0 0.528125 0.24375 0.03125 0.0265625
0 0.59609375 0.2953125 0.0484375 0.0328125
0 0.58046875 0.32265625 0.0515625 0.0328125
0 0.65703125 0.1984375 0.0515625 0.034375
0 0.5484375 0.18203125 0.0359375 0.0296875
0 0.49921875 0.18515625 0.03125 0.025
0 0.515625 0.128125 0.0421875 0.028125
0 0.5234375 0.06953125 0.0390625 0.0359375
0 0.5828125 0.08671875 0.0546875 0.0296875
0 0.56640625 0.11640625 0.0359375 0.0234375
0 0.55625 0.1484375 0.0484375 0.028125
0 0.6296875 0.15078125 0.0421875 0.0296875
0 0.63984375 0.11796875 0.0390625 0.028125
0 0.6625 0.1046875 0.0515625 0.0296875
0 0.6625 0.0796875 0.040625 0.0296875
0 0.78359375 0.11875 0.0375 0.0234375
0 0.7625 0.16015625 0.046875 0.028125
0 0.7484375 0.19296875 0.059375 0.0359375
0 0.73984375 0.2265625 0.0578125 0.0328125
0 0.66015625 0.28203125 0.034375 0.0203125
0 0.66953125 0.23515625 0.046875 0.03125
0 0.60078125 0.21875 0.0453125 0.0296875
0 0.66015625 0.28359375 0.0359375 0.0265625
0 0.7234375 0.26953125 0.034375 0.0296875
0 0.690625 0.2375 0.03125 0.0234375
0 0.71640625 0.30703125 0.040625 0.03125
0 0.71015625 0.340625 0.0328125 0.0296875