0 0.8875 0.49765625 0.034375 0.0421875
0 0.8140625 0.49453125 0.0328125 0.0375
0 0.73671875 0.50859375 0.0359375 0.040625
0 0.69296875 0.51015625 0.0265625 0.0390625
0 0.65234375 0.48203125 0.0328125 0.0375
0 0.67890625 0.46484375 0.034375 0.0453125
0 0.71171875 0.4578125 0.034375 0.046875
0 0.740625 0.43984375 0.0296875 0.034375
0 0.68359375 0.375 0.0375 0.0515625
0 0.65625 0.39296875 0.0359375 0.053125
0 0.7765625 0.30625 0.0375 0.0546875
0 0.8015625 0.41484375 0.0328125 0.0375
0 0.8015625 0.465625 0.0265625 0.0328125
0 0.8578125 0.44375 0.03125 0.04375
0 0.9171875 0.43203125 0.0375 0.0421875
0 0.8953125 0.3734375 0.034375 0.05625
0 0.86640625 0.39296875 0.0265625 0.0359375
0 0.83515625 0.40390625 0.0328125 0.05
0 0.82734375 0.33046875 0.0328125 0.04375
0 0.859375 0.31796875 0.0296875 0.040625
0 0.871875 0.29375 0.0328125 0.053125
0 0.896875 0.29296875 0.0328125 0.0421875
0 0.8484375 0.171875 0.0265625 0.0375
0 0.8078125 0.196875 0.0328125 0.0484375
0 0.77578125 0.2140625 0.040625 0.0609375
0 0.7421875 0.225 0.0375 0.0609375
0 0.6921875 0.309375 0.0234375 0.0359375
0 0.73828125 0.29609375 0.0359375 0.0484375
0 0.759375 0.36484375 0.0328125 0.046875
0 0.690625 0.309375 0.0296875 0.0375
0 0.70078125 0.24453125 0.0328125 0.0359375
0 0.73515625 0.27421875 0.025 0.0328125
0 0.66171875 0.25390625 0.034375 0.0421875
0 0.628125 0.2625 0.0328125 0.034375