0 0.3859375 0.1375 0.0390625 0.0296875
0 0.4109375 0.203125 0.034375 0.0296875
0 0.42109375 0.278125 0.0375 0.0328125
0 0.43203125 0.31875 0.0375 0.021875
0 0.4703125 0.346875 0.034375 0.0296875
0 0.47734375 0.31796875 0.0421875 0.0296875
0 0.475 0.28671875 0.04375 0.0296875
0 0.48203125 0.2546875 0.03125 0.025
0 0.559375 0.2875 0.046875 0.03125
0 0.55 0.3171875 0.05 0.03125
0 0.59453125 0.18125 0.05 0.0328125
0 0.4875 0.19140625 0.034375 0.0296875
0 0.440625 0.20625 0.03125 0.0234375
0 0.44453125 0.1484375 0.040625 0.025
0 0.4375 0.09140625 0.0375 0.034375
0 0.496875 0.09296875 0.053125 0.0265625
0 0.4890625 0.12578125 0.034375 0.021875
0 0.48671875 0.15703125 0.046875 0.0265625
0 0.55703125 0.1421875 0.040625 0.0265625
0 0.55859375 0.10859375 0.0375 0.025
0 0.57734375 0.09140625 0.05 0.0265625
0 0.57109375 0.0671875 0.0390625 0.0265625
0 0.69609375 0.07578125 0.0359375 0.021875
0 0.68515625 0.12109375 0.0453125 0.0265625
0 0.67890625 0.15546875 0.05625 0.034375
0 0.67890625 0.1890625 0.05625 0.03125
0 0.6171875 0.259375 0.0328125 0.01875
0 0.615625 0.2140625 0.0453125 0.0296875
0 0.54609375 0.2140625 0.04375 0.028125
0 0.6171875 0.2609375 0.034375 0.025
0 0.6734375 0.2328125 0.0328125 0.028125
0 0.63515625 0.2109375 0.03125 0.021875
0 0.6765625 0.27109375 0.0390625 0.0296875
0 0.678125 0.30390625 0.03125 0.028125