0 0.128125 0.50390625 0.0328125 0.040625
0 0.1984375 0.50625 0.03125 0.0359375
0 0.271875 0.49140625 0.034375 0.0390625
0 0.3140625 0.4890625 0.0265625 0.0375
0 0.35234375 0.515625 0.03125 0.0359375
0 0.32734375 0.53203125 0.0328125 0.04375
0 0.296875 0.53984375 0.0328125 0.0453125
0 0.26953125 0.55625 0.028125 0.0328125
0 0.32421875 0.61796875 0.0359375 0.0484375
0 0.35078125 0.6 0.034375 0.0515625
0 0.2375 0.68515625 0.0359375 0.0515625
0 0.21171875 0.58203125 0.03125 0.0359375
0 0.2109375 0.53359375 0.0265625 0.03125
0 0.1578125 0.5546875 0.0296875 0.0421875
0 0.1015625 0.5671875 0.0359375 0.040625
0 0.12265625 0.62265625 0.0328125 0.053125
0 0.15 0.60390625 0.025 0.034375
0 0.1796875 0.5921875 0.03125 0.046875
0 0.18828125 0.6625 0.03125 0.0421875
0 0.1578125 0.675 0.0296875 0.0390625
0 0.14765625 0.6984375 0.03125 0.05
0 0.12265625 0.7 0.03125 0.040625
0 0.17109375 0.8140625 0.025 0.0359375
0 0.209375 0.78984375 0.03125 0.0453125
0 0.2390625 0.7734375 0.0390625 0.0578125
0 0.271875 0.76171875 0.0359375 0.0578125
0 0.3171875 0.68125 0.021875 0.034375
0 0.2734375 0.69375 0.034375 0.046875
0 0.25234375 0.6296875 0.03125 0.0453125
0 0.31875 0.68046875 0.028125 0.0359375
0 0.3109375 0.74296875 0.03125 0.034375
0 0.27734375 0.7140625 0.025 0.03125
0 0.346875 0.73359375 0.0328125 0.040625
0 0.3796875 0.72421875 0.03125 0.0328125