0 0.8609375 0.35859375 0.0296875 0.0390625
0 0.79453125 0.38515625 0.0296875 0.034375
0 0.71796875 0.396875 0.0328125 0.0390625
0 0.6765625 0.409375 0.0234375 0.0375
0 0.64921875 0.4484375 0.0296875 0.034375
0 0.67890625 0.45546875 0.03125 0.04375
0 0.71171875 0.45234375 0.03125 0.0453125
0 0.74375 0.459375 0.0265625 0.03125
0 0.71171875 0.5375 0.0328125 0.0484375
0 0.68046875 0.52890625 0.03125 0.0515625
0 0.81953125 0.57109375 0.0328125 0.0515625
0 0.8078125 0.46328125 0.0296875 0.034375
0 0.7921875 0.41640625 0.025 0.03125
0 0.85 0.41796875 0.0265625 0.0421875
0 0.909375 0.409375 0.034375 0.0390625
0 0.9078125 0.47109375 0.028125 0.0546875
0 0.875 0.4625 0.0234375 0.034375
0 0.8421875 0.46171875 0.028125 0.0484375
0 0.85859375 0.53203125 0.028125 0.0421875
0 0.8921875 0.53359375 0.0265625 0.0375
0 0.9109375 0.55234375 0.028125 0.0515625
0 0.93515625 0.54609375 0.028125 0.0390625
0 0.92890625 0.67265625 0.0234375 0.0359375
0 0.8828125 0.6625 0.028125 0.046875
0 0.8484375 0.65703125 0.0359375 0.0578125
0 0.8140625 0.6578125 0.0328125 0.0578125
0 0.740625 0.5953125 0.0203125 0.034375
0 0.7875 0.59296875 0.03125 0.046875
0 0.78515625 0.52265625 0.0296875 0.0453125
0 0.7390625 0.59609375 0.0265625 0.034375
0 0.76875 0.65234375 0.0296875 0.0328125
0 0.79140625 0.6140625 0.0234375 0.03125
0 0.73046875 0.65625 0.0296875 0.0390625
0 0.696875 0.65859375 0.0296875 0.03125