0 0.66953125 0.83671875 0.0421875 0.034375
0 0.63515625 0.7734375 0.0375 0.0328125
0 0.6125 0.69765625 0.0421875 0.0375
0 0.59609375 0.6578125 0.0390625 0.028125
0 0.553125 0.63515625 0.0375 0.0328125
0 0.54921875 0.665625 0.0453125 0.034375
0 0.55625 0.696875 0.046875 0.0359375
0 0.55390625 0.73046875 0.034375 0.0296875
0 0.47109375 0.70859375 0.0515625 0.0390625
0 0.47578125 0.67578125 0.0546875 0.0375
0 0.45078125 0.821875 0.0546875 0.0390625
0 0.5578125 0.79609375 0.0375 0.0328125
0 0.603125 0.77421875 0.034375 0.028125
0 0.6078125 0.83359375 0.04375 0.03125
0 0.6234375 0.89140625 0.0421875 0.0390625
0 0.56171875 0.89765625 0.05625 0.034375
0 0.56640625 0.86328125 0.0359375 0.0265625
0 0.56328125 0.83046875 0.05 0.0328125
0 0.49453125 0.85546875 0.04375 0.0328125
0 0.49765625 0.88984375 0.040625 0.03125
0 0.4796875 0.9109375 0.053125 0.034375
0 0.490625 0.93359375 0.0421875 0.0328125
0 0.3625 0.94296875 0.0375 0.0265625
0 0.36640625 0.896875 0.0484375 0.0328125
0 0.36796875 0.8609375 0.0609375 0.0421875
0 0.36328125 0.82578125 0.059375 0.0390625
0 0.41640625 0.74453125 0.0359375 0.0234375
0 0.42421875 0.79140625 0.0484375 0.0359375
0 0.4953125 0.78046875 0.046875 0.034375
0 0.415625 0.74296875 0.0375 0.0296875
0 0.36171875 0.7796875 0.0359375 0.0328125
0 0.4046875 0.79765625 0.0328125 0.0265625
0 0.35390625 0.74140625 0.0421875 0.034375
0 0.34765625 0.7078125 0.034375 0.0328125