0 0.62265625 0.88203125 0.0390625 0.028125
0 0.60078125 0.81328125 0.034375 0.028125
0 0.59453125 0.734375 0.0375 0.03125
0 0.584375 0.69296875 0.0375 0.021875
0 0.546875 0.66171875 0.034375 0.028125
0 0.53828125 0.69140625 0.0421875 0.028125
0 0.5390625 0.72421875 0.04375 0.028125
0 0.5296875 0.75546875 0.03125 0.0234375
0 0.45234375 0.71875 0.046875 0.03125
0 0.4625 0.6875 0.05 0.0296875
0 0.4109375 0.82578125 0.05 0.03125
0 0.52109375 0.82109375 0.034375 0.028125
0 0.56953125 0.80859375 0.03125 0.021875
0 0.5640625 0.8671875 0.040625 0.025
0 0.56796875 0.92734375 0.0375 0.0328125
0 0.50546875 0.921875 0.053125 0.025
0 0.51640625 0.8890625 0.034375 0.021875
0 0.51953125 0.85546875 0.046875 0.025
0 0.44765625 0.86796875 0.040625 0.0265625
0 0.44296875 0.90234375 0.0375 0.025
0 0.42265625 0.91953125 0.05 0.025
0 0.428125 0.94453125 0.0390625 0.0265625
0 0.3 0.92890625 0.0359375 0.021875
0 0.31328125 0.8828125 0.0453125 0.025
0 0.32109375 0.8484375 0.05625 0.0328125
0 0.3234375 0.8125 0.05625 0.0296875
0 0.39140625 0.74375 0.034375 0.01875
0 0.390625 0.79140625 0.0453125 0.028125
0 0.4625 0.79453125 0.04375 0.0265625
0 0.39140625 0.7421875 0.034375 0.025
0 0.33125 0.76875 0.0328125 0.028125
0 0.36875 0.79296875 0.03125 0.0203125
0 0.33046875 0.72890625 0.0390625 0.028125
0 0.33046875 0.69453125 0.03125 0.028125