0 0.409375 0.1375 0.0375 0.0265625
0 0.42890625 0.2046875 0.0328125 0.0265625
0 0.43359375 0.28046875 0.0359375 0.0296875
0 0.4421875 0.32109375 0.0359375 0.0203125
0 0.478125 0.35234375 0.0328125 0.0265625
0 0.4875 0.3234375 0.040625 0.0265625
0 0.4875 0.2921875 0.0421875 0.0265625
0 0.49609375 0.2609375 0.028125 0.0234375
0 0.5703125 0.29921875 0.0453125 0.028125
0 0.559375 0.328125 0.0484375 0.0265625
0 0.61328125 0.19609375 0.0484375 0.028125
0 0.50625 0.1984375 0.0328125 0.0265625
0 0.459375 0.21015625 0.028125 0.021875
0 0.465625 0.15234375 0.0390625 0.0234375
0 0.46328125 0.0953125 0.0359375 0.03125
0 0.52265625 0.1015625 0.0515625 0.0234375
0 0.51171875 0.1328125 0.0328125 0.0203125
0 0.5078125 0.16484375 0.0453125 0.0234375
0 0.578125 0.1546875 0.0390625 0.025
0 0.5828125 0.121875 0.0359375 0.0234375
0 0.60234375 0.10546875 0.0484375 0.0234375
0 0.59765625 0.08046875 0.0375 0.025
0 0.72109375 0.0984375 0.034375 0.0203125
0 0.7078125 0.14140625 0.04375 0.0234375
0 0.69921875 0.17578125 0.0546875 0.0296875
0 0.69609375 0.209375 0.0546875 0.0265625
0 0.6296875 0.275 0.0328125 0.0171875
0 0.63125 0.2296875 0.04375 0.0265625
0 0.5625 0.22578125 0.0421875 0.025
0 0.6296875 0.27734375 0.0328125 0.0234375
0 0.68828125 0.25234375 0.03125 0.0265625
0 0.65234375 0.228125 0.028125 0.0203125
0 0.68828125 0.290625 0.0375 0.0265625
0 0.6875 0.3234375 0.0296875 0.0265625