0 0.10859375 0.46484375 0.028125 0.0390625
0 0.18125 0.47890625 0.028125 0.034375
0 0.2609375 0.47734375 0.03125 0.0375
0 0.3046875 0.4828125 0.021875 0.0375
0 0.33984375 0.51796875 0.028125 0.034375
0 0.31171875 0.53046875 0.028125 0.0421875
0 0.278125 0.5328125 0.028125 0.04375
0 0.246875 0.54453125 0.025 0.03125
0 0.29296875 0.61875 0.03125 0.0484375
0 0.32265625 0.6046875 0.0296875 0.0515625
0 0.1890625 0.67265625 0.03125 0.0515625
0 0.18125 0.56015625 0.028125 0.034375
0 0.1890625 0.5109375 0.0234375 0.03125
0 0.13046875 0.52265625 0.025 0.040625
0 0.06953125 0.525 0.0328125 0.0390625
0 0.08125 0.58671875 0.0265625 0.0546875
0 0.11328125 0.57265625 0.021875 0.034375
0 0.146875 0.56640625 0.0265625 0.0484375
0 0.1421875 0.63984375 0.0265625 0.040625
0 0.10859375 0.64765625 0.025 0.0375
0 0.09296875 0.6703125 0.0265625 0.0515625
0 0.06640625 0.6671875 0.0265625 0.0390625
0 0.09609375 0.7953125 0.021875 0.0359375
0 0.14140625 0.77734375 0.025 0.0453125
0 0.175 0.76484375 0.0328125 0.0578125
0 0.2109375 0.75859375 0.0296875 0.0578125
0 0.2734375 0.68359375 0.01875 0.034375
0 0.225 0.6890625 0.028125 0.0453125
0 0.21484375 0.6171875 0.0265625 0.04375
0 0.275 0.6828125 0.025 0.034375
0 0.2546875 0.746875 0.028125 0.0328125
0 0.22578125 0.7109375 0.021875 0.03125
0 0.29453125 0.74296875 0.028125 0.0390625
0 0.3296875 0.7390625 0.028125 0.03125