0 0.51796875 0.89765625 0.0421875 0.0328125
0 0.5109375 0.8234375 0.0375 0.03125
0 0.51875 0.7421875 0.040625 0.0359375
0 0.5171875 0.69765625 0.040625 0.025
0 0.4859375 0.65859375 0.0375 0.03125
0 0.4703125 0.68671875 0.0453125 0.0328125
0 0.46484375 0.7203125 0.046875 0.0328125
0 0.44921875 0.7515625 0.0328125 0.028125
0 0.378125 0.69765625 0.0515625 0.0359375
0 0.3953125 0.66796875 0.0546875 0.034375
0 0.31484375 0.7984375 0.0546875 0.0359375
0 0.42734375 0.815625 0.0375 0.03125
0 0.47890625 0.81171875 0.0328125 0.0265625
0 0.4609375 0.87109375 0.04375 0.028125
0 0.453125 0.93203125 0.0421875 0.0375
0 0.3921875 0.915625 0.05625 0.03125
0 0.409375 0.88359375 0.0359375 0.025
0 0.41953125 0.85078125 0.05 0.0296875
0 0.34296875 0.8484375 0.04375 0.03125
0 0.3328125 0.88203125 0.040625 0.028125
0 0.30859375 0.89609375 0.053125 0.0296875
0 0.30859375 0.921875 0.0421875 0.03125
0 0.18203125 0.88125 0.0390625 0.025
0 0.20390625 0.8375 0.0484375 0.0296875
0 0.21875 0.80390625 0.0609375 0.0375
0 0.22890625 0.76796875 0.0609375 0.034375
0 0.3109375 0.71171875 0.0359375 0.021875
0 0.30078125 0.759375 0.05 0.0328125
0 0.37265625 0.7765625 0.046875 0.03125
0 0.3109375 0.709375 0.0359375 0.028125
0 0.2453125 0.72421875 0.0359375 0.03125
0 0.27890625 0.7578125 0.0328125 0.025
0 0.25234375 0.684375 0.0421875 0.0328125
0 0.25859375 0.64921875 0.034375 0.03125