0 0.97578125 0.19140625 0.0484375 0.0578125
0 0.83828125 0.54453125 0.028125 0.0359375
0 0.82890625 0.365625 0.0453125 0.040625
0 0.87890625 0.2203125 0.0359375 0.0453125
0 0.82421875 0.17265625 0.0375 0.040625
0 0.44921875 0.38203125 0.0359375 0.05
0 0.3453125 0.72578125 0.0453125 0.0484375
0 0.296875 0.7203125 0.0578125 0.0484375
0 0.24609375 0.62109375 0.0484375 0.053125
0 0.2015625 0.6859375 0.04375 0.05
0 0.09140625 0.628125 0.046875 0.0546875
0 0.12578125 0.5234375 0.0484375 0.0578125
0 0.221875 0.50390625 0.0421875 0.040625
0 0.2015625 0.46640625 0.05625 0.0421875
0 0.63984375 0.12109375 0.0390625 0.04375
0 0.58828125 0.16875 0.046875 0.0546875
0 0.67734375 0.040625 0.034375 0.040625
0 0.47109375 0.52421875 0.040625 0.040625
0 0.31171875 0.29375 0.0484375 0.0359375
0 0.91640625 0.54296875 0.0375 0.0390625
0 0.73671875 0.47109375 0.040625 0.0453125
0 0.7578125 0.1296875 0.040625 0.040625
0 0.80078125 0.73203125 0.040625 0.0375
0 0.73203125 0.79921875 0.0453125 0.0375
0 0.76171875 0.809375 0.0375 0.034375
0 0.81640625 0.5734375 0.0375 0.028125
0 0.540625 0.690625 0.0375 0.0375
0 0.7703125 0.9234375 0.040625 0.046875