0 0.92578125 0.1515625 0.053125 0.053125
0 0.81953125 0.51875 0.025 0.034375
0 0.7921875 0.340625 0.0421875 0.0375
0 0.8265625 0.18984375 0.0328125 0.0421875
0 0.76640625 0.14765625 0.034375 0.0390625
0 0.4140625 0.396875 0.03125 0.046875
0 0.34609375 0.7515625 0.040625 0.04375
0 0.296875 0.75234375 0.053125 0.04375
0 0.23515625 0.65859375 0.0453125 0.0484375
0 0.19765625 0.728125 0.0390625 0.046875
0 0.08046875 0.68125 0.0421875 0.05
0 0.1046875 0.57421875 0.04375 0.053125
0 0.19921875 0.54375 0.0390625 0.0375
0 0.17421875 0.50703125 0.053125 0.0390625
0 0.57734375 0.11640625 0.0359375 0.040625
0 0.53046875 0.16953125 0.0421875 0.05
0 0.60625 0.0296875 0.03125 0.0421875
0 0.45 0.5375 0.0375 0.0375
0 0.26640625 0.3234375 0.0453125 0.03125
0 0.89765625 0.509375 0.034375 0.0375
0 0.71015625 0.45625 0.0375 0.0421875
0 0.6953125 0.11171875 0.0375 0.0375
0 0.80234375 0.7109375 0.0390625 0.034375
0 0.73984375 0.7859375 0.0421875 0.034375
0 0.771875 0.7921875 0.0359375 0.03125
0 0.8015625 0.55 0.0375 0.025
0 0.5375 0.696875 0.0359375 0.034375
0 0.79140625 0.90546875 0.0375 0.04375