0 0.95078125 0.1953125 0.0546875 0.0546875
0 0.8234375 0.546875 0.025 0.034375
0 0.8078125 0.37109375 0.04375 0.0390625
0 0.8515625 0.2265625 0.034375 0.04375
0 0.79609375 0.18125 0.0359375 0.040625
0 0.434375 0.4 0.034375 0.0484375
0 0.3453125 0.74140625 0.04375 0.0453125
0 0.296875 0.73828125 0.0546875 0.0453125
0 0.2421875 0.6421875 0.046875 0.0515625
0 0.20234375 0.70859375 0.0421875 0.0484375
0 0.090625 0.6546875 0.04375 0.0515625
0 0.121875 0.5515625 0.0453125 0.0546875
0 0.21484375 0.528125 0.040625 0.0390625
0 0.19375 0.49140625 0.0546875 0.040625
0 0.61328125 0.1375 0.0375 0.0421875
0 0.5640625 0.18671875 0.04375 0.0515625
0 0.64765625 0.05546875 0.0328125 0.0421875
0 0.4609375 0.5390625 0.0390625 0.0390625
0 0.296875 0.31875 0.046875 0.034375
0 0.89921875 0.54296875 0.0359375 0.0390625
0 0.71953125 0.478125 0.0390625 0.04375
0 0.7296875 0.140625 0.0390625 0.0390625
0 0.7921875 0.7328125 0.040625 0.0359375
0 0.7265625 0.80078125 0.04375 0.0359375
0 0.75703125 0.81015625 0.0375 0.0328125
0 0.80234375 0.57578125 0.0375 0.0265625
0 0.53515625 0.70078125 0.0375 0.0359375
0 0.76875 0.921875 0.040625 0.0453125