0 0.8515625 0.078125 0.0546875 0.0546875
0 0.47578125 0.1859375 0.034375 0.025
0 0.65859375 0.21484375 0.0390625 0.04375
0 0.8125 0.17890625 0.04375 0.0328125
0 0.85546875 0.24140625 0.040625 0.0359375
0 0.60078125 0.6015625 0.0484375 0.0328125
0 0.2375 0.67109375 0.0453125 0.0421875
0 0.2375 0.721875 0.04375 0.0546875
0 0.33359375 0.78515625 0.05 0.0453125
0 0.2625 0.82265625 0.0484375 0.040625
0 0.31015625 0.9421875 0.0515625 0.0421875
0 0.4203125 0.9171875 0.0546875 0.04375
0 0.45078125 0.821875 0.0390625 0.040625
0 0.48828125 0.84609375 0.0390625 0.0546875
0 0.88828125 0.43515625 0.0421875 0.0375
0 0.8328125 0.4828125 0.0515625 0.0421875
0 0.97578125 0.40546875 0.040625 0.03125
0 0.4578125 0.56484375 0.0390625 0.0390625
0 0.67578125 0.75234375 0.03125 0.0453125
0 0.48671875 0.10625 0.0390625 0.0359375
0 0.540625 0.2984375 0.04375 0.0390625
0 0.89296875 0.3125 0.0390625 0.0390625
0 0.2796875 0.20390625 0.0359375 0.040625
0 0.203125 0.2671875 0.0359375 0.04375
0 0.196875 0.2359375 0.03125 0.0359375
0 0.44453125 0.2046875 0.025 0.0375
0 0.29375 0.475 0.0359375 0.0375
0 0.08046875 0.215625 0.0453125 0.0390625