0 0.02578125 0.76875 0.0515625 0.059375
0 0.1890625 0.42890625 0.0296875 0.0359375
0 0.1859375 0.6078125 0.046875 0.04375
0 0.12578125 0.7484375 0.0390625 0.0453125
0 0.17734375 0.8 0.0390625 0.04375
0 0.5640625 0.61796875 0.0390625 0.05
0 0.69140625 0.28359375 0.046875 0.05
0 0.73984375 0.2921875 0.059375 0.05
0 0.78359375 0.39375 0.0515625 0.0546875
0 0.83125 0.33203125 0.0453125 0.053125
0 0.93828125 0.3984375 0.0484375 0.05625
0 0.8953125 0.49921875 0.05 0.059375
0 0.79921875 0.5125 0.04375 0.0421875
0 0.8171875 0.5515625 0.0578125 0.0453125
0 0.35703125 0.8640625 0.040625 0.0453125
0 0.4109375 0.81953125 0.0484375 0.05625
0 0.31328125 0.94296875 0.0375 0.0453125
0 0.553125 0.475 0.0421875 0.0421875
0 0.69453125 0.71484375 0.0484375 0.0375
0 0.11171875 0.42578125 0.0390625 0.0421875
0 0.28515625 0.509375 0.04375 0.046875
0 0.23984375 0.84765625 0.0421875 0.0421875
0 0.2390625 0.24453125 0.04375 0.0390625
0 0.3125 0.1828125 0.0453125 0.040625
0 0.28359375 0.17109375 0.0390625 0.0359375
0 0.2125 0.40234375 0.0390625 0.0296875
0 0.49453125 0.30390625 0.040625 0.0390625
0 0.2828125 0.05703125 0.04375 0.0484375