0 0.975 0.79296875 0.05 0.0578125
0 0.83046875 0.4453125 0.028125 0.0359375
0 0.825 0.62421875 0.0453125 0.0421875
0 0.87734375 0.76796875 0.0375 0.04375
0 0.82265625 0.81640625 0.0375 0.0421875
0 0.44609375 0.61484375 0.0359375 0.05
0 0.3375 0.27421875 0.0453125 0.0484375
0 0.28828125 0.28046875 0.0578125 0.0484375
0 0.23828125 0.3796875 0.05 0.053125
0 0.19375 0.315625 0.04375 0.0515625
0 0.084375 0.37578125 0.046875 0.0546875
0 0.121875 0.47890625 0.0484375 0.0578125
0 0.2171875 0.496875 0.0421875 0.040625
0 0.19765625 0.53515625 0.05625 0.04375
0 0.640625 0.87109375 0.0390625 0.04375
0 0.58828125 0.82421875 0.046875 0.0546875
0 0.6796875 0.95234375 0.034375 0.0421875
0 0.46484375 0.47265625 0.040625 0.040625
0 0.3109375 0.7046875 0.0484375 0.0359375
0 0.90859375 0.44609375 0.0375 0.040625
0 0.73046875 0.5203125 0.0421875 0.0453125
0 0.7578125 0.8609375 0.040625 0.040625
0 0.790625 0.259375 0.0421875 0.0375
0 0.7203125 0.19375 0.0453125 0.0390625
0 0.75 0.1828125 0.0375 0.034375
0 0.80859375 0.41796875 0.0390625 0.028125
0 0.53125 0.3046875 0.0390625 0.0375
0 0.75625 0.06953125 0.0421875 0.046875