0 0.92734375 0.16328125 0.0515625 0.0515625
0 0.82578125 0.51953125 0.0234375 0.0328125
0 0.7984375 0.346875 0.040625 0.0359375
0 0.8328125 0.20078125 0.03125 0.040625
0 0.7734375 0.16015625 0.0328125 0.0375
0 0.43203125 0.40078125 0.0296875 0.0453125
0 0.36640625 0.74453125 0.0390625 0.0421875
0 0.31875 0.74453125 0.0515625 0.0421875
0 0.25859375 0.65390625 0.0421875 0.046875
0 0.2234375 0.721875 0.0375 0.0453125
0 0.109375 0.6765625 0.040625 0.0484375
0 0.13359375 0.57265625 0.0421875 0.0515625
0 0.22421875 0.54296875 0.0375 0.0359375
0 0.20078125 0.5078125 0.0515625 0.0375
0 0.590625 0.12890625 0.034375 0.0390625
0 0.54453125 0.18046875 0.040625 0.0484375
0 0.61875 0.0453125 0.0296875 0.0390625
0 0.4671875 0.53671875 0.0359375 0.0359375
0 0.28984375 0.33046875 0.04375 0.0296875
0 0.90078125 0.51015625 0.0328125 0.0359375
0 0.71953125 0.459375 0.0359375 0.040625
0 0.7046875 0.125 0.0359375 0.0359375
0 0.809375 0.70546875 0.0375 0.0328125
0 0.7484375 0.77734375 0.040625 0.0328125
0 0.778125 0.78359375 0.034375 0.0296875
0 0.80703125 0.54921875 0.0359375 0.0234375
0 0.5515625 0.6921875 0.034375 0.0328125
0 0.7984375 0.89375 0.0359375 0.0421875