0 0.90546875 0.85625 0.0484375 0.0484375
0 0.82265625 0.49765625 0.021875 0.03125
0 0.78671875 0.66796875 0.0390625 0.034375
0 0.8125 0.8140625 0.0296875 0.0390625
0 0.75234375 0.8515625 0.03125 0.0359375
0 0.42578125 0.59453125 0.028125 0.04375
0 0.37890625 0.25 0.0375 0.040625
0 0.33125 0.24765625 0.05 0.0390625
0 0.2671875 0.334375 0.040625 0.0453125
0 0.23515625 0.265625 0.0359375 0.04375
0 0.1203125 0.3046875 0.0375 0.046875
0 0.13828125 0.409375 0.0390625 0.05
0 0.2265625 0.44296875 0.0359375 0.034375
0 0.2015625 0.4765625 0.05 0.034375
0 0.56875 0.87265625 0.0328125 0.0375
0 0.5265625 0.81875 0.0375 0.046875
0 0.5921875 0.95703125 0.028125 0.0390625
0 0.46796875 0.46171875 0.034375 0.034375
0 0.28125 0.6578125 0.0421875 0.028125
0 0.896875 0.5109375 0.03125 0.034375
0 0.7140625 0.55234375 0.034375 0.0390625
0 0.6828125 0.8828125 0.034375 0.034375
0 0.815625 0.3125 0.0359375 0.03125
0 0.759375 0.2375 0.0390625 0.03125
0 0.78984375 0.2328125 0.0328125 0.028125
0 0.80625 0.4671875 0.034375 0.021875
0 0.56015625 0.3125 0.0328125 0.03125
0 0.81484375 0.125 0.034375 0.040625