0 0.02421875 0.76953125 0.0484375 0.0578125
0 0.17734375 0.43203125 0.028125 0.0359375
0 0.1765625 0.60859375 0.046875 0.0421875
0 0.1203125 0.74765625 0.0375 0.0453125
0 0.17265625 0.79765625 0.0390625 0.0421875
0 0.55 0.61171875 0.0375 0.05
0 0.66875 0.28046875 0.0453125 0.0484375
0 0.71640625 0.28828125 0.0578125 0.05
0 0.76171875 0.3875 0.05 0.053125
0 0.8078125 0.32578125 0.0453125 0.0515625
0 0.91328125 0.3890625 0.046875 0.0546875
0 0.8734375 0.4890625 0.05 0.0578125
0 0.77890625 0.503125 0.04375 0.0421875
0 0.796875 0.5421875 0.05625 0.0453125
0 0.35 0.85703125 0.040625 0.04375
0 0.403125 0.8125 0.046875 0.0546875
0 0.30859375 0.93515625 0.0359375 0.04375
0 0.5359375 0.47109375 0.0421875 0.0421875
0 0.67890625 0.7046875 0.0484375 0.0359375
0 0.1015625 0.4296875 0.0390625 0.040625
0 0.27265625 0.509375 0.0421875 0.046875
0 0.234375 0.84296875 0.0421875 0.0421875
0 0.2234375 0.25 0.0421875 0.0390625
0 0.29453125 0.18828125 0.0453125 0.0390625
0 0.26484375 0.1765625 0.0390625 0.034375
0 0.2 0.40546875 0.0390625 0.028125
0 0.47578125 0.30390625 0.0390625 0.0390625
0 0.26328125 0.06484375 0.04375 0.0484375