0 0.0328125 0.1515625 0.0546875 0.0546875
0 0.14296875 0.53515625 0.025 0.034375
0 0.171875 0.3484375 0.04375 0.0390625
0 0.1359375 0.19140625 0.034375 0.04375
0 0.19921875 0.14765625 0.0359375 0.040625
0 0.5671875 0.40703125 0.0328125 0.0484375
0 0.6375 0.77734375 0.0421875 0.0453125
0 0.6890625 0.778125 0.05625 0.0453125
0 0.753125 0.6796875 0.046875 0.0515625
0 0.7921875 0.753125 0.0421875 0.05
0 0.9140625 0.7046875 0.04375 0.053125
0 0.8890625 0.59140625 0.0453125 0.05625
0 0.7921875 0.5609375 0.040625 0.0390625
0 0.8171875 0.52265625 0.05625 0.040625
0 0.396875 0.1140625 0.0375 0.0421875
0 0.4453125 0.1703125 0.04375 0.053125
0 0.36640625 0.025 0.0328125 0.0390625
0 0.5296875 0.55390625 0.0390625 0.0390625
0 0.7203125 0.33046875 0.046875 0.0328125
0 0.06171875 0.52421875 0.0359375 0.0390625
0 0.2578125 0.46953125 0.0390625 0.04375
0 0.271875 0.11015625 0.0390625 0.0390625
0 0.1609375 0.73515625 0.040625 0.0359375
0 0.2265625 0.81328125 0.04375 0.0359375
0 0.19375 0.81953125 0.0375 0.0328125
0 0.1625 0.5671875 0.0390625 0.025
0 0.43828125 0.72109375 0.0375 0.0359375
0 0.17265625 0.93828125 0.0390625 0.0453125