0 0.15703125 0.06796875 0.05625 0.05625
0 0.17734375 0.440625 0.0265625 0.0359375
0 0.24296875 0.2765625 0.0453125 0.0421875
0 0.24296875 0.12734375 0.0359375 0.04375
0 0.309375 0.1 0.0375 0.0421875
0 0.58984375 0.41328125 0.0359375 0.0484375
0 0.57578125 0.765625 0.0453125 0.046875
0 0.6234375 0.7765625 0.05625 0.0484375
0 0.70234375 0.7015625 0.0484375 0.053125
0 0.721875 0.77578125 0.04375 0.05
0 0.84375 0.75625 0.0453125 0.053125
0 0.84453125 0.6484375 0.0484375 0.05625
0 0.76171875 0.6 0.0421875 0.040625
0 0.79296875 0.5703125 0.05625 0.04375
0 0.49609375 0.11171875 0.0390625 0.04375
0 0.52890625 0.17265625 0.0453125 0.053125
0 0.4875 0.0234375 0.034375 0.04375
0 0.52421875 0.5390625 0.040625 0.040625
0 0.7453125 0.37578125 0.046875 0.0359375
0 0.10546875 0.41484375 0.0375 0.040625
0 0.2953125 0.40546875 0.0421875 0.0453125
0 0.384375 0.08125 0.040625 0.040625
0 0.1515625 0.6265625 0.0421875 0.0375
0 0.19453125 0.7109375 0.0453125 0.0390625
0 0.16328125 0.71015625 0.0375 0.0328125
0 0.18828125 0.4734375 0.0390625 0.028125
0 0.40625 0.671875 0.0390625 0.0375
0 0.11953125 0.8140625 0.0421875 0.046875