0 0.925 0.84765625 0.0578125 0.0578125
0 0.54375 0.82109375 0.0359375 0.028125
0 0.7125 0.75703125 0.0421875 0.0453125
0 0.86640625 0.759375 0.0453125 0.0359375
0 0.8953125 0.69140625 0.0421875 0.0375
0 0.578125 0.3984375 0.05 0.0359375
0 0.2171875 0.40546875 0.0484375 0.0453125
0 0.20703125 0.35703125 0.0484375 0.0578125
0 0.2859375 0.27734375 0.053125 0.0484375
0 0.21015625 0.25546875 0.05 0.04375
0 0.23125 0.13203125 0.0546875 0.046875
0 0.34140625 0.1328125 0.0578125 0.0484375
0 0.390625 0.21796875 0.040625 0.0421875
0 0.42109375 0.1875 0.04375 0.05625
0 0.88671875 0.5 0.04375 0.040625
0 0.825 0.46484375 0.0546875 0.046875
0 0.97734375 0.509375 0.04375 0.034375
0 0.44921875 0.46328125 0.040625 0.040625
0 0.6203125 0.23984375 0.0359375 0.0484375
0 0.56875 0.89453125 0.040625 0.0375
0 0.58125 0.70078125 0.0453125 0.0421875
0 0.91640625 0.61484375 0.040625 0.040625
0 0.35234375 0.84375 0.0375 0.0421875
0 0.26640625 0.79765625 0.0390625 0.0453125
0 0.265625 0.83046875 0.034375 0.0390625
0 0.509375 0.809375 0.028125 0.0390625
0 0.31015625 0.58125 0.0375 0.0390625
0 0.159375 0.8734375 0.046875 0.0421875