0 0.15546875 0.93671875 0.0515625 0.0515625
0 0.51875 0.8390625 0.0328125 0.0234375
0 0.34375 0.8078125 0.0359375 0.040625
0 0.1953125 0.83984375 0.040625 0.03125
0 0.1546875 0.7796875 0.0375 0.0328125
0 0.40546875 0.43671875 0.0453125 0.0296875
0 0.75625 0.3765625 0.0421875 0.0390625
0 0.75703125 0.32734375 0.0421875 0.0515625
0 0.66640625 0.265625 0.046875 0.04375
0 0.73515625 0.23046875 0.0453125 0.0375
0 0.69140625 0.1140625 0.0484375 0.040625
0 0.58515625 0.13671875 0.0515625 0.0421875
0 0.55390625 0.22734375 0.0359375 0.0375
0 0.51875 0.20390625 0.0375 0.0515625
0 0.1265625 0.59296875 0.0390625 0.034375
0 0.18046875 0.54765625 0.0484375 0.040625
0 0.04140625 0.6203125 0.0390625 0.0296875
0 0.54296875 0.475 0.0359375 0.0359375
0 0.33671875 0.29140625 0.0296875 0.04375
0 0.50859375 0.915625 0.0359375 0.0328125
0 0.459375 0.7296875 0.040625 0.0359375
0 0.1203125 0.71015625 0.0359375 0.0359375
0 0.70859375 0.825 0.0328125 0.0375
0 0.7828125 0.765625 0.0328125 0.040625
0 0.78828125 0.79609375 0.0296875 0.034375
0 0.54921875 0.82109375 0.0234375 0.0359375
0 0.69921875 0.5640625 0.0328125 0.034375
0 0.89921875 0.8171875 0.0421875 0.0359375