0 0.940625 0.81171875 0.053125 0.053125
0 0.8203125 0.4640625 0.025 0.0328125
0 0.80234375 0.63671875 0.0421875 0.0375
0 0.84375 0.7796875 0.034375 0.0421875
0 0.7875 0.8234375 0.034375 0.0390625
0 0.4359375 0.6015625 0.0328125 0.046875
0 0.353125 0.2640625 0.0421875 0.04375
0 0.30546875 0.26640625 0.053125 0.04375
0 0.25078125 0.359375 0.0453125 0.05
0 0.21171875 0.29453125 0.040625 0.046875
0 0.10234375 0.3453125 0.0421875 0.05
0 0.13046875 0.44765625 0.04375 0.053125
0 0.221875 0.471875 0.0390625 0.0375
0 0.20078125 0.5078125 0.053125 0.0390625
0 0.60703125 0.86328125 0.0359375 0.040625
0 0.559375 0.8140625 0.0421875 0.05
0 0.63984375 0.94453125 0.03125 0.040625
0 0.4640625 0.465625 0.0375 0.0375
0 0.29921875 0.6796875 0.0453125 0.0328125
0 0.89609375 0.46953125 0.034375 0.0375
0 0.71875 0.5296875 0.0375 0.0421875
0 0.721875 0.86171875 0.0375 0.0375
0 0.79453125 0.28046875 0.0390625 0.034375
0 0.73046875 0.21171875 0.0421875 0.0359375
0 0.76015625 0.20390625 0.0359375 0.03125
0 0.80078125 0.43515625 0.0359375 0.025
0 0.53984375 0.30703125 0.0359375 0.034375
0 0.77421875 0.09453125 0.0390625 0.04375