0 0.0828125 0.0859375 0.053125 0.053125
0 0.46171875 0.15234375 0.034375 0.025
0 0.2859375 0.2 0.0375 0.0421875
0 0.13125 0.18046875 0.0421875 0.0328125
0 0.0953125 0.24609375 0.0390625 0.034375
0 0.38203125 0.57265625 0.046875 0.0328125
0 0.74375 0.60234375 0.04375 0.040625
0 0.74921875 0.65234375 0.04375 0.0546875
0 0.66171875 0.72421875 0.05 0.0453125
0 0.73515625 0.75390625 0.0484375 0.040625
0 0.7015625 0.87578125 0.0515625 0.0421875
0 0.590625 0.86328125 0.0546875 0.04375
0 0.55078125 0.771875 0.0375 0.0390625
0 0.5171875 0.8 0.0390625 0.0546875
0 0.08359375 0.43828125 0.040625 0.0359375
0 0.1421875 0.4796875 0.0515625 0.0421875
0 0.0078125 0.4171875 0.015625 0.03125
0 0.51796875 0.52109375 0.0375 0.0375
0 0.3234375 0.7265625 0.03125 0.0453125
0 0.44296875 0.07578125 0.0375 0.034375
0 0.41015625 0.26953125 0.0421875 0.0375
0 0.06640625 0.3203125 0.0375 0.0375
0 0.65546875 0.15 0.034375 0.0390625
0 0.73671875 0.2046875 0.034375 0.0421875
0 0.7390625 0.171875 0.03125 0.0359375
0 0.49453125 0.16796875 0.025 0.0375
0 0.66953125 0.4171875 0.034375 0.0359375
0 0.8515625 0.140625 0.04375 0.0375