0 0.63828125 0.58515625 0.0234375 0.0265625
0 0.59140625 0.51640625 0.028125 0.0421875
0 0.528125 0.53515625 0.0328125 0.04375
0 0.525 0.65 0.0203125 0.03125
0 0.54375 0.61875 0.0265625 0.0296875
0 0.4828125 0.59609375 0.028125 0.0390625
0 0.503125 0.4078125 0.0328125 0.0296875
0 0.575 0.34296875 0.0328125 0.0265625
0 0.440625 0.290625 0.034375 0.04375
0 0.51875 0.334375 0.03125 0.0328125
0 0.678125 0.56328125 0.0296875 0.0359375
0 0.728125 0.53359375 0.03125 0.0390625
0 0.7078125 0.5140625 0.03125 0.0359375
0 0.6515625 0.41328125 0.021875 0.034375
0 0.60078125 0.615625 0.0234375 0.0421875
0 0.4828125 0.68203125 0.03125 0.034375
0 0.359375 0.4484375 0.0265625 0.028125
0 0.34296875 0.41796875 0.021875 0.0265625
0 0.3578125 0.56484375 0.0234375 0.0296875
0 0.36015625 0.61015625 0.0203125 0.03125
0 0.34765625 0.64140625 0.0171875 0.03125
0 0.32265625 0.640625 0.0203125 0.0203125