0 0.56953125 0.6484375 0.021875 0.0203125
0 0.5109375 0.59609375 0.0375 0.021875
0 0.5375 0.5390625 0.0375 0.0265625
0 0.6453125 0.55078125 0.028125 0.015625
0 0.61328125 0.56484375 0.025 0.021875
0 0.6 0.50390625 0.034375 0.021875
0 0.42109375 0.49921875 0.025 0.028125
0 0.35078125 0.55703125 0.021875 0.028125
0 0.31953125 0.42421875 0.0375 0.028125
0 0.35 0.503125 0.028125 0.0265625
0 0.54296875 0.6828125 0.03125 0.0234375
0 0.509375 0.72578125 0.034375 0.025
0 0.49375 0.7046875 0.03125 0.025
0 0.40625 0.6390625 0.03125 0.0171875
0 0.603125 0.6171875 0.0375 0.0171875
0 0.68125 0.515625 0.0296875 0.025
0 0.478125 0.36953125 0.0234375 0.021875
0 0.4515625 0.34921875 0.021875 0.01875
0 0.5875 0.3828125 0.025 0.01875
0 0.6296875 0.390625 0.028125 0.015625
0 0.66015625 0.38359375 0.028125 0.0125
0 0.66328125 0.36015625 0.0171875 0.0171875