0 0.5203125 0.31484375 0.028125 0.0265625
0 0.47421875 0.38359375 0.04375 0.0328125
0 0.515625 0.43515625 0.0453125 0.0375
0 0.6234375 0.3953125 0.0328125 0.0234375
0 0.5875 0.3890625 0.03125 0.0296875
0 0.5890625 0.4546875 0.040625 0.03125
0 0.40703125 0.50546875 0.0328125 0.0359375
0 0.3203125 0.4640625 0.0296875 0.034375
0 0.321875 0.6078125 0.0453125 0.0390625
0 0.33359375 0.51953125 0.0359375 0.034375
0 0.48515625 0.2859375 0.0375 0.0328125
0 0.43984375 0.25078125 0.040625 0.034375
0 0.42890625 0.2765625 0.0375 0.034375
0 0.35625 0.365625 0.0359375 0.025
0 0.56328125 0.3375 0.04375 0.0265625
0 0.66875 0.42265625 0.0375 0.0328125
0 0.4984375 0.6234375 0.0296875 0.028125
0 0.4765625 0.6515625 0.028125 0.025
0 0.60703125 0.58203125 0.03125 0.025
0 0.6484375 0.56328125 0.0328125 0.0234375
0 0.68125 0.5625 0.03125 0.0203125
0 0.690625 0.5859375 0.021875 0.021875