0 0.65 0.39921875 0.025 0.025
0 0.60546875 0.46796875 0.028125 0.0421875
0 0.54296875 0.45078125 0.0328125 0.0421875
0 0.5375 0.33828125 0.0203125 0.03125
0 0.5578125 0.36796875 0.0265625 0.0296875
0 0.496875 0.3921875 0.028125 0.0390625
0 0.52109375 0.5765625 0.0328125 0.0296875
0 0.59140625 0.6390625 0.0328125 0.0265625
0 0.4609375 0.69296875 0.034375 0.04375
0 0.53671875 0.6484375 0.03125 0.0328125
0 0.68984375 0.421875 0.0296875 0.0359375
0 0.7390625 0.4484375 0.03125 0.0390625
0 0.7203125 0.46796875 0.03125 0.0359375
0 0.6671875 0.56953125 0.0234375 0.0359375
0 0.6125 0.3703125 0.0234375 0.040625
0 0.4953125 0.30703125 0.0296875 0.034375
0 0.37890625 0.5390625 0.0265625 0.028125
0 0.3625 0.56953125 0.0234375 0.025
0 0.375 0.42421875 0.0234375 0.028125
0 0.37578125 0.3796875 0.0203125 0.03125
0 0.3640625 0.35 0.0171875 0.03125
0 0.3390625 0.35078125 0.0203125 0.0203125