0 0.4203125 0.6546875 0.025 0.0234375
0 0.478125 0.59375 0.040625 0.0265625
0 0.4453125 0.5359375 0.0421875 0.03125
0 0.33203125 0.55625 0.03125 0.01875
0 0.3671875 0.56875 0.028125 0.025
0 0.3765625 0.503125 0.0375 0.0265625
0 0.56640625 0.484375 0.028125 0.03125
0 0.6453125 0.540625 0.025 0.03125
0 0.66875 0.39765625 0.0421875 0.0328125
0 0.6421875 0.4828125 0.03125 0.0296875
0 0.45078125 0.6890625 0.0359375 0.0265625
0 0.48984375 0.73203125 0.0390625 0.0296875
0 0.5046875 0.70859375 0.0359375 0.028125
0 0.59296875 0.63203125 0.034375 0.0203125
0 0.38203125 0.6234375 0.040625 0.0203125
0 0.290625 0.521875 0.034375 0.028125
0 0.496875 0.35078125 0.0265625 0.025
0 0.5234375 0.3265625 0.025 0.021875
0 0.38046875 0.37265625 0.028125 0.021875
0 0.33671875 0.384375 0.03125 0.01875
0 0.30390625 0.37890625 0.03125 0.015625
0 0.2984375 0.3546875 0.01875 0.01875