0 0.4578125 0.35546875 0.025 0.0234375
0 0.51171875 0.41640625 0.040625 0.0265625
0 0.47890625 0.471875 0.0421875 0.03125
0 0.36953125 0.44765625 0.0296875 0.01875
0 0.40390625 0.4375 0.028125 0.025
0 0.41015625 0.50078125 0.0375 0.0265625
0 0.59375 0.52578125 0.028125 0.03125
0 0.67265625 0.4734375 0.025 0.03125
0 0.68984375 0.61328125 0.0421875 0.0328125
0 0.6671875 0.52890625 0.03125 0.0296875
0 0.4890625 0.3234375 0.034375 0.028125
0 0.52734375 0.2828125 0.0375 0.0296875
0 0.54140625 0.30625 0.034375 0.0296875
0 0.6234375 0.38359375 0.034375 0.021875
0 0.41953125 0.384375 0.040625 0.021875
0 0.328125 0.48046875 0.0328125 0.028125
0 0.52109375 0.65234375 0.0265625 0.025
0 0.546875 0.67578125 0.025 0.021875
0 0.41015625 0.6265625 0.028125 0.021875
0 0.36796875 0.6140625 0.0296875 0.01875
0 0.3359375 0.61796875 0.0296875 0.015625
0 0.33046875 0.64140625 0.0203125 0.0203125