0 0.57265625 0.36328125 0.0265625 0.025
0 0.50234375 0.40859375 0.04375 0.0296875
0 0.52109375 0.4734375 0.04375 0.034375
0 0.6359375 0.47890625 0.03125 0.0203125
0 0.6046875 0.45859375 0.0296875 0.0265625
0 0.58046875 0.5203125 0.040625 0.028125
0 0.3921875 0.4953125 0.03125 0.0328125
0 0.328125 0.42265625 0.028125 0.0328125
0 0.2734375 0.5578125 0.04375 0.0359375
0 0.31796875 0.4796875 0.034375 0.0328125
0 0.55078125 0.32265625 0.0375 0.0296875
0 0.52265625 0.27265625 0.040625 0.03125
0 0.503125 0.29140625 0.0375 0.03125
0 0.4 0.346875 0.0359375 0.0234375
0 0.603125 0.4015625 0.0421875 0.0234375
0 0.66796875 0.521875 0.034375 0.03125
0 0.43046875 0.640625 0.028125 0.0265625
0 0.39921875 0.6578125 0.0265625 0.0234375
0 0.54765625 0.6453125 0.0296875 0.0234375
0 0.59375 0.64453125 0.03125 0.0203125
0 0.62421875 0.65625 0.03125 0.0171875
0 0.6234375 0.68203125 0.0203125 0.0203125