0 0.675 0.5515625 0.0265625 0.028125
0 0.60703125 0.50390625 0.03125 0.04375
0 0.5546875 0.5453125 0.0359375 0.0453125
0 0.5921875 0.653125 0.0234375 0.0328125
0 0.59921875 0.61640625 0.028125 0.03125
0 0.5328125 0.6171875 0.03125 0.040625
0 0.4859375 0.434375 0.034375 0.0328125
0 0.528125 0.3484375 0.034375 0.0296875
0 0.384375 0.34765625 0.0375 0.0453125
0 0.47265625 0.36015625 0.034375 0.0359375
0 0.703125 0.51640625 0.03125 0.0375
0 0.73984375 0.471875 0.034375 0.040625
0 0.71484375 0.4609375 0.0328125 0.0375
0 0.62578125 0.3859375 0.025 0.0359375
0 0.65078125 0.59453125 0.0265625 0.0421875
0 0.5640625 0.6984375 0.0328125 0.0359375
0 0.36640625 0.52421875 0.028125 0.0296875
0 0.33828125 0.50234375 0.025 0.0265625
0 0.40546875 0.63359375 0.025 0.0296875
0 0.4234375 0.675 0.0234375 0.0328125
0 0.42421875 0.70859375 0.0203125 0.03125
0 0.4 0.7171875 0.021875 0.021875