0 0.33125 0.55703125 0.0234375 0.025
0 0.39296875 0.5046875 0.028125 0.040625
0 0.446875 0.53984375 0.0328125 0.0421875
0 0.4203125 0.6484375 0.0203125 0.03125
0 0.41015625 0.6125 0.0265625 0.028125
0 0.47421875 0.60859375 0.0265625 0.0375
0 0.5046875 0.4265625 0.0328125 0.0296875
0 0.45625 0.346875 0.03125 0.0265625
0 0.59609375 0.334375 0.034375 0.0421875
0 0.5109375 0.35390625 0.03125 0.0328125
0 0.3 0.525 0.028125 0.034375
0 0.2609375 0.484375 0.0296875 0.0390625
0 0.284375 0.47109375 0.0296875 0.0359375
0 0.36484375 0.3921875 0.021875 0.034375
0 0.3578125 0.5953125 0.0234375 0.040625
0 0.45078125 0.68984375 0.0296875 0.034375
0 0.62890625 0.503125 0.0265625 0.0265625
0 0.653125 0.47890625 0.021875 0.025
0 0.59921875 0.61328125 0.0234375 0.028125
0 0.58515625 0.6546875 0.0203125 0.03125
0 0.58828125 0.68671875 0.015625 0.0296875
0 0.61171875 0.69296875 0.0203125 0.0203125