0 0.565625 0.6515625 0.025 0.0234375
0 0.51171875 0.59140625 0.040625 0.0265625
0 0.5453125 0.53515625 0.0421875 0.03125
0 0.65390625 0.559375 0.0296875 0.01875
0 0.61953125 0.5703125 0.028125 0.025
0 0.61328125 0.50625 0.0375 0.0265625
0 0.4296875 0.48203125 0.028125 0.03125
0 0.35078125 0.53359375 0.025 0.03125
0 0.33359375 0.39375 0.0421875 0.0328125
0 0.35625 0.47890625 0.03125 0.0296875
0 0.53515625 0.68359375 0.034375 0.028125
0 0.49609375 0.72421875 0.0375 0.0296875
0 0.48203125 0.70078125 0.034375 0.0296875
0 0.4 0.6234375 0.034375 0.021875
0 0.60390625 0.62265625 0.040625 0.021875
0 0.6953125 0.5265625 0.0328125 0.028125
0 0.5015625 0.3546875 0.0265625 0.025
0 0.4765625 0.33125 0.025 0.021875
0 0.61328125 0.38046875 0.028125 0.021875
0 0.65546875 0.39296875 0.0296875 0.01875
0 0.6875 0.3890625 0.0296875 0.015625
0 0.69296875 0.365625 0.0203125 0.0203125