0 0.55625 0.66484375 0.0265625 0.025
0 0.5078125 0.5984375 0.0421875 0.0296875
0 0.546875 0.5453125 0.04375 0.0359375
0 0.65546875 0.58125 0.0328125 0.021875
0 0.61953125 0.58828125 0.03125 0.028125
0 0.61875 0.52265625 0.040625 0.0296875
0 0.43671875 0.4796875 0.0328125 0.034375
0 0.35234375 0.52265625 0.028125 0.034375
0 0.34921875 0.3796875 0.04375 0.0375
0 0.36328125 0.46796875 0.034375 0.034375
0 0.521875 0.69375 0.0375 0.03125
0 0.478125 0.73125 0.040625 0.0328125
0 0.46640625 0.70546875 0.0375 0.0328125
0 0.390625 0.61875 0.0359375 0.025
0 0.59765625 0.63984375 0.0421875 0.025
0 0.7 0.553125 0.0359375 0.0328125
0 0.5234375 0.3578125 0.028125 0.0265625
0 0.50078125 0.33125 0.0265625 0.0234375
0 0.63203125 0.3953125 0.0296875 0.025
0 0.67421875 0.41328125 0.0328125 0.021875
0 0.70703125 0.4125 0.03125 0.01875
0 0.715625 0.3890625 0.021875 0.021875