0 0.6484375 0.56640625 0.0203125 0.021875
0 0.59375 0.509375 0.0234375 0.0375
0 0.5375 0.5375 0.028125 0.0390625
0 0.553125 0.64609375 0.0171875 0.028125
0 0.565625 0.61328125 0.0234375 0.025
0 0.5046875 0.60234375 0.0234375 0.034375
0 0.49375 0.421875 0.0296875 0.0265625
0 0.5484375 0.35 0.028125 0.0234375
0 0.4140625 0.3234375 0.0296875 0.0390625
0 0.49453125 0.35078125 0.028125 0.0296875
0 0.68203125 0.53828125 0.025 0.0328125
0 0.72421875 0.503125 0.0265625 0.0359375
0 0.703125 0.48828125 0.0265625 0.0328125
0 0.63359375 0.40234375 0.01875 0.03125
0 0.61875 0.6015625 0.01875 0.0375
0 0.51875 0.6828125 0.0265625 0.03125
0 0.36484375 0.484375 0.0234375 0.0234375
0 0.34375 0.45859375 0.01875 0.021875
0 0.38203125 0.59375 0.0203125 0.025
0 0.39140625 0.6359375 0.0171875 0.028125
0 0.38515625 0.66640625 0.0140625 0.028125
0 0.3625 0.6703125 0.0171875 0.0171875