0 0.58828125 0.3703125 0.025 0.0234375
0 0.5203125 0.4125 0.0421875 0.028125
0 0.53671875 0.47421875 0.0421875 0.0328125
0 0.646875 0.48125 0.03125 0.0203125
0 0.6171875 0.46171875 0.0296875 0.0265625
0 0.59296875 0.5203125 0.0390625 0.028125
0 0.41328125 0.49375 0.0296875 0.0328125
0 0.353125 0.4234375 0.0265625 0.0328125
0 0.2984375 0.55078125 0.0421875 0.034375
0 0.34296875 0.47734375 0.0328125 0.03125
0 0.56796875 0.33125 0.0359375 0.028125
0 0.54140625 0.2828125 0.0390625 0.03125
0 0.52265625 0.30078125 0.0359375 0.03125
0 0.4234375 0.35078125 0.034375 0.021875
0 0.61640625 0.4078125 0.040625 0.0234375
0 0.6765625 0.5234375 0.034375 0.03125
0 0.446875 0.63359375 0.0265625 0.025
0 0.4171875 0.64921875 0.025 0.021875
0 0.559375 0.63984375 0.028125 0.0234375
0 0.603125 0.6390625 0.03125 0.0203125
0 0.63203125 0.6515625 0.03125 0.0171875
0 0.63125 0.67578125 0.0203125 0.0203125