0 0.5421875 0.35546875 0.028125 0.0265625
0 0.4921875 0.4234375 0.0453125 0.03125
0 0.5328125 0.478125 0.0453125 0.0375
0 0.64296875 0.44140625 0.0328125 0.021875
0 0.60625 0.43359375 0.03125 0.028125
0 0.60625 0.50078125 0.040625 0.03125
0 0.41953125 0.5453125 0.0328125 0.0359375
0 0.3328125 0.5 0.0296875 0.034375
0 0.3296875 0.646875 0.0453125 0.0375
0 0.34453125 0.55703125 0.0359375 0.034375
0 0.50703125 0.325 0.0375 0.03125
0 0.46171875 0.2875 0.0421875 0.034375
0 0.45 0.31328125 0.0390625 0.0328125
0 0.37265625 0.4015625 0.0375 0.025
0 0.584375 0.38046875 0.04375 0.0265625
0 0.6890625 0.4703125 0.0375 0.0328125
0 0.50859375 0.66875 0.0296875 0.028125
0 0.48515625 0.69609375 0.0265625 0.025
0 0.6203125 0.63046875 0.0296875 0.025
0 0.66328125 0.61328125 0.0328125 0.021875
0 0.696875 0.61328125 0.0328125 0.01875
0 0.7046875 0.6375 0.021875 0.021875