0 0.46171875 0.33125 0.025 0.0234375
0 0.51484375 0.3921875 0.040625 0.0265625
0 0.48046875 0.446875 0.040625 0.03125
0 0.371875 0.421875 0.03125 0.0203125
0 0.40625 0.41171875 0.028125 0.025
0 0.4125 0.47578125 0.0375 0.0265625
0 0.59375 0.503125 0.0296875 0.03125
0 0.6734375 0.453125 0.0265625 0.03125
0 0.6890625 0.59140625 0.0421875 0.0328125
0 0.6671875 0.5078125 0.03125 0.03125
0 0.49296875 0.3 0.034375 0.028125
0 0.5328125 0.26015625 0.0375 0.0296875
0 0.54609375 0.28359375 0.034375 0.0296875
0 0.62734375 0.3625 0.034375 0.021875
0 0.4234375 0.359375 0.040625 0.021875
0 0.33125 0.453125 0.0328125 0.0296875
0 0.51953125 0.62734375 0.0265625 0.025
0 0.54453125 0.6515625 0.025 0.021875
0 0.409375 0.60078125 0.028125 0.021875
0 0.36796875 0.5875 0.03125 0.0203125
0 0.3359375 0.590625 0.0296875 0.015625
0 0.3296875 0.6140625 0.0203125 0.0203125