0 0.60390625 0.35625 0.0265625 0.0265625
0 0.53046875 0.39296875 0.04375 0.03125
0 0.5421875 0.45859375 0.0453125 0.0375
0 0.6546875 0.47578125 0.0328125 0.0234375
0 0.62578125 0.453125 0.03125 0.028125
0 0.59609375 0.5109375 0.040625 0.03125
0 0.4125 0.4671875 0.0328125 0.0359375
0 0.35703125 0.38984375 0.0296875 0.034375
0 0.28984375 0.515625 0.0453125 0.0390625
0 0.3421875 0.44375 0.0359375 0.034375
0 0.5859375 0.3140625 0.0375 0.03125
0 0.5640625 0.26171875 0.0421875 0.034375
0 0.5421875 0.27890625 0.0390625 0.034375
0 0.4359375 0.321875 0.0359375 0.0265625
0 0.6296875 0.396875 0.0421875 0.028125
0 0.68125 0.52109375 0.0375 0.034375
0 0.43515625 0.61484375 0.0296875 0.028125
0 0.40234375 0.62734375 0.0265625 0.025
0 0.55 0.63046875 0.03125 0.025
0 0.5953125 0.63359375 0.0328125 0.0234375
0 0.6234375 0.64921875 0.0328125 0.0203125
0 0.62109375 0.67421875 0.021875 0.021875