0 0.40703125 0.646875 0.0265625 0.025
0 0.478125 0.60703125 0.04375 0.03125
0 0.465625 0.5421875 0.04375 0.0359375
0 0.35234375 0.52890625 0.0328125 0.0234375
0 0.38125 0.5515625 0.03125 0.028125
0 0.409375 0.4921875 0.040625 0.0296875
0 0.59375 0.52890625 0.0328125 0.034375
0 0.6515625 0.6046875 0.028125 0.034375
0 0.71484375 0.4765625 0.0453125 0.0375
0 0.66484375 0.55 0.0359375 0.034375
0 0.425 0.68828125 0.0375 0.03125
0 0.44921875 0.73984375 0.040625 0.034375
0 0.4703125 0.721875 0.0375 0.0328125
0 0.57578125 0.67578125 0.0359375 0.025
0 0.37890625 0.60703125 0.0421875 0.0265625
0 0.3234375 0.484375 0.0359375 0.0328125
0 0.565625 0.3828125 0.028125 0.028125
0 0.59765625 0.36875 0.0265625 0.0234375
0 0.45078125 0.3703125 0.0296875 0.025
0 0.40625 0.36953125 0.0328125 0.0234375
0 0.3765625 0.3546875 0.03125 0.0203125
0 0.37890625 0.33046875 0.021875 0.021875