0 0.63984375 0.59453125 0.025 0.0265625
0 0.59765625 0.52421875 0.0296875 0.0421875
0 0.53359375 0.53984375 0.034375 0.04375
0 0.52421875 0.653125 0.021875 0.0328125
0 0.5453125 0.62265625 0.0265625 0.0296875
0 0.48515625 0.596875 0.0296875 0.0390625
0 0.51640625 0.4125 0.034375 0.03125
0 0.5890625 0.3515625 0.0328125 0.028125
0 0.46015625 0.29296875 0.0359375 0.04375
0 0.534375 0.340625 0.0328125 0.034375
0 0.68046875 0.57421875 0.0296875 0.0375
0 0.73125 0.5484375 0.0328125 0.040625
0 0.7125 0.528125 0.03125 0.0375
0 0.6625 0.425 0.0234375 0.0359375
0 0.60078125 0.6234375 0.025 0.0421875
0 0.48125 0.6828125 0.03125 0.0359375
0 0.37109375 0.44453125 0.0265625 0.028125
0 0.35625 0.4140625 0.0234375 0.0265625
0 0.36328125 0.56015625 0.0234375 0.0296875
0 0.36328125 0.6046875 0.021875 0.0328125
0 0.35 0.634375 0.01875 0.03125
0 0.325 0.6328125 0.0203125 0.0203125