0 0.47890625 0.63515625 0.0234375 0.0234375
0 0.515625 0.60390625 0.0171875 0.025
0 0.5203125 0.57578125 0.0171875 0.025
0 0.540625 0.6453125 0.0171875 0.0203125
0 0.51875 0.65859375 0.0203125 0.0265625
0 0.5625 0.6625 0.021875 0.0296875
0 0.56875 0.5875 0.0203125 0.0234375
0 0.5921875 0.51171875 0.0203125 0.0203125
0 0.609375 0.4265625 0.0171875 0.025
0 0.53984375 0.3796875 0.01875 0.015625
0 0.46875 0.65234375 0.015625 0.01875
0 0.45390625 0.71796875 0.015625 0.0171875
0 0.47578125 0.73515625 0.015625 0.01875
0 0.44921875 0.5625 0.0234375 0.021875
0 0.45625 0.41796875 0.0265625 0.021875
0 0.4359375 0.62734375 0.0203125 0.0265625
0 0.45703125 0.59375 0.015625 0.01875