0 0.37265625 0.546875 0.021875 0.021875
0 0.4140625 0.56875 0.0234375 0.015625
0 0.44140625 0.5625 0.0234375 0.015625
0 0.3859375 0.6046875 0.01875 0.015625
0 0.36640625 0.59140625 0.025 0.01875
0 0.37890625 0.63125 0.028125 0.0203125
0 0.44765625 0.609375 0.021875 0.01875
0 0.52265625 0.60390625 0.0203125 0.01875
0 0.60390625 0.58828125 0.0234375 0.015625
0 0.6203125 0.5109375 0.0140625 0.0171875
0 0.35390625 0.54375 0.0171875 0.015625
0 0.29140625 0.55390625 0.015625 0.0140625
0 0.28359375 0.58046875 0.0171875 0.015625
0 0.42734375 0.4953125 0.0203125 0.021875
0 0.55625 0.45 0.0203125 0.025
0 0.36484375 0.50703125 0.025 0.01875
0 0.4015625 0.51328125 0.0171875 0.015625