0 0.628125 0.50859375 0.0203125 0.0203125
0 0.59296875 0.53984375 0.0234375 0.0140625
0 0.5640625 0.540625 0.0234375 0.0140625
0 0.6296875 0.56875 0.01875 0.0140625
0 0.64609375 0.55 0.0234375 0.0171875
0 0.64375 0.59296875 0.0265625 0.01875
0 0.56953125 0.58828125 0.0203125 0.0171875
0 0.49296875 0.60234375 0.01875 0.0171875
0 0.4078125 0.60703125 0.0234375 0.0140625
0 0.371875 0.5328125 0.0125 0.0171875
0 0.646875 0.50078125 0.0171875 0.0140625
0 0.71171875 0.4953125 0.015625 0.0140625
0 0.72578125 0.51875 0.0171875 0.0140625
0 0.56171875 0.46953125 0.01875 0.0203125
0 0.42109375 0.45625 0.01875 0.0234375
0 0.62578125 0.46640625 0.0234375 0.0171875
0 0.59140625 0.48125 0.0171875 0.0140625