0 0.45 0.63203125 0.021875 0.021875
0 0.43046875 0.590625 0.0171875 0.0234375
0 0.43671875 0.5640625 0.0171875 0.0234375
0 0.39296875 0.6171875 0.015625 0.01875
0 0.40625 0.6375 0.0203125 0.025
0 0.36640625 0.6234375 0.0203125 0.028125
0 0.390625 0.55546875 0.01875 0.021875
0 0.3984375 0.48046875 0.01875 0.0203125
0 0.4171875 0.4 0.0171875 0.0234375
0 0.4953125 0.38671875 0.0171875 0.0140625
0 0.45234375 0.6515625 0.015625 0.0171875
0 0.440625 0.71328125 0.015625 0.015625
0 0.4140625 0.7203125 0.015625 0.0171875
0 0.50390625 0.58046875 0.021875 0.0203125
0 0.55390625 0.45234375 0.025 0.021875
0 0.48984375 0.64140625 0.0203125 0.025
0 0.48515625 0.6046875 0.015625 0.0171875