0 0.5 0.359375 0.021875 0.021875
0 0.5328125 0.39296875 0.015625 0.0234375
0 0.53515625 0.42109375 0.015625 0.0234375
0 0.56015625 0.3546875 0.015625 0.01875
0 0.540625 0.33984375 0.01875 0.025
0 0.58359375 0.33984375 0.01875 0.028125
0 0.58203125 0.41328125 0.01875 0.021875
0 0.6 0.48828125 0.01875 0.0203125
0 0.60859375 0.57265625 0.015625 0.0234375
0 0.5375 0.6125 0.0171875 0.0140625
0 0.49140625 0.34140625 0.015625 0.0171875
0 0.48203125 0.27734375 0.015625 0.015625
0 0.50546875 0.2625 0.015625 0.0171875
0 0.46484375 0.42734375 0.021875 0.0203125
0 0.459375 0.56796875 0.025 0.0203125
0 0.4578125 0.36328125 0.01875 0.025
0 0.475 0.39765625 0.015625 0.0171875