0 0.63359375 0.4890625 0.021875 0.021875
0 0.6046875 0.52421875 0.0234375 0.0171875
0 0.578125 0.52890625 0.0234375 0.0171875
0 0.64375 0.54609375 0.0203125 0.015625
0 0.65703125 0.5265625 0.025 0.0203125
0 0.6609375 0.5671875 0.028125 0.0203125
0 0.58984375 0.57421875 0.021875 0.01875
0 0.5203125 0.59765625 0.0203125 0.01875
0 0.440625 0.61484375 0.0234375 0.0171875
0 0.3953125 0.55078125 0.0140625 0.0171875
0 0.65 0.47890625 0.01875 0.015625
0 0.7109375 0.4640625 0.0171875 0.015625
0 0.72734375 0.484375 0.01875 0.015625
0 0.56484375 0.4625 0.0203125 0.021875
0 0.4296875 0.47109375 0.021875 0.025
0 0.62578125 0.44921875 0.025 0.0203125
0 0.59453125 0.46953125 0.01875 0.015625