0 0.4828125 0.33984375 0.0234375 0.0234375
0 0.44765625 0.3734375 0.0171875 0.025
0 0.44375 0.40234375 0.0171875 0.025
0 0.421875 0.3328125 0.015625 0.0203125
0 0.44140625 0.31796875 0.0203125 0.0265625
0 0.39765625 0.31640625 0.0203125 0.0296875
0 0.39453125 0.39140625 0.0203125 0.0234375
0 0.37265625 0.46796875 0.01875 0.021875
0 0.359375 0.5546875 0.0171875 0.025
0 0.43046875 0.59921875 0.01875 0.0140625
0 0.49296875 0.32265625 0.015625 0.01875
0 0.50546875 0.25703125 0.015625 0.0171875
0 0.4828125 0.23984375 0.015625 0.01875
0 0.515625 0.4125 0.0234375 0.021875
0 0.51328125 0.5578125 0.0265625 0.021875
0 0.5265625 0.346875 0.0203125 0.0265625
0 0.50625 0.38125 0.015625 0.01875