0 0.54921875 0.375 0.021875 0.021875
0 0.5671875 0.41640625 0.0171875 0.0234375
0 0.5609375 0.44296875 0.0171875 0.0234375
0 0.6046875 0.39140625 0.015625 0.0203125
0 0.5921875 0.3703125 0.0203125 0.025
0 0.63046875 0.38515625 0.0203125 0.028125
0 0.60546875 0.4515625 0.01875 0.021875
0 0.596875 0.525 0.01875 0.0203125
0 0.57734375 0.60390625 0.0171875 0.0234375
0 0.5 0.61640625 0.0171875 0.0140625
0 0.546875 0.35625 0.015625 0.01875
0 0.56015625 0.2953125 0.015625 0.0171875
0 0.5859375 0.2890625 0.015625 0.01875
0 0.49453125 0.425 0.021875 0.0203125
0 0.44375 0.55 0.025 0.021875
0 0.509375 0.36484375 0.0203125 0.025
0 0.5140625 0.4015625 0.015625 0.01875