0 0.4953125 0.3703125 0.0234375 0.0234375
0 0.459375 0.4015625 0.0171875 0.025
0 0.4546875 0.42890625 0.0171875 0.025
0 0.43515625 0.36171875 0.0171875 0.0203125
0 0.4546875 0.346875 0.0203125 0.025
0 0.4125 0.34453125 0.0203125 0.028125
0 0.40859375 0.41875 0.0203125 0.021875
0 0.3859375 0.4921875 0.0203125 0.0203125
0 0.371875 0.575 0.0171875 0.025
0 0.4390625 0.61953125 0.01875 0.0140625
0 0.5046875 0.353125 0.015625 0.01875
0 0.51796875 0.2890625 0.015625 0.0171875
0 0.49609375 0.27265625 0.015625 0.01875
0 0.525 0.440625 0.021875 0.021875
0 0.52109375 0.58125 0.025 0.021875
0 0.53671875 0.37734375 0.0203125 0.025
0 0.51640625 0.41015625 0.015625 0.01875