0 0.48984375 0.67734375 0.021875 0.021875
0 0.45703125 0.640625 0.015625 0.025
0 0.45625 0.61171875 0.015625 0.025
0 0.428125 0.678125 0.0140625 0.0203125
0 0.44609375 0.6953125 0.01875 0.025
0 0.40234375 0.6921875 0.01875 0.028125
0 0.40703125 0.6171875 0.0171875 0.021875
0 0.39296875 0.5390625 0.0171875 0.0203125
0 0.3890625 0.4515625 0.015625 0.025
0 0.4640625 0.4140625 0.0171875 0.0125
0 0.49765625 0.69609375 0.0140625 0.0171875
0 0.503125 0.76328125 0.0140625 0.015625
0 0.47890625 0.77734375 0.0140625 0.0171875
0 0.5296875 0.609375 0.021875 0.0203125
0 0.54296875 0.4640625 0.025 0.0203125
0 0.53359375 0.67578125 0.01875 0.025
0 0.5171875 0.6390625 0.0140625 0.0171875