0 0.52578125 0.33828125 0.0234375 0.0234375
0 0.4890625 0.3671875 0.01875 0.0265625
0 0.4828125 0.39609375 0.01875 0.0265625
0 0.465625 0.3265625 0.0171875 0.0203125
0 0.48671875 0.31328125 0.021875 0.0265625
0 0.44375 0.3078125 0.021875 0.0296875
0 0.4359375 0.3828125 0.0203125 0.0234375
0 0.40859375 0.45625 0.0203125 0.021875
0 0.38984375 0.5390625 0.01875 0.0265625
0 0.45703125 0.5890625 0.01875 0.015625
0 0.53671875 0.321875 0.0171875 0.01875
0 0.55390625 0.2578125 0.0171875 0.0171875
0 0.5328125 0.2390625 0.0171875 0.01875
0 0.553125 0.4109375 0.0234375 0.021875
0 0.54140625 0.55390625 0.0265625 0.0234375
0 0.56796875 0.34765625 0.021875 0.0265625
0 0.54609375 0.3796875 0.0171875 0.01875