0 0.521875 0.64375 0.01875 0.01875
0 0.55 0.60625 0.0125 0.021875
0 0.54921875 0.578125 0.0125 0.021875
0 0.58125 0.640625 0.0125 0.01875
0 0.56484375 0.6578125 0.015625 0.021875
0 0.60625 0.65234375 0.015625 0.025
0 0.596875 0.5796875 0.015625 0.01875
0 0.6046875 0.50390625 0.015625 0.01875
0 0.603125 0.4203125 0.0125 0.021875
0 0.528125 0.38984375 0.015625 0.0109375
0 0.515625 0.66171875 0.0125 0.015625
0 0.51484375 0.7265625 0.0125 0.015625
0 0.5390625 0.7390625 0.0125 0.015625
0 0.47890625 0.58046875 0.01875 0.01875
0 0.45625 0.44296875 0.021875 0.01875
0 0.4796875 0.64453125 0.015625 0.021875
0 0.49296875 0.60859375 0.0125 0.015625