0 0.4875 0.63515625 0.0234375 0.0234375
0 0.52265625 0.60703125 0.0171875 0.025
0 0.5296875 0.58046875 0.0171875 0.025
0 0.54453125 0.646875 0.0171875 0.0203125
0 0.52421875 0.659375 0.0203125 0.025
0 0.56484375 0.66484375 0.021875 0.028125
0 0.57421875 0.59453125 0.0203125 0.021875
0 0.60078125 0.525 0.0203125 0.0203125
0 0.6203125 0.4453125 0.0171875 0.025
0 0.5578125 0.39765625 0.0171875 0.0140625
0 0.4765625 0.65078125 0.015625 0.01875
0 0.459375 0.71171875 0.015625 0.0171875
0 0.47890625 0.72890625 0.015625 0.01875
0 0.46328125 0.565625 0.021875 0.021875
0 0.4765625 0.4296875 0.025 0.021875
0 0.44765625 0.625 0.0203125 0.025
0 0.46875 0.5953125 0.015625 0.01875