0 0.48671875 0.6703125 0.0234375 0.0234375
0 0.45 0.63828125 0.0171875 0.025
0 0.4453125 0.609375 0.0171875 0.025
0 0.425 0.6796875 0.0171875 0.021875
0 0.44609375 0.69453125 0.021875 0.0265625
0 0.40234375 0.6984375 0.021875 0.0296875
0 0.39609375 0.62109375 0.0203125 0.0234375
0 0.371875 0.5453125 0.0203125 0.021875
0 0.3546875 0.459375 0.0171875 0.025
0 0.425 0.4109375 0.01875 0.015625
0 0.49765625 0.68828125 0.0171875 0.0203125
0 0.5125 0.75390625 0.015625 0.0171875
0 0.490625 0.77109375 0.0171875 0.0203125
0 0.5171875 0.59609375 0.0234375 0.021875
0 0.51015625 0.45078125 0.0265625 0.0234375
0 0.53046875 0.66171875 0.021875 0.0265625
0 0.50859375 0.628125 0.0171875 0.0203125