0 0.64140625 0.4609375 0.021875 0.021875
0 0.6 0.4359375 0.025 0.015625
0 0.57109375 0.43984375 0.025 0.015625
0 0.63203125 0.4 0.01875 0.015625
0 0.6515625 0.415625 0.025 0.01875
0 0.64140625 0.3734375 0.028125 0.01875
0 0.56796875 0.390625 0.021875 0.01875
0 0.4890625 0.39140625 0.0203125 0.01875
0 0.403125 0.4015625 0.025 0.015625
0 0.38046875 0.48203125 0.0140625 0.0171875
0 0.6609375 0.465625 0.0171875 0.015625
0 0.7265625 0.459375 0.015625 0.0140625
0 0.73671875 0.43359375 0.0171875 0.015625
0 0.58125 0.51171875 0.0203125 0.021875
0 0.4421875 0.54921875 0.0203125 0.025
0 0.64609375 0.503125 0.025 0.01875
0 0.60859375 0.49375 0.0171875 0.015625