0 0.04375 0.359375 0.0296875 0.0265625
0 0.06953125 0.38984375 0.03125 0.0359375
0 0.0859375 0.41640625 0.0203125 0.021875
0 0.13359375 0.45390625 0.0375 0.0328125
0 0.15703125 0.47421875 0.0296875 0.0359375
0 0.18046875 0.48515625 0.0265625 0.0296875
0 0.19765625 0.5 0.015625 0.0234375
0 0.21328125 0.5109375 0.0296875 0.0265625
0 0.28984375 0.57421875 0.0265625 0.03125
0 0.34296875 0.63515625 0.04375 0.0375
0 0.42109375 0.72265625 0.03125 0.03125
0 0.1890625 0.35859375 0.0171875 0.028125
0 0.1421875 0.3328125 0.03125 0.0296875
0 0.08671875 0.23828125 0.0234375 0.025
0 0.10625 0.22421875 0.028125 0.0421875
0 0.1671875 0.290625 0.028125 0.0359375
0 0.4 0.5609375 0.0328125 0.03125
0 0.36640625 0.525 0.03125 0.0359375
0 0.32421875 0.471875 0.03125 0.0328125
0 0.4171875 0.58203125 0.0296875 0.0203125
0 0.43515625 0.61015625 0.0328125 0.03125
0 0.4640625 0.634375 0.0296875 0.0234375