0 0.915625 0.67265625 0.0296875 0.0265625
0 0.8921875 0.6421875 0.03125 0.0359375
0 0.878125 0.6171875 0.01875 0.021875
0 0.8359375 0.57890625 0.0359375 0.0328125
0 0.81484375 0.559375 0.028125 0.0359375
0 0.79296875 0.54765625 0.0265625 0.0296875
0 0.778125 0.53359375 0.015625 0.021875
0 0.7640625 0.52265625 0.0296875 0.0265625
0 0.6953125 0.46015625 0.0265625 0.03125
0 0.6484375 0.4 0.04375 0.0359375
0 0.58046875 0.3140625 0.0296875 0.0296875
0 0.77890625 0.665625 0.0171875 0.028125
0 0.82109375 0.69296875 0.03125 0.028125
0 0.86875 0.78359375 0.021875 0.025
0 0.85 0.79609375 0.028125 0.040625
0 0.7953125 0.73046875 0.0265625 0.0359375
0 0.5921875 0.46640625 0.0328125 0.0296875
0 0.62109375 0.5015625 0.03125 0.0359375
0 0.6578125 0.55234375 0.0296875 0.0328125
0 0.57578125 0.44609375 0.028125 0.0203125
0 0.5609375 0.41875 0.0328125 0.0296875
0 0.53515625 0.3953125 0.028125 0.0234375