0 0.965625 0.52734375 0.0296875 0.0265625
0 0.9328125 0.5046875 0.03125 0.0375
0 0.909375 0.48515625 0.01875 0.021875
0 0.85390625 0.4625 0.0375 0.034375
0 0.8265625 0.44921875 0.0296875 0.0375
0 0.80078125 0.44453125 0.0265625 0.0296875
0 0.78046875 0.4359375 0.0171875 0.0234375
0 0.76328125 0.42890625 0.0296875 0.0265625
0 0.671875 0.390625 0.028125 0.0328125
0 0.6046875 0.346875 0.0453125 0.0375
0 0.5078125 0.284375 0.0296875 0.0296875
0 0.8265625 0.56796875 0.0171875 0.028125
0 0.87890625 0.5796875 0.0328125 0.0296875
0 0.9578125 0.6546875 0.0234375 0.0265625
0 0.94296875 0.67265625 0.0296875 0.0421875
0 0.865625 0.6265625 0.028125 0.0375
0 0.571875 0.4328125 0.034375 0.03125
0 0.6125 0.4578125 0.03125 0.0375
0 0.66796875 0.49609375 0.03125 0.034375
0 0.5484375 0.41796875 0.028125 0.0203125
0 0.52421875 0.3953125 0.034375 0.03125
0 0.490625 0.38125 0.0296875 0.0234375