0 0.05625 0.6171875 0.0265625 0.0234375
0 0.0828125 0.58984375 0.028125 0.0328125
0 0.10078125 0.5671875 0.0171875 0.0203125
0 0.14765625 0.534375 0.0328125 0.0296875
0 0.17109375 0.51640625 0.0265625 0.0328125
0 0.19453125 0.50703125 0.0234375 0.0265625
0 0.21171875 0.49453125 0.0140625 0.021875
0 0.2265625 0.48515625 0.0265625 0.0234375
0 0.30390625 0.43046875 0.0234375 0.028125
0 0.3578125 0.37578125 0.0390625 0.0328125
0 0.43671875 0.29921875 0.0265625 0.0265625
0 0.19453125 0.628125 0.0140625 0.0265625
0 0.14765625 0.65 0.028125 0.025
0 0.0890625 0.73515625 0.0203125 0.0234375
0 0.10625 0.74921875 0.025 0.0375
0 0.16953125 0.68984375 0.025 0.0328125
0 0.40625 0.45 0.0296875 0.0265625
0 0.37265625 0.48203125 0.028125 0.0328125
0 0.3296875 0.52890625 0.0265625 0.0296875
0 0.42421875 0.43125 0.0265625 0.0171875
0 0.44375 0.40703125 0.0296875 0.0265625
0 0.471875 0.3859375 0.0265625 0.0203125