0 0.99765625 0.45703125 0.0046875 0.0265625
0 0.97734375 0.48046875 0.03125 0.0375
0 0.9546875 0.5 0.0203125 0.0234375
0 0.89921875 0.521875 0.0375 0.0328125
0 0.871875 0.534375 0.0296875 0.0375
0 0.8453125 0.53828125 0.028125 0.0296875
0 0.825 0.54609375 0.0171875 0.0234375
0 0.8078125 0.55234375 0.0296875 0.028125
0 0.71640625 0.58984375 0.028125 0.03125
0 0.65 0.63203125 0.0453125 0.0390625
0 0.5515625 0.69140625 0.03125 0.03125
0 0.8734375 0.415625 0.0171875 0.028125
0 0.925 0.40546875 0.0328125 0.0296875
0 0.99609375 0.33203125 0.0078125 0.0265625
0 0.9875 0.31328125 0.025 0.0421875
0 0.91328125 0.35859375 0.0296875 0.0375
0 0.61796875 0.54609375 0.034375 0.03125
0 0.659375 0.52265625 0.03125 0.0375
0 0.71484375 0.484375 0.03125 0.034375
0 0.59453125 0.56015625 0.0296875 0.0203125
0 0.5703125 0.58125 0.034375 0.03125
0 0.5359375 0.59609375 0.0296875 0.025