0 0.00703125 0.49140625 0.0140625 0.0265625
0 0.03203125 0.46953125 0.03125 0.0375
0 0.05546875 0.44921875 0.0203125 0.0234375
0 0.1109375 0.42734375 0.0375 0.034375
0 0.13828125 0.41484375 0.0296875 0.0375
0 0.16484375 0.4109375 0.028125 0.0296875
0 0.18515625 0.40234375 0.0171875 0.0234375
0 0.20234375 0.396875 0.0296875 0.028125
0 0.29375 0.35859375 0.028125 0.0328125
0 0.36171875 0.31640625 0.0453125 0.0390625
0 0.4609375 0.25546875 0.03125 0.03125
0 0.1359375 0.53359375 0.0171875 0.028125
0 0.084375 0.54453125 0.0328125 0.0296875
0 0.0078125 0.61796875 0.015625 0.0265625
0 0.01796875 0.63671875 0.0296875 0.0421875
0 0.09609375 0.59140625 0.0296875 0.0375
0 0.39375 0.40234375 0.034375 0.03125
0 0.3515625 0.42734375 0.03125 0.0375
0 0.296875 0.46484375 0.03125 0.034375
0 0.41640625 0.38828125 0.0296875 0.0203125
0 0.44140625 0.36640625 0.034375 0.03125
0 0.47578125 0.353125 0.0296875 0.025