0 0.94140625 0.72109375 0.03125 0.028125
0 0.915625 0.68984375 0.0328125 0.0375
0 0.90078125 0.66328125 0.0203125 0.0234375
0 0.85546875 0.6234375 0.0375 0.034375
0 0.8328125 0.603125 0.0296875 0.0375
0 0.809375 0.590625 0.028125 0.03125
0 0.7921875 0.5765625 0.0171875 0.0234375
0 0.77734375 0.56484375 0.03125 0.028125
0 0.70234375 0.49921875 0.028125 0.0328125
0 0.6515625 0.4359375 0.0453125 0.0375
0 0.578125 0.34609375 0.03125 0.03125
0 0.7953125 0.7171875 0.0171875 0.0296875
0 0.84140625 0.74453125 0.0328125 0.0296875
0 0.89375 0.83984375 0.0234375 0.0265625
0 0.87421875 0.85390625 0.0296875 0.0421875
0 0.81484375 0.78515625 0.028125 0.0375
0 0.59375 0.5078125 0.034375 0.03125
0 0.62578125 0.54453125 0.0328125 0.0375
0 0.665625 0.59921875 0.03125 0.034375
0 0.5765625 0.48671875 0.0296875 0.021875
0 0.559375 0.4578125 0.034375 0.03125
0 0.53203125 0.4328125 0.0296875 0.025