0 0.4015625 0.93828125 0.0234375 0.0265625
0 0.428125 0.91015625 0.0328125 0.0265625
0 0.45078125 0.8921875 0.0203125 0.0171875
0 0.4828125 0.84296875 0.028125 0.0328125
0 0.5 0.81796875 0.0328125 0.025
0 0.50859375 0.79375 0.0265625 0.0234375
0 0.52109375 0.7765625 0.021875 0.0140625
0 0.5296875 0.7609375 0.0234375 0.0265625
0 0.5828125 0.6796875 0.028125 0.0234375
0 0.6359375 0.621875 0.03125 0.0390625
0 0.7125 0.5390625 0.0265625 0.0265625
0 0.38515625 0.79765625 0.0265625 0.0140625
0 0.36484375 0.84609375 0.025 0.028125
0 0.28046875 0.909375 0.0234375 0.0203125
0 0.26484375 0.8921875 0.0375 0.0234375
0 0.3234375 0.82578125 0.0328125 0.0234375
0 0.559375 0.575 0.0265625 0.0296875
0 0.52890625 0.61171875 0.0328125 0.0265625
0 0.48125 0.65703125 0.0296875 0.0265625
0 0.578125 0.55625 0.0171875 0.0265625
0 0.60234375 0.5359375 0.0265625 0.0296875
0 0.62265625 0.50625 0.0203125 0.0265625