0 0.62578125 0.03203125 0.025 0.028125
0 0.59765625 0.059375 0.034375 0.028125
0 0.57265625 0.07734375 0.021875 0.0171875
0 0.53828125 0.12578125 0.0296875 0.034375
0 0.5203125 0.15 0.034375 0.0265625
0 0.51171875 0.17421875 0.028125 0.025
0 0.49921875 0.1921875 0.021875 0.0140625
0 0.4890625 0.2078125 0.025 0.028125
0 0.43203125 0.2875 0.0296875 0.025
0 0.37578125 0.34375 0.0328125 0.0421875
0 0.29609375 0.425 0.028125 0.028125
0 0.6359375 0.175 0.0265625 0.0140625
0 0.65859375 0.1265625 0.0265625 0.0296875
0 0.746875 0.065625 0.025 0.021875
0 0.7609375 0.08359375 0.0390625 0.025
0 0.70078125 0.14921875 0.034375 0.025
0 0.45234375 0.39375 0.028125 0.03125
0 0.484375 0.35859375 0.034375 0.028125
0 0.534375 0.3140625 0.03125 0.028125
0 0.43359375 0.4125 0.0171875 0.028125
0 0.40703125 0.43203125 0.028125 0.03125
0 0.38515625 0.46171875 0.021875 0.028125