0 0.93984375 0.39609375 0.025 0.021875
0 0.9125 0.42109375 0.025 0.03125
0 0.89453125 0.44296875 0.015625 0.01875
0 0.846875 0.47265625 0.03125 0.0265625
0 0.8234375 0.48828125 0.0234375 0.03125
0 0.8 0.49609375 0.021875 0.025
0 0.7828125 0.50703125 0.0125 0.0203125
0 0.76796875 0.515625 0.025 0.021875
0 0.68984375 0.56484375 0.021875 0.0265625
0 0.634375 0.61484375 0.0375 0.0296875
0 0.55390625 0.6859375 0.025 0.025
0 0.80625 0.37890625 0.0125 0.025
0 0.85234375 0.36015625 0.0265625 0.0234375
0 0.9140625 0.28046875 0.01875 0.021875
0 0.89765625 0.265625 0.021875 0.0359375
0 0.83359375 0.31953125 0.021875 0.03125
0 0.59140625 0.540625 0.028125 0.025
0 0.62578125 0.51171875 0.025 0.03125
0 0.6703125 0.46796875 0.025 0.028125
0 0.57265625 0.5578125 0.025 0.015625
0 0.553125 0.58125 0.028125 0.025
0 0.52421875 0.6 0.025 0.01875