0 0.39609375 0.06015625 0.021875 0.025
0 0.42109375 0.0875 0.03125 0.025
0 0.44296875 0.10546875 0.01875 0.015625
0 0.47265625 0.153125 0.0265625 0.03125
0 0.48828125 0.1765625 0.03125 0.0234375
0 0.49609375 0.2 0.025 0.021875
0 0.50703125 0.2171875 0.0203125 0.0125
0 0.515625 0.23203125 0.021875 0.025
0 0.56484375 0.31015625 0.0265625 0.021875
0 0.61484375 0.365625 0.0296875 0.0375
0 0.6859375 0.44609375 0.025 0.025
0 0.37890625 0.19375 0.025 0.0125
0 0.36015625 0.14765625 0.0234375 0.0265625
0 0.28046875 0.0859375 0.021875 0.01875
0 0.265625 0.10234375 0.0359375 0.021875
0 0.31953125 0.16640625 0.03125 0.021875
0 0.540625 0.40859375 0.025 0.028125
0 0.51171875 0.37421875 0.03125 0.025
0 0.46796875 0.3296875 0.028125 0.025
0 0.5578125 0.42734375 0.015625 0.025
0 0.58125 0.446875 0.025 0.028125
0 0.6 0.47578125 0.01875 0.025