0 0.95234375 0.44140625 0.0265625 0.025
0 0.92265625 0.4640625 0.028125 0.034375
0 0.9015625 0.484375 0.0171875 0.0203125
0 0.85078125 0.509375 0.034375 0.0296875
0 0.825 0.52265625 0.0265625 0.034375
0 0.80078125 0.52734375 0.025 0.0265625
0 0.7828125 0.53671875 0.0140625 0.021875
0 0.76640625 0.54375 0.0265625 0.025
0 0.6828125 0.58515625 0.025 0.028125
0 0.62109375 0.6296875 0.040625 0.0328125
0 0.5328125 0.69296875 0.028125 0.028125
0 0.81953125 0.41015625 0.015625 0.0265625
0 0.86796875 0.396875 0.028125 0.0265625
0 0.9390625 0.321875 0.0203125 0.0234375
0 0.9234375 0.30546875 0.025 0.0390625
0 0.853125 0.353125 0.025 0.034375
0 0.5859375 0.55078125 0.03125 0.028125
0 0.62421875 0.525 0.028125 0.034375
0 0.6734375 0.48515625 0.028125 0.03125
0 0.565625 0.565625 0.0265625 0.01875
0 0.54375 0.58671875 0.03125 0.028125
0 0.51171875 0.603125 0.0265625 0.021875