0 0.29921875 0.078125 0.028125 0.03125
0 0.33125 0.09921875 0.0375 0.034375
0 0.3578125 0.11171875 0.0234375 0.0203125
0 0.40078125 0.153125 0.0359375 0.0390625
0 0.42265625 0.1734375 0.0375 0.03125
0 0.43671875 0.19453125 0.03125 0.028125
0 0.4515625 0.209375 0.0234375 0.01875
0 0.46484375 0.221875 0.028125 0.03125
0 0.534375 0.2890625 0.0328125 0.028125
0 0.59921875 0.33359375 0.0390625 0.0453125
0 0.6921875 0.396875 0.0328125 0.0328125
0 0.315625 0.21796875 0.0296875 0.01875
0 0.284375 0.17578125 0.0296875 0.0328125
0 0.18828125 0.13359375 0.0265625 0.025
0 0.17734375 0.15390625 0.0421875 0.03125
0 0.2484375 0.20546875 0.0375 0.0296875
0 0.53515625 0.3953125 0.0328125 0.0359375
0 0.496875 0.36796875 0.0375 0.034375
0 0.440625 0.33359375 0.0359375 0.0328125
0 0.5578125 0.4109375 0.021875 0.0296875
0 0.5859375 0.425 0.0328125 0.0359375
0 0.6125 0.44921875 0.025 0.03125