0 0.95 0.41953125 0.0265625 0.0234375
0 0.92109375 0.44296875 0.028125 0.0328125
0 0.9015625 0.46484375 0.0171875 0.0203125
0 0.8515625 0.4921875 0.0328125 0.0296875
0 0.82734375 0.50703125 0.025 0.0328125
0 0.803125 0.51328125 0.0234375 0.0265625
0 0.78515625 0.5234375 0.0140625 0.0203125
0 0.76875 0.53125 0.0265625 0.0234375
0 0.6875 0.57734375 0.0234375 0.028125
0 0.62890625 0.625 0.0390625 0.0328125
0 0.54296875 0.69296875 0.0265625 0.0265625
0 0.815625 0.3953125 0.0140625 0.0265625
0 0.86328125 0.378125 0.028125 0.025
0 0.9296875 0.30078125 0.0203125 0.0234375
0 0.9140625 0.284375 0.0234375 0.0375
0 0.846875 0.3359375 0.0234375 0.0328125
0 0.5890625 0.54765625 0.0296875 0.0265625
0 0.62578125 0.51953125 0.028125 0.0328125
0 0.67265625 0.478125 0.0265625 0.0296875
0 0.56875 0.5640625 0.0265625 0.0171875
0 0.54765625 0.58671875 0.0296875 0.0265625
0 0.5171875 0.60390625 0.0265625 0.0203125