0 0.92109375 0.32734375 0.028125 0.025
0 0.89765625 0.35625 0.0296875 0.034375
0 0.8828125 0.38125 0.01875 0.0203125
0 0.840625 0.41875 0.034375 0.03125
0 0.8203125 0.4375 0.028125 0.034375
0 0.796875 0.44921875 0.025 0.028125
0 0.78203125 0.4625 0.015625 0.021875
0 0.76875 0.4734375 0.028125 0.025
0 0.69921875 0.53515625 0.025 0.0296875
0 0.6515625 0.59296875 0.0421875 0.0359375
0 0.5828125 0.67578125 0.028125 0.028125
0 0.78515625 0.33125 0.015625 0.0265625
0 0.828125 0.30546875 0.0296875 0.0265625
0 0.8765625 0.21640625 0.021875 0.025
0 0.8578125 0.2046875 0.0265625 0.0390625
0 0.803125 0.26875 0.0265625 0.034375
0 0.59765625 0.52578125 0.03125 0.0296875
0 0.6265625 0.49140625 0.0296875 0.034375
0 0.6640625 0.44140625 0.0296875 0.03125
0 0.58125 0.5453125 0.0265625 0.01875
0 0.565625 0.57265625 0.03125 0.0296875
0 0.53984375 0.59609375 0.028125 0.021875