0 0.52265625 0.00859375 0.0265625 0.0171875
0 0.49921875 0.03515625 0.0375 0.03125
0 0.47890625 0.05703125 0.021875 0.01875
0 0.4546875 0.11171875 0.0328125 0.0375
0 0.44140625 0.1390625 0.0375 0.0296875
0 0.4375 0.16484375 0.0296875 0.0265625
0 0.428125 0.18515625 0.0234375 0.015625
0 0.42109375 0.2015625 0.0265625 0.0296875
0 0.38046875 0.29140625 0.03125 0.0265625
0 0.33671875 0.35703125 0.0359375 0.04375
0 0.2734375 0.45234375 0.0296875 0.0296875
0 0.559375 0.14140625 0.028125 0.0171875
0 0.57265625 0.08984375 0.028125 0.03125
0 0.646875 0.01328125 0.0265625 0.0234375
0 0.66484375 0.028125 0.040625 0.028125
0 0.61796875 0.103125 0.0359375 0.028125
0 0.42109375 0.39140625 0.0296875 0.0328125
0 0.446875 0.35078125 0.0375 0.03125
0 0.4859375 0.29765625 0.0328125 0.0296875
0 0.40546875 0.41328125 0.0203125 0.028125
0 0.38359375 0.4375 0.0296875 0.0328125
0 0.36796875 0.4703125 0.0234375 0.0296875