0 0.30859375 0.91640625 0.0265625 0.0296875
0 0.3390625 0.89453125 0.0359375 0.03125
0 0.36484375 0.88125 0.021875 0.01875
0 0.4046875 0.840625 0.0328125 0.0375
0 0.425 0.8203125 0.0359375 0.0296875
0 0.4375 0.79921875 0.0296875 0.0265625
0 0.4515625 0.784375 0.021875 0.0171875
0 0.46328125 0.77109375 0.0265625 0.0296875
0 0.528125 0.70390625 0.03125 0.0265625
0 0.58984375 0.659375 0.0375 0.04375
0 0.67734375 0.5953125 0.0296875 0.0296875
0 0.31953125 0.78046875 0.0265625 0.0171875
0 0.29140625 0.82265625 0.028125 0.03125
0 0.2 0.86640625 0.025 0.0234375
0 0.18828125 0.846875 0.040625 0.0296875
0 0.25546875 0.79453125 0.0359375 0.028125
0 0.52578125 0.60234375 0.0296875 0.0328125
0 0.4890625 0.6296875 0.0359375 0.03125
0 0.43671875 0.66484375 0.0328125 0.0296875
0 0.54609375 0.58671875 0.0203125 0.028125
0 0.5734375 0.57265625 0.0296875 0.0328125
0 0.5984375 0.54765625 0.0234375 0.028125