0 0.696875 0.0453125 0.028125 0.03125
0 0.66484375 0.06796875 0.0390625 0.0328125
0 0.6375 0.08203125 0.0234375 0.0203125
0 0.5953125 0.125 0.034375 0.0390625
0 0.57421875 0.14609375 0.0375 0.03125
0 0.5609375 0.16875 0.03125 0.028125
0 0.5453125 0.184375 0.0234375 0.0171875
0 0.53359375 0.1984375 0.028125 0.03125
0 0.46484375 0.26796875 0.0328125 0.028125
0 0.4 0.31484375 0.0390625 0.0453125
0 0.30859375 0.38359375 0.03125 0.03125
0 0.684375 0.18828125 0.028125 0.01875
0 0.71484375 0.14453125 0.0296875 0.0328125
0 0.81171875 0.09765625 0.0265625 0.025
0 0.8234375 0.11796875 0.0421875 0.03125
0 0.75234375 0.17265625 0.0375 0.0296875
0 0.46796875 0.3765625 0.0328125 0.034375
0 0.50625 0.346875 0.0390625 0.0328125
0 0.56171875 0.31015625 0.034375 0.0328125
0 0.44609375 0.3921875 0.021875 0.0296875
0 0.4171875 0.40703125 0.0328125 0.034375
0 0.39140625 0.43359375 0.025 0.0296875