0 0.8078125 0.47109375 0.09375 0.096875
0 0.47421875 0.3703125 0.0921875 0.0875
0 0.66953125 0.5625 0.071875 0.0640625
0 0.61796875 0.3765625 0.096875 0.096875
0 0.73671875 0.2375 0.078125 0.071875
0 0.6640625 0.13125 0.075 0.090625
0 0.79140625 0.3375 0.059375 0.0375
0 0.703125 0.31015625 0.0609375 0.05
1 0.7476767375 0.3774051015625 0.8300764328125 0.42356256718749996 0.8392183984375 0.3931914609375 0.754464278125 0.3201474453125 0.6949194375000001 0.3384866265625 0.7009782515625 0.3791018921875 0.7476767375 0.3774051015625
1 0.24245226406249998 0.561579934375 0.48869179375 0.529739059375 0.4682219765625 0.4679711359375 0.242692896875 0.5032494062499999 0.24245226406249998 0.561579934375
1 0.25162650468750003 0.369836846875 0.5447109234374999 0.3038082578125 0.5247790328125 0.25642503437499997 0.2518190859375 0.3021438171875 0.25162650468750003 0.369836846875