0 0.21484375 0.62109375 0.0828125 0.0859375
0 0.55625 0.61328125 0.08125 0.0765625
0 0.31640625 0.49296875 0.0640625 0.05625
0 0.4203125 0.65234375 0.0859375 0.0859375
0 0.35234375 0.8171875 0.0703125 0.0625
0 0.45234375 0.89375 0.0640625 0.0828125
0 0.27109375 0.74140625 0.05625 0.0296875
0 0.3609375 0.7390625 0.05625 0.0421875
1 0.2995043140625 0.68993036875 0.208834325 0.671843803125 0.2095147390625 0.70293141875 0.3105122609375 0.74537509375 0.3603908125 0.7102433984375 0.34246068749999997 0.6742068625 0.2995043140625 0.68993036875
1 0.7140669 0.3652051203125 0.49448706875 0.46946168593750004 0.532232653125 0.520857821875 0.731493765625 0.41966768437499996 0.7140669 0.3652051203125
1 0.7635485531249999 0.546772134375 0.5107078390625001 0.6970923640625 0.5435998671875 0.7352385328125 0.78385324375 0.6099501125 0.7635485531249999 0.546772134375