4 0.886067678125 0.3867465359375 0.8814941546874999 0.243887490625 0.7733987515625 0.2714807 0.7855146015625001 0.3760755671875 0.8279783343749999 0.4392011453125 0.8203299015625 0.33575005 0.8287764046874999 0.334562971875 0.8345440078124999 0.393987715625 0.886067678125 0.3867465359375
4 0.8969420234375001 0.2434880609375 0.9035611734375 0.38251635781250004 0.953362753125 0.43043765 0.9631879703124999 0.31035777656249997 0.8969420234375001 0.2434880609375
4 0.8368665843749999 0.336969225 0.844310540625 0.46348021250000004 0.950268 0.4574469984375 0.959228725 0.3250872296875 0.8368665843749999 0.336969225
4 0.8797729078125001 0.525818140625 0.8469963375 0.48259064843750005 0.86174535 0.64882240625 0.8678028546875 0.58773575 0.8797729078125001 0.525818140625
4 0.8046447640625001 0.41413442656250005 0.7839573046874999 0.383380940625 0.79926711875 0.5229594703125 0.8046447640625001 0.41413442656250005
4 0.6761724890624999 0.5296295296875 0.6593511125 0.27510765937500004 0.547032459375 0.3032944078125 0.5648563828125 0.43011821250000004 0.5561588203125 0.3498457171875 0.5666707921875 0.3572264953125 0.5935089140625001 0.5359322546875 0.6761724890624999 0.5296295296875
4 0.701478365625 0.35422517187499997 0.668193625 0.295124453125 0.69775723125 0.5177378546875 0.7106185171875 0.560221003125 0.701478365625 0.35422517187499997
4 0.47092245468750005 0.558475540625 0.44129932031249997 0.29866633125000003 0.327872009375 0.312835871875 0.3813895171875 0.571058575 0.47092245468750005 0.558475540625
4 0.32819554375000004 0.36416759375 0.3199207296875 0.3972198359375 0.3753190671875 0.6994688890625 0.394679603125 0.5798205390625 0.32819554375000004 0.36416759375
4 0.2792066671875 0.5978208296874999 0.23195803593750003 0.3351738390625 0.21456375625000002 0.40139702968749996 0.28390529999999997 0.668025571875 0.2792066671875 0.5978208296874999
4 0.23291484843750002 0.32972448593750003 0.12466759999999999 0.3378511359375 0.183833653125 0.5811069671875 0.2333117 0.5776965359374999 0.2114293171875 0.403609171875 0.2593837 0.5793472375000001 0.274719409375 0.584278453125 0.23291484843750002 0.32972448593750003
4 0.1193227453125 0.391751125 0.07968370625 0.434526203125 0.141832353125 0.65610333125 0.15584803125 0.590354971875 0.1193227453125 0.391751125
4 0.15208721249999999 0.7290704531250001 0.25817667499999997 0.7301051968750001 0.20626909843750002 0.42205066718750006 0.084151121875 0.435669975 0.15208721249999999 0.7290704531250001