4 0.8697240796875001 0.5511559796875 0.8412042796874999 0.4501571796875 0.8227047953125 0.5248584187499999 0.8473767437499999 0.6284896953125 0.9595988500000001 0.6173382875 0.9145266234375 0.4799368109375 0.8630806796874999 0.4908719828125 0.8781578390625 0.5493633296875 0.8697240796875001 0.5511559796875
4 1 0.4949588140625 0.963335415625 0.41512445 0.93260655 0.47790839375000005 0.9744105890625001 0.6123753640625 1 0.5567615296875 1 0.4949588140625
4 1 0.5011628781249999 0.9510529515625 0.3905163015625 0.8483194671875 0.4214259359375 0.8850101640625001 0.5442776406250001 1 0.51463400625 1 0.5011628781249999
4 0.8442601328125001 0.402328271875 0.8604409734375 0.34989496875000003 0.8276529171875 0.29516818906250003 0.8007684906250001 0.23918655625000002 0.8442601328125001 0.402328271875
4 0.8186985468750001 0.51845160625 0.8277111156249999 0.48205869687499997 0.7849592390625 0.380455834375 0.8186985468750001 0.51845160625
4 0.594412734375 0.549793709375 0.6213519484375001 0.6765327484375 0.7377909359375 0.6644850156250001 0.6657272625 0.4166869203125 0.585026871875 0.439284090625 0.62135024375 0.618466196875 0.6139182578125 0.6291188703125 0.594412734375 0.549793709375
4 0.7392662046875 0.6423963453125 0.7504390187500001 0.5746962124999999 0.6878648203125 0.3756896171875 0.6903435703125 0.42052751875 0.7392662046875 0.6423963453125
4 0.5225193984375001 0.71750075625 0.4607868703125 0.46024834531250003 0.3713890046875 0.4792504484375 0.40987603124999994 0.743258434375 0.5225193984375001 0.71750075625
4 0.37313395625 0.665782425 0.39242714375 0.6943441703125 0.3809820859375 0.46632382968749997 0.3212042890625 0.3592669828125 0.37313395625 0.665782425
4 0.3110426296875 0.75519316875 0.26507053125 0.489147 0.245249059375 0.4207765421875 0.2716128765625 0.6982489421875 0.3110426296875 0.75519316875
4 0.2284371796875 0.5241525234375 0.180259428125 0.5380222046875 0.208203828125 0.7897543671875 0.313836471875 0.760043090625 0.2654926453125 0.50357400625 0.2526313734375 0.5135661171875 0.2678703421875 0.697229853125 0.2284371796875 0.5241525234375
4 0.13203370625 0.7134006828125 0.1844822765625 0.74035880625 0.15047755000000002 0.5389087640625 0.11442130312500001 0.4812474796875 0.13203370625 0.7134006828125
4 0.199336015625 0.37065415625 0.098922028125 0.40832912656250003 0.13588155625 0.71076820625 0.2565896546875 0.681481725 0.199336015625 0.37065415625