0 0.775 0.49296875 0.0203125 0.03125
0 0.76015625 0.3125 0.015625 0.0296875
0 0.71875 0.5265625 0.01875 0.0265625
0 0.6953125 0.528125 0.0203125 0.021875
0 0.68359375 0.50703125 0.0203125 0.0296875
0 0.68515625 0.40390625 0.01875 0.01875
0 0.62734375 0.40234375 0.0140625 0.0265625
0 0.6203125 0.4484375 0.0171875 0.028125
0 0.603125 0.44921875 0.0125 0.025
0 0.5453125 0.42265625 0.0171875 0.021875
0 0.496875 0.4875 0.0171875 0.0234375
0 0.4828125 0.5375 0.015625 0.0296875
0 0.43984375 0.45390625 0.01875 0.025
0 0.41640625 0.509375 0.0171875 0.0234375
0 0.39375 0.51015625 0.0203125 0.028125
0 0.35078125 0.4578125 0.0203125 0.0234375
0 0.30234375 0.41484375 0.0140625 0.0265625