0 0.76875 0.44453125 0.025 0.0328125
0 0.79453125 0.61796875 0.0203125 0.03125
0 0.709375 0.425 0.0234375 0.028125
0 0.6859375 0.42890625 0.0234375 0.025
0 0.6796875 0.4515625 0.025 0.03125
0 0.70390625 0.5484375 0.0203125 0.0203125
0 0.64921875 0.5625 0.01875 0.0265625
0 0.6328125 0.52109375 0.021875 0.0296875
0 0.61640625 0.5234375 0.015625 0.025
0 0.56796875 0.5609375 0.0203125 0.0234375
0 0.50703125 0.51015625 0.0203125 0.025
0 0.48359375 0.46640625 0.0203125 0.03125
0 0.4609375 0.5546875 0.021875 0.0265625
0 0.42734375 0.5078125 0.0203125 0.025
0 0.4046875 0.5125 0.025 0.0296875
0 0.37578125 0.57109375 0.0234375 0.025
0 0.3390625 0.62109375 0.01875 0.0265625