0 0.20859375 0.52734375 0.021875 0.0328125
0 0.2140625 0.340625 0.0171875 0.03125
0 0.26796875 0.55859375 0.0203125 0.028125
0 0.2921875 0.559375 0.021875 0.0234375
0 0.30390625 0.53671875 0.021875 0.03125
0 0.29609375 0.43125 0.0203125 0.0203125
0 0.35546875 0.4265625 0.015625 0.028125
0 0.36484375 0.47265625 0.01875 0.0296875
0 0.3828125 0.47265625 0.0140625 0.025
0 0.440625 0.4421875 0.0171875 0.0234375
0 0.49375 0.50703125 0.01875 0.025
0 0.5109375 0.55625 0.0171875 0.03125
0 0.55078125 0.46875 0.0203125 0.0265625
0 0.57734375 0.52421875 0.01875 0.025
0 0.60078125 0.5234375 0.021875 0.0296875
0 0.64296875 0.4671875 0.021875 0.025
0 0.68984375 0.42109375 0.015625 0.028125