0 0.77265625 0.484375 0.01875 0.0296875
0 0.75546875 0.31171875 0.0140625 0.028125
0 0.71953125 0.5171875 0.0171875 0.025
0 0.696875 0.51953125 0.01875 0.0203125
0 0.68515625 0.49921875 0.01875 0.028125
0 0.68515625 0.40078125 0.0171875 0.0171875
0 0.6296875 0.4 0.0125 0.025
0 0.6234375 0.44375 0.015625 0.0265625
0 0.60703125 0.4453125 0.0109375 0.0234375
0 0.5515625 0.4203125 0.015625 0.0203125
0 0.50625 0.48359375 0.015625 0.021875
0 0.49375 0.53125 0.0140625 0.028125
0 0.45078125 0.45234375 0.0171875 0.0234375
0 0.4296875 0.50546875 0.015625 0.021875
0 0.4078125 0.50625 0.01875 0.0265625
0 0.365625 0.45703125 0.01875 0.021875
0 0.31875 0.4171875 0.0125 0.025