0 0.1953125 0.55234375 0.021875 0.0328125
0 0.22578125 0.734375 0.0171875 0.03125
0 0.24921875 0.5140625 0.0203125 0.028125
0 0.27265625 0.51015625 0.021875 0.0234375
0 0.28671875 0.53046875 0.021875 0.03125
0 0.29375 0.63515625 0.01875 0.01875
0 0.35234375 0.63203125 0.015625 0.028125
0 0.35625 0.58515625 0.01875 0.0296875
0 0.3734375 0.5828125 0.0140625 0.025
0 0.43359375 0.6046875 0.0171875 0.0234375
0 0.47734375 0.53359375 0.01875 0.025
0 0.48671875 0.4828125 0.0171875 0.03125
0 0.5390625 0.56328125 0.0203125 0.0265625
0 0.55703125 0.50546875 0.01875 0.025
0 0.58046875 0.503125 0.021875 0.0296875
0 0.628125 0.55234375 0.021875 0.025
0 0.68125 0.590625 0.015625 0.028125