0 0.8015625 0.4984375 0.0234375 0.0328125
0 0.80625 0.315625 0.01875 0.03125
0 0.7421875 0.5265625 0.0203125 0.028125
0 0.71796875 0.52578125 0.021875 0.0234375
0 0.70859375 0.503125 0.0234375 0.03125
0 0.72109375 0.4 0.0203125 0.0203125
0 0.6625 0.39140625 0.0171875 0.028125
0 0.65078125 0.4375 0.0203125 0.0296875
0 0.6328125 0.43671875 0.0140625 0.0265625
0 0.578125 0.403125 0.01875 0.0234375
0 0.52265625 0.46328125 0.01875 0.025
0 0.503125 0.5125 0.01875 0.03125
0 0.46875 0.4234375 0.0203125 0.0265625
0 0.43984375 0.4765625 0.01875 0.025
0 0.41640625 0.475 0.0234375 0.0296875
0 0.37890625 0.4171875 0.021875 0.025
0 0.33515625 0.3703125 0.0171875 0.028125