0 0.765625 0.45 0.025 0.034375
0 0.71328125 0.2765625 0.0203125 0.03125
0 0.71796875 0.49453125 0.021875 0.028125
0 0.6953125 0.50078125 0.0234375 0.025
0 0.67890625 0.4828125 0.025 0.0328125
0 0.659375 0.38125 0.0203125 0.0203125
0 0.60234375 0.39140625 0.0171875 0.028125
0 0.60390625 0.43828125 0.021875 0.03125
0 0.5875 0.44296875 0.015625 0.0265625
0 0.52578125 0.428125 0.0203125 0.0234375
0 0.4921875 0.50234375 0.0203125 0.025
0 0.4890625 0.55390625 0.0203125 0.03125
0 0.42890625 0.48125 0.021875 0.0265625
0 0.41796875 0.53984375 0.0203125 0.025
0 0.39609375 0.5453125 0.025 0.03125
0 0.3421875 0.503125 0.0234375 0.0265625
0 0.28671875 0.47109375 0.0171875 0.028125