4 0.52890625 0.77265625 0.0984375 0.0765625
4 0.3890625 0.784375 0.0875 0.0828125
4 0.40390625 0.5484375 0.075 0.0703125
4 0.40703125 0.653125 0.0921875 0.0921875
4 0.525 0.64453125 0.0953125 0.0765625
4 0.53203125 0.53359375 0.0953125 0.0734375
4 0.5390625 0.42265625 0.1078125 0.0765625
4 0.4140625 0.44140625 0.115625 0.0734375
4 0.409375 0.315625 0.0953125 0.0703125
4 0.52890625 0.30703125 0.0734375 0.0734375
4 0.5296875 0.2140625 0.0953125 0.0578125
4 0.41953125 0.21640625 0.10625 0.0671875
4 0.4140625 0.12265625 0.0796875 0.059375
4 0.53515625 0.11015625 0.0859375 0.06875