4 0.553125 0.2078125 0.103125 0.08125
4 0.41171875 0.18671875 0.0921875 0.0875
4 0.409375 0.428125 0.078125 0.0734375
4 0.4203125 0.32109375 0.096875 0.096875
4 0.5390625 0.33828125 0.1 0.08125
4 0.5390625 0.45234375 0.1 0.078125
4 0.53828125 0.565625 0.1125 0.0828125
4 0.4125 0.53671875 0.1203125 0.0796875
4 0.39921875 0.665625 0.1 0.075
4 0.5203125 0.68203125 0.0765625 0.0765625
4 0.5140625 0.7765625 0.1 0.0625
4 0.40234375 0.76640625 0.1109375 0.071875
4 0.390625 0.8609375 0.0828125 0.0640625
4 0.51171875 0.8828125 0.090625 0.071875