4 0.5734375 0.7546875 0.1109375 0.0921875
4 0.4390625 0.79453125 0.1 0.096875
4 0.40546875 0.5625 0.084375 0.08125
4 0.4296875 0.66328125 0.10625 0.1046875
4 0.54296875 0.63125 0.1078125 0.0921875
4 0.52734375 0.52109375 0.10625 0.0875
4 0.5109375 0.41171875 0.1171875 0.09375
4 0.39375 0.45625 0.125 0.090625
4 0.3625 0.33515625 0.10625 0.084375
4 0.478125 0.3015625 0.0828125 0.0828125
4 0.459375 0.2109375 0.103125 0.071875
4 0.35234375 0.23671875 0.1140625 0.0828125
4 0.328125 0.146875 0.0875 0.071875
4 0.4421875 0.109375 0.0953125 0.08125