4 0.48515625 0.178125 0.1046875 0.08125
4 0.628125 0.159375 0.0921875 0.0875
4 0.62578125 0.403125 0.078125 0.0734375
4 0.6171875 0.29609375 0.0984375 0.096875
4 0.49609375 0.3109375 0.1 0.08125
4 0.49453125 0.42578125 0.1 0.078125
4 0.49296875 0.540625 0.1125 0.08125
4 0.62109375 0.51484375 0.1203125 0.078125
4 0.6328125 0.64375 0.1 0.075
4 0.50859375 0.659375 0.0765625 0.0765625
4 0.5125 0.75625 0.1 0.0609375
4 0.6265625 0.746875 0.109375 0.0703125
4 0.6375 0.84296875 0.0828125 0.0640625
4 0.5140625 0.86328125 0.090625 0.071875