0 0.1015625 0.6140625 0.0171875 0.0625
0 0.0984375 0.73125 0.01875 0.0703125
0 0.06015625 0.8171875 0.021875 0.06875
0 0.303125 0.78515625 0.0234375 0.0640625
0 0.196875 0.8921875 0.021875 0.059375
0 0.4234375 0.66640625 0.021875 0.0671875
0 0.4421875 0.70390625 0.0234375 0.0671875
0 0.48984375 0.68203125 0.0265625 0.075
0 0.5234375 0.6421875 0.021875 0.08125
0 0.53671875 0.553125 0.0234375 0.0734375
0 0.5375 0.46796875 0.01875 0.0625
0 0.55703125 0.51796875 0.0171875 0.0671875
0 0.559375 0.7140625 0.0203125 0.065625
0 0.52890625 0.83984375 0.0265625 0.0703125
0 0.528125 0.70859375 0.0203125 0.0640625