0 0.9125 0.4234375 0.0234375 0.065625
0 0.928125 0.30390625 0.0265625 0.0734375
0 0.9765625 0.22109375 0.0296875 0.071875
0 0.7265625 0.22734375 0.03125 0.0671875
0 0.84609375 0.13046875 0.028125 0.0625
0 0.59140625 0.33515625 0.0296875 0.0703125
0 0.5765625 0.2953125 0.03125 0.0703125
0 0.525 0.3125 0.0359375 0.0796875
0 0.48671875 0.34921875 0.03125 0.084375
0 0.4640625 0.43828125 0.03125 0.0765625
0 0.45390625 0.525 0.0265625 0.065625
0 0.4390625 0.471875 0.025 0.0703125
0 0.4578125 0.27265625 0.028125 0.06875
0 0.50234375 0.14765625 0.034375 0.075
0 0.4890625 0.28125 0.028125 0.0671875