0 0.1375 0.2953125 0.03125 0.065625
0 0.1609375 0.1796875 0.034375 0.0734375
0 0.1421875 0.0859375 0.0375 0.0734375
0 0.3734375 0.1734375 0.0375 0.06875
0 0.29375 0.04453125 0.034375 0.0625
0 0.46484375 0.3171875 0.0359375 0.071875
0 0.4921875 0.284375 0.0375 0.071875
0 0.53359375 0.3171875 0.0421875 0.0796875
0 0.55703125 0.36328125 0.0390625 0.084375
0 0.55 0.45390625 0.0390625 0.078125
0 0.53125 0.53671875 0.0328125 0.065625
0 0.56171875 0.49296875 0.0328125 0.0703125
0 0.60859375 0.30078125 0.034375 0.06875
0 0.60703125 0.1703125 0.0421875 0.075
0 0.5765625 0.29921875 0.034375 0.0671875