0 0.071875 0.63671875 0.01875 0.065625
0 0.0703125 0.76015625 0.0203125 0.075
0 0.03203125 0.8515625 0.025 0.0734375
0 0.2875 0.81328125 0.0265625 0.06875
0 0.178125 0.928125 0.025 0.0625
0 0.4125 0.6859375 0.025 0.071875
0 0.4328125 0.725 0.0265625 0.071875
0 0.4828125 0.70078125 0.0296875 0.0796875
0 0.51796875 0.65859375 0.025 0.0859375
0 0.5296875 0.56328125 0.0265625 0.078125
0 0.52890625 0.4734375 0.0203125 0.065625
0 0.55078125 0.5265625 0.01875 0.071875
0 0.55703125 0.73359375 0.021875 0.0703125
0 0.5265625 0.86640625 0.0296875 0.075
0 0.5234375 0.72890625 0.021875 0.06875