0 0.13125 0.675 0.0296875 0.06875
0 0.15234375 0.79765625 0.034375 0.078125
0 0.1296875 0.8953125 0.0375 0.0765625
0 0.3765625 0.81328125 0.0375 0.071875
0 0.2875 0.9453125 0.034375 0.0671875
0 0.478125 0.6640625 0.0359375 0.075
0 0.5046875 0.7 0.0375 0.075
0 0.55 0.6671875 0.0421875 0.0828125
0 0.57734375 0.61875 0.0390625 0.0890625
0 0.57265625 0.5234375 0.0390625 0.08125
0 0.55625 0.434375 0.0328125 0.06875
0 0.5875 0.48203125 0.03125 0.0734375
0 0.6296875 0.68671875 0.034375 0.071875
0 0.62265625 0.82421875 0.0421875 0.0796875
0 0.5953125 0.68671875 0.034375 0.0703125