0 0.43125 0.59140625 0.0359375 0.0375
0 0.6640625 0.64921875 0.0421875 0.0359375
0 0.65546875 0.7265625 0.03125 0.034375
0 0.65703125 0.7984375 0.0265625 0.025
0 0.74296875 0.7796875 0.0265625 0.0265625
0 0.2609375 0.590625 0.021875 0.025
0 0.540625 0.4484375 0.0296875 0.0296875
0 0.43515625 0.41875 0.0296875 0.03125
0 0.340625 0.41171875 0.03125 0.025
0 0.340625 0.3875 0.0328125 0.03125
0 0.284375 0.33671875 0.0265625 0.0234375
0 0.26796875 0.396875 0.025 0.0265625
0 0.378125 0.31953125 0.028125 0.025
0 0.2921875 0.3046875 0.01875 0.0234375
0 0.41640625 0.30078125 0.0265625 0.0234375
0 0.45703125 0.325 0.028125 0.028125
0 0.753125 0.378125 0.0234375 0.01875
0 0.7921875 0.46171875 0.0296875 0.0265625
0 0.80703125 0.44609375 0.021875 0.0203125
0 0.81796875 0.39765625 0.0265625 0.0171875
0 0.7265625 0.32578125 0.0203125 0.01875
0 0.725 0.30625 0.0265625 0.0265625
0 0.8609375 0.65 0.01875 0.0203125
0 0.83984375 0.47734375 0.0234375 0.0234375
0 0.85625 0.45703125 0.0203125 0.0265625