0 0.43359375 0.609375 0.0359375 0.0375
0 0.67265625 0.66015625 0.0421875 0.0359375
0 0.665625 0.7390625 0.03125 0.034375
0 0.66953125 0.8109375 0.0265625 0.0234375
0 0.75625 0.7890625 0.0265625 0.025
0 0.2609375 0.61484375 0.021875 0.025
0 0.53984375 0.4609375 0.028125 0.028125
0 0.43125 0.43515625 0.028125 0.03125
0 0.33515625 0.43125 0.03125 0.0234375
0 0.334375 0.40703125 0.0328125 0.03125
0 0.2765625 0.35625 0.0265625 0.021875
0 0.26171875 0.41953125 0.0234375 0.0265625
0 0.3703125 0.3359375 0.028125 0.0234375
0 0.2828125 0.32421875 0.01875 0.0234375
0 0.4078125 0.31484375 0.0265625 0.021875
0 0.45 0.3390625 0.0265625 0.028125
0 0.75234375 0.38203125 0.0234375 0.01875
0 0.79453125 0.46484375 0.0296875 0.025
0 0.809375 0.44921875 0.021875 0.0203125
0 0.81875 0.40078125 0.025 0.015625
0 0.72265625 0.33046875 0.0203125 0.01875
0 0.72109375 0.31015625 0.025 0.0265625
0 0.87109375 0.65390625 0.01875 0.0203125
0 0.84375 0.48046875 0.0234375 0.0234375
0 0.859375 0.459375 0.01875 0.0265625