0 0.7484375 0.83984375 0.034375 0.0515625
0 0.703125 0.8109375 0.0265625 0.0421875
0 0.74453125 0.7375 0.0265625 0.025
0 0.7109375 0.6265625 0.021875 0.0265625
0 0.67265625 0.6671875 0.0171875 0.03125
0 0.7140625 0.75234375 0.01875 0.025
0 0.696875 0.73359375 0.0203125 0.028125
0 0.65546875 0.87421875 0.015625 0.0203125
0 0.6453125 0.90078125 0.0140625 0.01875
0 0.625 0.875 0.0125 0.0203125
0 0.6171875 0.90234375 0.0140625 0.0234375
0 0.5875 0.875 0.0125 0.0203125
0 0.5671875 0.8609375 0.0171875 0.0203125
0 0.57109375 0.88203125 0.0140625 0.0171875
0 0.5234375 0.7875 0.0234375 0.028125
0 0.51484375 0.80234375 0.0234375 0.028125
0 0.62265625 0.66328125 0.0171875 0.0203125
0 0.56875 0.66796875 0.015625 0.0171875
0 0.55390625 0.63203125 0.01875 0.0265625
0 0.5046875 0.70546875 0.015625 0.021875
0 0.46640625 0.71328125 0.01875 0.025
0 0.38671875 0.81875 0.025 0.03125
0 0.3765625 0.775 0.01875 0.03125
0 0.4109375 0.83671875 0.01875 0.03125
0 0.5015625 0.58046875 0.0203125 0.0265625
0 0.58125 0.58125 0.021875 0.0265625
0 0.60703125 0.5796875 0.025 0.025
0 0.70390625 0.578125 0.025 0.021875
0 0.82109375 0.6125 0.021875 0.0296875
0 0.41328125 0.66328125 0.0203125 0.0203125
0 0.4578125 0.58984375 0.0171875 0.0203125
0 0.44453125 0.58203125 0.015625 0.028125
0 0.37734375 0.60703125 0.021875 0.025
0 0.346875 0.6171875 0.015625 0.025
0 0.30234375 0.62578125 0.0109375 0.0140625
0 0.26953125 0.75 0.0171875 0.028125
0 0.265625 0.784375 0.0203125 0.025
0 0.31484375 0.8390625 0.021875 0.025
0 0.23125 0.77734375 0.021875 0.034375
0 0.1953125 0.7234375 0.021875 0.03125
0 0.21796875 0.80390625 0.021875 0.034375
0 0.26171875 0.62109375 0.028125 0.03125
0 0.29921875 0.57890625 0.021875 0.021875
0 0.246875 0.66015625 0.021875 0.0265625
0 0.690625 0.303125 0.0328125 0.0421875
0 0.76484375 0.240625 0.0265625 0.028125
0 0.7390625 0.18671875 0.025 0.0296875
0 0.7203125 0.17734375 0.01875 0.0265625
0 0.7875 0.1375 0.025 0.034375
0 0.80625 0.28828125 0.0203125 0.0265625
0 0.853125 0.2421875 0.0265625 0.0296875
0 0.81484375 0.32109375 0.021875 0.03125
0 0.82578125 0.3484375 0.0171875 0.028125
0 0.85625 0.38359375 0.021875 0.025
0 0.7421875 0.35625 0.01875 0.025
0 0.6703125 0.34453125 0.021875 0.028125
0 0.68671875 0.37578125 0.0203125 0.028125
0 0.64375 0.3703125 0.0203125 0.01875
0 0.6203125 0.34453125 0.01875 0.028125
0 0.60625 0.353125 0.0203125 0.03125
0 0.57265625 0.2859375 0.0296875 0.0375
0 0.54453125 0.26640625 0.0265625 0.0359375
0 0.52578125 0.18828125 0.021875 0.034375
0 0.51015625 0.14765625 0.015625 0.028125
0 0.49296875 0.14609375 0.01875 0.025
0 0.471875 0.17890625 0.025 0.03125
0 0.46015625 0.23203125 0.01875 0.0328125
0 0.4375 0.2 0.021875 0.03125
0 0.43515625 0.2953125 0.01875 0.0421875
0 0.41953125 0.27890625 0.01875 0.0328125
0 0.3828125 0.13046875 0.021875 0.03125
0 0.44453125 0.096875 0.025 0.025
0 0.45703125 0.05859375 0.01875 0.03125
0 0.42890625 0.06015625 0.025 0.021875
0 0.56171875 0.06015625 0.025 0.03125
0 0.6546875 0.05859375 0.03125 0.0296875
0 0.753125 0.05234375 0.025 0.0328125
0 0.871875 0.20859375 0.0265625 0.046875
0 0.3484375 0.31953125 0.01875 0.025
0 0.40390625 0.3578125 0.028125 0.034375
0 0.5015625 0.396875 0.021875 0.028125
0 0.5 0.33984375 0.01875 0.03125
0 0.50078125 0.3609375 0.01875 0.025
0 0.4296875 0.38984375 0.0265625 0.03125
0 0.40703125 0.4 0.0234375 0.03125
0 0.38828125 0.41015625 0.01875 0.03125
0 0.359375 0.3578125 0.025 0.025
0 0.2828125 0.32265625 0.0203125 0.025
0 0.284375 0.27890625 0.028125 0.03125
0 0.296875 0.2625 0.021875 0.0296875
0 0.23203125 0.19296875 0.0203125 0.01875
0 0.20625 0.165625 0.021875 0.03125
0 0.2390625 0.08828125 0.028125 0.03125
0 0.2890625 0.08671875 0.03125 0.0265625
0 0.1796875 0.1984375 0.021875 0.034375
0 0.175 0.15859375 0.015625 0.03125
0 0.15390625 0.09375 0.0203125 0.0359375
0 0.1828125 0.321875 0.03125 0.0421875
0 0.165625 0.31015625 0.021875 0.03125
0 0.2234375 0.38828125 0.021875 0.025
0 0.253125 0.3234375 0.021875 0.034375
0 0.2578125 0.40234375 0.0140625 0.021875
0 0.23984375 0.40390625 0.015625 0.025
0 0.31328125 0.86953125 0.01875 0.028125
0 0.44140625 0.88046875 0.01875 0.028125
0 0.80859375 0.571875 0.025 0.028125
0 0.796875 0.65 0.01875 0.028125
0 0.9171875 0.58828125 0.025 0.034375
0 0.94375 0.1484375 0.025 0.0265625
0 0.8953125 0.0515625 0.025 0.0328125
0 0.965625 0.2625 0.0234375 0.028125
0 0.95546875 0.321875 0.025 0.028125
0 0.9609375 0.3453125 0.021875 0.028125
0 0.84453125 0.0171875 0.021875 0.025
0 0.96484375 0.78046875 0.021875 0.028125
0 0.94921875 0.8625 0.021875 0.034375
0 0.9765625 0.6328125 0.01875 0.028125
0 0.13515625 0.77421875 0.03125 0.0375
0 0.16328125 0.76875 0.0203125 0.034375
0 0.13828125 0.7140625 0.025 0.0328125
0 0.14375 0.578125 0.028125 0.03125
0 0.215625 0.8578125 0.021875 0.0328125
0 0.171875 0.86328125 0.0234375 0.025
0 0.06171875 0.3265625 0.0265625 0.0328125
0 0.04375 0.3015625 0.01875 0.025
0 0.01171875 0.22421875 0.0234375 0.0328125
0 0.11640625 0.14140625 0.028125 0.03125
0 0.1296875 0.10234375 0.0203125 0.025
0 0.08671875 0.084375 0.01875 0.0265625
0 0.0375 0.10859375 0.025 0.034375
0 0.0671875 0.153125 0.015625 0.028125
0 0.1734375 0.4015625 0.025 0.0359375
0 0.16875 0.3640625 0.01875 0.03125
0 0.1453125 0.353125 0.025 0.0265625
0 0.13359375 0.36953125 0.028125 0.03125
0 0.1046875 0.40859375 0.0234375 0.0328125
0 0.06015625 0.775 0.01875 0.0203125