0 0.88359375 0.34375 0.053125 0.0375
0 0.8453125 0.38203125 0.04375 0.028125
0 0.7828125 0.3265625 0.0265625 0.0265625
0 0.66796875 0.3375 0.0265625 0.0234375
0 0.7 0.38203125 0.03125 0.01875
0 0.79140625 0.359375 0.025 0.01875
0 0.76953125 0.371875 0.028125 0.021875
0 0.89765625 0.4421875 0.021875 0.0171875
0 0.92109375 0.45625 0.0203125 0.015625
0 0.8921875 0.471875 0.0203125 0.0140625
0 0.91640625 0.484375 0.0234375 0.0140625
0 0.88359375 0.50703125 0.0203125 0.0140625
0 0.865625 0.5234375 0.021875 0.01875
0 0.8875 0.52421875 0.01875 0.015625
0 0.78515625 0.5515625 0.028125 0.025
0 0.79765625 0.56328125 0.028125 0.025
0 0.6859375 0.43046875 0.021875 0.01875
0 0.6796875 0.48359375 0.01875 0.0171875
0 0.6421875 0.48984375 0.0265625 0.0203125
0 0.703125 0.55234375 0.0234375 0.0171875
0 0.70234375 0.5921875 0.025 0.01875
0 0.78828125 0.690625 0.0328125 0.0265625
0 0.74375 0.69140625 0.03125 0.0203125
0 0.8109375 0.67109375 0.03125 0.0203125
0 0.58203125 0.53046875 0.0265625 0.021875
0 0.59765625 0.45390625 0.0265625 0.0234375
0 0.6015625 0.42734375 0.025 0.025
0 0.6203125 0.33359375 0.021875 0.025
0 0.678125 0.2265625 0.03125 0.0234375
0 0.64296875 0.63203125 0.021875 0.021875
0 0.58125 0.575 0.021875 0.01875
0 0.571875 0.5859375 0.028125 0.0171875
0 0.58125 0.65546875 0.025 0.021875
0 0.58515625 0.6875 0.025 0.015625
0 0.58359375 0.7328125 0.0140625 0.0125
0 0.69765625 0.790625 0.028125 0.01875
0 0.7296875 0.8015625 0.025 0.0203125
0 0.79296875 0.7640625 0.025 0.021875
0 0.715625 0.8328125 0.0359375 0.0234375
0 0.65546875 0.85625 0.0328125 0.0234375
0 0.7390625 0.85078125 0.0359375 0.0234375
0 0.57109375 0.7703125 0.0328125 0.0296875
0 0.53828125 0.72578125 0.0234375 0.0234375
0 0.60546875 0.79296875 0.0265625 0.0234375
0 0.35078125 0.290625 0.0421875 0.034375
0 0.30546875 0.20546875 0.028125 0.028125
0 0.2484375 0.21953125 0.03125 0.0265625
0 0.2359375 0.23515625 0.0265625 0.0203125
0 0.21015625 0.1625 0.0359375 0.0265625
0 0.3609375 0.175 0.0265625 0.021875
0 0.32578125 0.11953125 0.028125 0.028125
0 0.3953125 0.1734375 0.0328125 0.0234375
0 0.4234375 0.16875 0.028125 0.01875
0 0.4625 0.146875 0.025 0.021875
0 0.41328125 0.25078125 0.025 0.01875
0 0.3875 0.31875 0.028125 0.0234375
0 0.42109375 0.30859375 0.028125 0.021875
0 0.40703125 0.34921875 0.0203125 0.021875
0 0.3765625 0.36640625 0.028125 0.0203125
0 0.3828125 0.38203125 0.03125 0.021875
0 0.31015625 0.40078125 0.0390625 0.03125
0 0.28671875 0.4234375 0.0375 0.028125
0 0.20625 0.42578125 0.0359375 0.0234375
0 0.1640625 0.4328125 0.028125 0.0171875
0 0.159375 0.44921875 0.025 0.01875
0 0.1859375 0.4765625 0.0328125 0.0265625
0 0.234375 0.49921875 0.0328125 0.0203125
0 0.19921875 0.5140625 0.0328125 0.0234375
0 0.29140625 0.53671875 0.0421875 0.021875
0 0.27265625 0.54765625 0.0328125 0.0203125
0 0.12109375 0.553125 0.0328125 0.0234375
0 0.1015625 0.4859375 0.025 0.025
0 0.0671875 0.46484375 0.03125 0.0203125
0 0.0625 0.49375 0.021875 0.025
0 0.08984375 0.36484375 0.0328125 0.0265625
0 0.10625 0.275 0.0296875 0.0328125
0 0.12109375 0.17734375 0.0328125 0.0265625
0 0.29765625 0.0953125 0.0484375 0.028125
0 0.296875 0.625 0.025 0.01875
0 0.3453125 0.57890625 0.0359375 0.0296875
0 0.403125 0.49296875 0.028125 0.0234375
0 0.346875 0.4828125 0.03125 0.0203125
0 0.36796875 0.4859375 0.025 0.01875
0 0.38203125 0.5609375 0.0328125 0.028125
0 0.3859375 0.58515625 0.0328125 0.025
0 0.39296875 0.60546875 0.03125 0.0203125
0 0.3359375 0.621875 0.025 0.025
0 0.28671875 0.68828125 0.025 0.0203125
0 0.24375 0.67890625 0.0328125 0.0296875
0 0.23125 0.6625 0.03125 0.0234375
0 0.15 0.7109375 0.0203125 0.021875
0 0.11875 0.73125 0.0328125 0.0234375
0 0.05 0.6828125 0.0328125 0.0296875
0 0.059375 0.634375 0.028125 0.0328125
0 0.14453125 0.76328125 0.0359375 0.0234375
0 0.10546875 0.7609375 0.03125 0.0171875
0 0.0375 0.76640625 0.0359375 0.021875
0 0.26484375 0.7859375 0.0421875 0.0328125
0 0.24921875 0.8 0.0328125 0.0234375
0 0.33828125 0.76015625 0.025 0.021875
0 0.28125 0.71796875 0.0359375 0.0234375
0 0.35859375 0.73046875 0.0234375 0.015625
0 0.35625 0.74765625 0.025 0.015625
0 0.821875 0.77265625 0.028125 0.0203125
0 0.859375 0.65078125 0.028125 0.0203125
0 0.6359375 0.23125 0.028125 0.0265625
0 0.709375 0.2578125 0.028125 0.0203125
0 0.67421875 0.12890625 0.0359375 0.0265625
0 0.2546875 0.01328125 0.0265625 0.0265625
0 0.15078125 0.03984375 0.034375 0.0265625
0 0.36875 0.015625 0.028125 0.025
0 0.4234375 0.03828125 0.028125 0.0265625
0 0.4484375 0.0375 0.028125 0.0234375
0 0.10546875 0.0828125 0.025 0.021875
0 0.87109375 0.12265625 0.028125 0.0234375
0 0.94609375 0.1546875 0.0359375 0.0234375
0 0.7296875 0.08125 0.028125 0.0203125
0 0.69375 0.925 0.0390625 0.0328125
0 0.69375 0.89609375 0.034375 0.021875
0 0.6359375 0.909375 0.034375 0.0265625
0 0.5046875 0.8765625 0.0328125 0.0296875
0 0.790625 0.8640625 0.034375 0.0234375
0 0.7875 0.90703125 0.025 0.0234375
0 0.24453125 0.90390625 0.034375 0.028125
0 0.2171875 0.91640625 0.025 0.01875
0 0.13515625 0.93203125 0.034375 0.0265625
0 0.0765625 0.81328125 0.0328125 0.0296875
0 0.04140625 0.7921875 0.025 0.0203125
0 0.01484375 0.83046875 0.0265625 0.0203125
0 0.02890625 0.8828125 0.0359375 0.0265625
0 0.07734375 0.8625 0.028125 0.0171875
0 0.340625 0.81015625 0.0375 0.0265625
0 0.303125 0.80859375 0.03125 0.0203125
0 0.28828125 0.82890625 0.0265625 0.0265625
0 0.3015625 0.84375 0.0328125 0.0296875
0 0.3328125 0.8796875 0.0328125 0.025
0 0.678125 0.99375 0.021875 0.0125