0 0.7140625 0.14375 0.0296875 0.046875
0 0.6734375 0.17421875 0.021875 0.0390625
0 0.7171875 0.240625 0.0234375 0.021875
0 0.6921875 0.3484375 0.01875 0.0234375
0 0.65390625 0.31171875 0.0140625 0.028125
0 0.6875 0.22890625 0.015625 0.021875
0 0.67265625 0.24765625 0.0171875 0.025
0 0.6234375 0.1171875 0.0140625 0.01875
0 0.6125 0.09296875 0.0125 0.0171875
0 0.59453125 0.11875 0.0109375 0.01875
0 0.5859375 0.09375 0.0109375 0.021875
0 0.559375 0.12109375 0.0109375 0.01875
0 0.54140625 0.1359375 0.015625 0.01875
0 0.54375 0.115625 0.0125 0.015625
0 0.5046875 0.20859375 0.0203125 0.025
0 0.4953125 0.1953125 0.0203125 0.025
0 0.60625 0.31953125 0.015625 0.01875
0 0.55546875 0.31796875 0.0140625 0.015625
0 0.54375 0.353125 0.015625 0.0234375
0 0.49296875 0.28671875 0.0140625 0.0203125
0 0.45546875 0.28203125 0.015625 0.021875
0 0.3734375 0.1875 0.021875 0.028125
0 0.3671875 0.2296875 0.015625 0.028125
0 0.3953125 0.16875 0.015625 0.028125
0 0.49765625 0.4046875 0.0171875 0.0234375
0 0.57265625 0.39921875 0.01875 0.0234375
0 0.59765625 0.39921875 0.021875 0.021875
0 0.6890625 0.39375 0.021875 0.01875
0 0.79765625 0.35390625 0.01875 0.0265625
0 0.409375 0.3328125 0.01875 0.01875
0 0.45546875 0.39921875 0.015625 0.01875
0 0.44375 0.40703125 0.0125 0.025
0 0.37890625 0.38828125 0.01875 0.021875
0 0.34921875 0.38046875 0.0125 0.021875
0 0.30625 0.37578125 0.009375 0.0125
0 0.2671875 0.26015625 0.0140625 0.025
0 0.2609375 0.228125 0.0171875 0.021875
0 0.30390625 0.1734375 0.01875 0.021875
0 0.2296875 0.2375 0.01875 0.03125
0 0.19921875 0.290625 0.01875 0.028125
0 0.215625 0.2125 0.01875 0.03125
0 0.26875 0.3828125 0.025 0.028125
0 0.30703125 0.41953125 0.0203125 0.0203125
0 0.2515625 0.346875 0.01875 0.0234375
0 0.69453125 0.6546875 0.028125 0.0375
0 0.76875 0.709375 0.0234375 0.025
0 0.74765625 0.76171875 0.021875 0.0265625
0 0.73125 0.77109375 0.015625 0.0234375
0 0.796875 0.8046875 0.021875 0.03125
0 0.8046875 0.6609375 0.0171875 0.0234375
0 0.85234375 0.7015625 0.0234375 0.0265625
0 0.8109375 0.62890625 0.01875 0.028125
0 0.81875 0.60234375 0.0140625 0.025
0 0.8453125 0.56796875 0.01875 0.021875
0 0.73984375 0.60078125 0.015625 0.021875
0 0.67265625 0.61640625 0.01875 0.025
0 0.68671875 0.5859375 0.0171875 0.025
0 0.64609375 0.59453125 0.01875 0.0171875
0 0.62578125 0.6203125 0.015625 0.025
0 0.61171875 0.61328125 0.0171875 0.028125
0 0.584375 0.67890625 0.025 0.034375
0 0.559375 0.6984375 0.0234375 0.0328125
0 0.546875 0.77421875 0.01875 0.03125
0 0.534375 0.81328125 0.0125 0.025
0 0.51875 0.815625 0.015625 0.021875
0 0.49609375 0.7859375 0.021875 0.028125
0 0.48125 0.7375 0.015625 0.0296875
0 0.4625 0.76875 0.01875 0.028125
0 0.453125 0.67890625 0.015625 0.0390625
0 0.43984375 0.6953125 0.015625 0.0296875
0 0.41484375 0.8375 0.01875 0.028125
0 0.47578125 0.865625 0.021875 0.021875
0 0.490625 0.90078125 0.015625 0.028125
0 0.46328125 0.9015625 0.021875 0.01875
0 0.5890625 0.8921875 0.021875 0.028125
0 0.6765625 0.88828125 0.028125 0.0265625
0 0.7703125 0.8875 0.021875 0.0296875
0 0.871875 0.73203125 0.021875 0.04375
0 0.3703125 0.66171875 0.015625 0.021875
0 0.4203125 0.621875 0.025 0.03125
0 0.509375 0.57890625 0.01875 0.025
0 0.51171875 0.6328125 0.015625 0.028125
0 0.5109375 0.61328125 0.015625 0.021875
0 0.4421875 0.58984375 0.0234375 0.028125
0 0.4203125 0.58203125 0.0203125 0.028125
0 0.4015625 0.5734375 0.015625 0.028125
0 0.378125 0.625 0.021875 0.021875
0 0.30859375 0.66328125 0.0171875 0.021875
0 0.3125 0.7046875 0.025 0.028125
0 0.32578125 0.71875 0.01875 0.0265625
0 0.26875 0.7890625 0.01875 0.0171875
0 0.24609375 0.81640625 0.01875 0.028125
0 0.2828125 0.8875 0.025 0.028125
0 0.3296875 0.8859375 0.028125 0.0234375
0 0.21875 0.7875 0.01875 0.03125
0 0.21640625 0.825 0.0125 0.028125
0 0.2015625 0.88828125 0.0171875 0.0328125
0 0.2140625 0.6703125 0.0265625 0.0375
0 0.1984375 0.6828125 0.01875 0.028125
0 0.24765625 0.6046875 0.01875 0.021875
0 0.28046875 0.6640625 0.01875 0.03125
0 0.27890625 0.5890625 0.0125 0.0203125
0 0.26171875 0.5890625 0.0125 0.021875
0 0.30078125 0.14453125 0.015625 0.025
0 0.42109375 0.12578125 0.015625 0.025
0 0.78828125 0.39296875 0.021875 0.025
0 0.77265625 0.3203125 0.015625 0.025
0 0.88984375 0.3703125 0.021875 0.03125
0 0.94375 0.78359375 0.021875 0.0234375
0 0.9046875 0.878125 0.021875 0.0296875
0 0.95703125 0.675 0.0203125 0.025
0 0.94296875 0.61953125 0.021875 0.025
0 0.946875 0.596875 0.01875 0.025
0 0.99140625 0.6078125 0.0171875 0.028125
0 0.85859375 0.91484375 0.01875 0.021875
0 0.921875 0.18515625 0.01875 0.025
0 0.9015625 0.109375 0.01875 0.03125
0 0.94296875 0.32421875 0.015625 0.025
0 0.1390625 0.24609375 0.0265625 0.034375
0 0.165625 0.25 0.0171875 0.03125
0 0.14609375 0.303125 0.021875 0.0296875
0 0.16015625 0.43125 0.025 0.028125
0 0.209375 0.1625 0.01875 0.0296875
0 0.16796875 0.159375 0.0203125 0.021875
0 0.09921875 0.67421875 0.0234375 0.0296875
0 0.08359375 0.6984375 0.015625 0.021875
0 0.0578125 0.7734375 0.021875 0.0296875
0 0.1625 0.8453125 0.025 0.028125
0 0.178125 0.88125 0.0171875 0.021875
0 0.13828125 0.9015625 0.015625 0.0234375
0 0.090625 0.88125 0.021875 0.03125
0 0.115625 0.8375 0.0125 0.025
0 0.2 0.59609375 0.021875 0.0328125
0 0.19765625 0.63125 0.015625 0.028125
0 0.17578125 0.64296875 0.021875 0.0234375
0 0.1640625 0.628125 0.025 0.028125
0 0.13359375 0.59375 0.0203125 0.0296875
0 0.06796875 0.25078125 0.0171875 0.01875