0 0.25546875 0.08359375 0.0328125 0.0515625
0 0.3 0.115625 0.0234375 0.0421875
0 0.25390625 0.18828125 0.0265625 0.0234375
0 0.28359375 0.30546875 0.0203125 0.0265625
0 0.32421875 0.26484375 0.015625 0.03125
0 0.2859375 0.17578125 0.0171875 0.0234375
0 0.30234375 0.1953125 0.01875 0.028125
0 0.353125 0.053125 0.015625 0.0203125
0 0.3640625 0.0265625 0.0140625 0.01875
0 0.384375 0.05390625 0.0125 0.0203125
0 0.39296875 0.02734375 0.0125 0.0234375
0 0.42265625 0.05703125 0.0125 0.0203125
0 0.4421875 0.071875 0.0171875 0.0203125
0 0.43984375 0.05 0.0140625 0.0171875
0 0.48359375 0.15 0.021875 0.028125
0 0.49375 0.1359375 0.021875 0.028125
0 0.37578125 0.27265625 0.0171875 0.0203125
0 0.43046875 0.2703125 0.015625 0.0171875
0 0.44453125 0.3078125 0.0171875 0.0265625
0 0.49765625 0.234375 0.015625 0.021875
0 0.53828125 0.22890625 0.0171875 0.0234375
0 0.62578125 0.125 0.0234375 0.03125
0 0.63359375 0.1703125 0.0171875 0.03125
0 0.6015625 0.10546875 0.0171875 0.03125
0 0.4953125 0.3625 0.01875 0.0265625
0 0.4140625 0.35859375 0.0203125 0.0265625
0 0.38671875 0.359375 0.0234375 0.0234375
0 0.2875 0.3546875 0.0234375 0.0203125
0 0.16875 0.31328125 0.0203125 0.0296875
0 0.5890625 0.2828125 0.0203125 0.0203125
0 0.540625 0.35625 0.0171875 0.0203125
0 0.55390625 0.36484375 0.0140625 0.028125
0 0.62421875 0.3421875 0.0203125 0.0234375
0 0.65546875 0.33359375 0.0140625 0.0234375
0 0.70234375 0.32734375 0.0109375 0.0140625
0 0.7421875 0.20234375 0.015625 0.028125
0 0.7484375 0.16640625 0.01875 0.0234375
0 0.70078125 0.1078125 0.0203125 0.0234375
0 0.7828125 0.1765625 0.0203125 0.034375
0 0.81640625 0.23359375 0.0203125 0.03125
0 0.796875 0.1484375 0.0203125 0.034375
0 0.74296875 0.33515625 0.028125 0.03125
0 0.7015625 0.375 0.021875 0.021875
0 0.76015625 0.2953125 0.0203125 0.0265625
0 0.2859375 0.6375 0.03125 0.040625
0 0.20625 0.6984375 0.0265625 0.028125
0 0.23125 0.7546875 0.0234375 0.0296875
0 0.2484375 0.76484375 0.0171875 0.0265625
0 0.178125 0.80234375 0.0234375 0.034375
0 0.16640625 0.64609375 0.01875 0.0265625
0 0.115625 0.69140625 0.0265625 0.0296875
0 0.159375 0.6125 0.0203125 0.03125
0 0.15078125 0.58359375 0.015625 0.028125
0 0.12109375 0.54609375 0.0203125 0.0234375
0 0.2359375 0.58046875 0.0171875 0.0234375
0 0.309375 0.5953125 0.0203125 0.028125
0 0.29296875 0.56328125 0.01875 0.028125
0 0.33828125 0.571875 0.0203125 0.01875
0 0.36015625 0.59921875 0.0171875 0.028125
0 0.375 0.59140625 0.01875 0.03125
0 0.40625 0.66171875 0.028125 0.0375
0 0.43359375 0.6828125 0.0265625 0.0359375
0 0.4484375 0.7640625 0.0203125 0.034375
0 0.46328125 0.80703125 0.0140625 0.028125
0 0.4796875 0.809375 0.0171875 0.0234375
0 0.50390625 0.7765625 0.0234375 0.03125
0 0.51953125 0.7234375 0.0171875 0.0328125
0 0.540625 0.75703125 0.0203125 0.03125
0 0.54921875 0.659375 0.0171875 0.0421875
0 0.56328125 0.67734375 0.0171875 0.0328125
0 0.59296875 0.83046875 0.0203125 0.03125
0 0.52734375 0.86171875 0.0234375 0.0234375
0 0.5125 0.90078125 0.0171875 0.03125
0 0.54140625 0.90078125 0.0234375 0.0203125
0 0.40546875 0.89296875 0.0234375 0.03125
0 0.31015625 0.890625 0.03125 0.0296875
0 0.20859375 0.8921875 0.0234375 0.0328125
0 0.0953125 0.725 0.025 0.0484375
0 0.63828125 0.6390625 0.0171875 0.0234375
0 0.5828125 0.596875 0.028125 0.034375
0 0.48515625 0.5515625 0.0203125 0.028125
0 0.48359375 0.61015625 0.0171875 0.03125
0 0.484375 0.5890625 0.0171875 0.0234375
0 0.55859375 0.5625 0.0265625 0.03125
0 0.58203125 0.55390625 0.021875 0.03125
0 0.60234375 0.54453125 0.0171875 0.03125
0 0.62890625 0.59921875 0.0234375 0.0234375
0 0.7046875 0.6390625 0.01875 0.0234375
0 0.7015625 0.68515625 0.028125 0.03125
0 0.6875 0.7 0.0203125 0.0296875
0 0.75078125 0.775 0.0203125 0.01875
0 0.77578125 0.8046875 0.0203125 0.03125
0 0.7375 0.8828125 0.028125 0.03125
0 0.68671875 0.88125 0.03125 0.0265625
0 0.8046875 0.77265625 0.0203125 0.034375
0 0.8078125 0.81328125 0.0140625 0.03125
0 0.82578125 0.88203125 0.01875 0.0359375
0 0.8078125 0.6453125 0.0296875 0.040625
0 0.825 0.65859375 0.0203125 0.03125
0 0.7703125 0.575 0.0203125 0.0234375
0 0.73515625 0.63984375 0.0203125 0.034375
0 0.73515625 0.55859375 0.0140625 0.021875
0 0.75390625 0.5578125 0.0140625 0.0234375
0 0.70390625 0.0765625 0.0171875 0.028125
0 0.57265625 0.05859375 0.0171875 0.028125
0 0.1796875 0.35546875 0.0234375 0.028125
0 0.1953125 0.2765625 0.0171875 0.028125
0 0.06875 0.33359375 0.0234375 0.034375
0 0.01796875 0.78203125 0.0234375 0.0265625
0 0.0625 0.884375 0.0234375 0.0328125
0 0.00859375 0.66484375 0.0109375 0.028125
0 0.015625 0.6046875 0.0234375 0.028125
0 0.01171875 0.5796875 0.0203125 0.028125
0 0.11328125 0.9234375 0.0203125 0.0234375
0 0.03125 0.13203125 0.0203125 0.028125
0 0.0515625 0.05 0.0203125 0.034375
0 0.01015625 0.284375 0.0171875 0.028125
0 0.88125 0.18359375 0.0296875 0.0375
0 0.85234375 0.18828125 0.01875 0.034375
0 0.87421875 0.24609375 0.0234375 0.0328125
0 0.86171875 0.38515625 0.028125 0.03125
0 0.803125 0.09453125 0.0203125 0.0328125
0 0.8484375 0.090625 0.021875 0.0234375
0 0.93203125 0.64765625 0.0265625 0.0328125
0 0.95 0.6734375 0.0171875 0.0234375
0 0.97890625 0.75390625 0.0234375 0.0328125
0 0.8671875 0.834375 0.028125 0.03125
0 0.85 0.8734375 0.01875 0.0234375
0 0.89453125 0.89453125 0.0171875 0.0265625
0 0.9453125 0.871875 0.0234375 0.034375
0 0.9171875 0.825 0.0140625 0.028125
0 0.821875 0.56484375 0.0234375 0.0359375
0 0.82421875 0.603125 0.0171875 0.03125
0 0.84921875 0.61484375 0.0234375 0.0265625
0 0.8609375 0.59921875 0.028125 0.03125
0 0.89296875 0.5609375 0.021875 0.0328125
0 0.9578125 0.18828125 0.01875 0.0203125