0 0.734375 0.85703125 0.0328125 0.0484375
0 0.69140625 0.828125 0.025 0.040625
0 0.7328125 0.75859375 0.025 0.0234375
0 0.70078125 0.64921875 0.0203125 0.025
0 0.6640625 0.6890625 0.015625 0.0296875
0 0.703125 0.771875 0.0171875 0.0234375
0 0.68671875 0.753125 0.01875 0.0265625
0 0.64296875 0.8890625 0.015625 0.0203125
0 0.63359375 0.91484375 0.0140625 0.0171875
0 0.6140625 0.8890625 0.0125 0.0203125
0 0.60625 0.915625 0.0125 0.0234375
0 0.578125 0.88828125 0.0125 0.0203125
0 0.55859375 0.875 0.0171875 0.0203125
0 0.5625 0.8953125 0.0140625 0.015625
0 0.5171875 0.8015625 0.021875 0.0265625
0 0.50859375 0.81640625 0.021875 0.0265625
0 0.61484375 0.68359375 0.0171875 0.0203125
0 0.56328125 0.6875 0.015625 0.015625
0 0.54921875 0.65234375 0.0171875 0.025
0 0.5015625 0.72265625 0.015625 0.021875
0 0.46328125 0.7296875 0.0171875 0.0234375
0 0.384375 0.83046875 0.0234375 0.0296875
0 0.37578125 0.78828125 0.0171875 0.0296875
0 0.4078125 0.84921875 0.0171875 0.0296875
0 0.5 0.60234375 0.01875 0.025
0 0.5765625 0.60390625 0.0203125 0.025
0 0.60234375 0.60234375 0.0234375 0.0234375
0 0.6953125 0.603125 0.0234375 0.0203125
0 0.80859375 0.63828125 0.0203125 0.028125
0 0.41328125 0.68046875 0.0203125 0.0203125
0 0.45703125 0.61015625 0.0171875 0.0203125
0 0.44453125 0.603125 0.0140625 0.0265625
0 0.37890625 0.625 0.0203125 0.0234375
0 0.35 0.63515625 0.0140625 0.0234375
0 0.30546875 0.6421875 0.009375 0.0125
0 0.271875 0.7625 0.015625 0.0265625
0 0.2671875 0.7953125 0.01875 0.0234375
0 0.3140625 0.8484375 0.0203125 0.0234375
0 0.23515625 0.7875 0.021875 0.0328125
0 0.20078125 0.734375 0.0203125 0.0296875
0 0.22265625 0.81328125 0.021875 0.0328125
0 0.2671875 0.63671875 0.0265625 0.0296875
0 0.30390625 0.596875 0.021875 0.021875
0 0.2515625 0.675 0.0203125 0.025
0 0.68671875 0.33671875 0.03125 0.0390625
0 0.76015625 0.2765625 0.025 0.0265625
0 0.7359375 0.225 0.0234375 0.028125
0 0.71875 0.215625 0.0171875 0.025
0 0.78359375 0.17734375 0.025 0.0328125
0 0.8 0.325 0.01875 0.025
0 0.84609375 0.2796875 0.025 0.0265625
0 0.8078125 0.35625 0.0203125 0.0296875
0 0.8171875 0.38359375 0.015625 0.0265625
0 0.84609375 0.4171875 0.0203125 0.0234375
0 0.73671875 0.3890625 0.0171875 0.0234375
0 0.6671875 0.37734375 0.0203125 0.0265625
0 0.6828125 0.4078125 0.01875 0.0265625
0 0.64140625 0.4 0.0203125 0.01875
0 0.61953125 0.37578125 0.0171875 0.0265625
0 0.6046875 0.38359375 0.01875 0.0296875
0 0.5734375 0.31796875 0.028125 0.0359375
0 0.54765625 0.2984375 0.0265625 0.034375
0 0.5296875 0.22265625 0.021875 0.0328125
0 0.515625 0.1828125 0.0140625 0.0265625
0 0.49921875 0.18203125 0.0171875 0.0234375
0 0.478125 0.21328125 0.0234375 0.0296875
0 0.46484375 0.26328125 0.0171875 0.03125
0 0.44453125 0.23203125 0.0203125 0.0296875
0 0.43984375 0.325 0.0171875 0.040625
0 0.425 0.309375 0.0171875 0.03125
0 0.39140625 0.16484375 0.0203125 0.0296875
0 0.45234375 0.13359375 0.0234375 0.0234375
0 0.46640625 0.096875 0.0171875 0.0296875
0 0.43828125 0.096875 0.0234375 0.0203125
0 0.56640625 0.1 0.0234375 0.0296875
0 0.65625 0.09921875 0.0296875 0.0265625
0 0.75234375 0.09453125 0.0234375 0.0296875
0 0.86484375 0.24765625 0.025 0.0453125
0 0.35625 0.346875 0.0171875 0.0234375
0 0.409375 0.38515625 0.028125 0.0328125
0 0.50234375 0.42421875 0.0203125 0.0265625
0 0.5015625 0.36875 0.0171875 0.0296875
0 0.50234375 0.3890625 0.0171875 0.0234375
0 0.4328125 0.41640625 0.025 0.0296875
0 0.41171875 0.42578125 0.021875 0.0296875
0 0.3921875 0.43515625 0.0171875 0.0296875
0 0.365625 0.384375 0.0234375 0.0234375
0 0.2921875 0.3484375 0.01875 0.0234375
0 0.2953125 0.30546875 0.0265625 0.0296875
0 0.3078125 0.29140625 0.0203125 0.028125
0 0.2453125 0.22265625 0.0203125 0.01875
0 0.22109375 0.1953125 0.0203125 0.0296875
0 0.2546875 0.12109375 0.0265625 0.0296875
0 0.30234375 0.1203125 0.0296875 0.025
0 0.19453125 0.2265625 0.021875 0.0328125
0 0.190625 0.18828125 0.0140625 0.0296875
0 0.17109375 0.12421875 0.01875 0.034375
0 0.19609375 0.34609375 0.0296875 0.0390625
0 0.17890625 0.334375 0.0203125 0.0296875
0 0.234375 0.41171875 0.0203125 0.0234375
0 0.2640625 0.34921875 0.021875 0.0328125
0 0.2671875 0.42578125 0.0140625 0.021875
0 0.24921875 0.42734375 0.0140625 0.0234375
0 0.3125 0.878125 0.0171875 0.0265625
0 0.43671875 0.89140625 0.0171875 0.0265625
0 0.796875 0.5984375 0.0234375 0.0265625
0 0.78515625 0.6734375 0.0171875 0.0265625
0 0.90234375 0.61640625 0.025 0.0328125
0 0.93515625 0.19140625 0.0234375 0.025
0 0.88984375 0.096875 0.025 0.03125
0 0.9546875 0.3015625 0.021875 0.0265625
0 0.94296875 0.359375 0.0234375 0.0265625
0 0.9484375 0.38203125 0.0203125 0.0265625
0 0.9890625 0.36875 0.0109375 0.0296875
0 0.840625 0.06171875 0.0203125 0.0234375
0 0.94453125 0.80390625 0.0203125 0.0265625
0 0.92734375 0.88203125 0.021875 0.0328125
0 0.959375 0.6609375 0.0171875 0.0265625
0 0.1421875 0.7828125 0.0296875 0.0359375
0 0.16875 0.778125 0.01875 0.0328125
0 0.14609375 0.725 0.025 0.03125
0 0.15390625 0.59296875 0.0265625 0.0296875
0 0.21875 0.86484375 0.021875 0.03125
0 0.17578125 0.8703125 0.021875 0.0234375
0 0.078125 0.3484375 0.025 0.03125
0 0.0609375 0.32421875 0.0171875 0.0234375
0 0.03046875 0.24921875 0.025 0.03125
0 0.13359375 0.1703125 0.0265625 0.0296875
0 0.1484375 0.1328125 0.01875 0.0234375
0 0.10625 0.11484375 0.0171875 0.025
0 0.05859375 0.1375 0.025 0.0328125
0 0.08671875 0.18046875 0.0140625 0.0265625
0 0.18515625 0.42265625 0.025 0.034375
0 0.18125 0.38671875 0.0171875 0.0296875
0 0.15859375 0.3765625 0.0234375 0.025
0 0.146875 0.39140625 0.0265625 0.0296875
0 0.11796875 0.428125 0.021875 0.0296875
0 0.06953125 0.78203125 0.01875 0.0203125