0 0.646875 0.9015625 0.0390625 0.053125
0 0.61015625 0.8640625 0.028125 0.04375
0 0.66640625 0.8015625 0.028125 0.0265625
0 0.6578125 0.68671875 0.0234375 0.0265625
0 0.6125 0.71796875 0.01875 0.03125
0 0.63359375 0.809375 0.0203125 0.025
0 0.62109375 0.7875 0.021875 0.0296875
0 0.54921875 0.9140625 0.0171875 0.021875
0 0.53359375 0.93828125 0.015625 0.0203125
0 0.51953125 0.9078125 0.0140625 0.021875
0 0.50546875 0.9328125 0.015625 0.0234375
0 0.48359375 0.9 0.0140625 0.021875
0 0.4671875 0.88125 0.01875 0.021875
0 0.46640625 0.903125 0.015625 0.01875
0 0.440625 0.8 0.025 0.0296875
0 0.42890625 0.8125 0.025 0.0296875
0 0.56484375 0.7015625 0.01875 0.021875
0 0.51171875 0.69453125 0.0171875 0.01875
0 0.50546875 0.65703125 0.0203125 0.0265625
0 0.4421875 0.7171875 0.0171875 0.0234375
0 0.4015625 0.71640625 0.0203125 0.025
0 0.3015625 0.80078125 0.0265625 0.0328125
0 0.30234375 0.75546875 0.0203125 0.03125
0 0.3203125 0.8234375 0.0203125 0.03125
0 0.465625 0.59609375 0.021875 0.0265625
0 0.54296875 0.61328125 0.0234375 0.0265625
0 0.56875 0.61796875 0.0265625 0.0265625
0 0.6625 0.6390625 0.025 0.0234375
0 0.76875 0.69765625 0.0234375 0.03125
0 0.3625 0.65625 0.021875 0.021875
0 0.42109375 0.59453125 0.01875 0.021875
0 0.41015625 0.584375 0.0171875 0.028125
0 0.33984375 0.59296875 0.0234375 0.025
0 0.30859375 0.596875 0.0171875 0.025
0 0.2625 0.59453125 0.0125 0.0140625
0 0.203125 0.7078125 0.01875 0.028125
0 0.19140625 0.73984375 0.021875 0.025
0 0.22734375 0.80390625 0.0234375 0.025
0 0.1609375 0.72578125 0.025 0.0359375
0 0.1375 0.66484375 0.0234375 0.0328125
0 0.1421875 0.7484375 0.025 0.0359375
0 0.225 0.58046875 0.03125 0.0328125
0 0.27109375 0.54921875 0.0234375 0.0234375
0 0.20078125 0.615625 0.0234375 0.0265625
0 0.7109375 0.36875 0.0359375 0.04375
0 0.796875 0.325 0.028125 0.0296875
0 0.78359375 0.2671875 0.0265625 0.03125
0 0.76796875 0.2546875 0.0203125 0.0265625
0 0.84140625 0.23046875 0.028125 0.0359375
0 0.82578125 0.38046875 0.021875 0.0265625
0 0.88203125 0.34609375 0.028125 0.0296875
0 0.82734375 0.41484375 0.0234375 0.0328125
0 0.83046875 0.44375 0.01875 0.028125
0 0.853125 0.48359375 0.0234375 0.025
0 0.7484375 0.4328125 0.0203125 0.025
0 0.68203125 0.40546875 0.0234375 0.0296875
0 0.69140625 0.4390625 0.021875 0.0296875
0 0.65078125 0.4234375 0.021875 0.0203125
0 0.634375 0.39296875 0.0203125 0.028125
0 0.61796875 0.3984375 0.021875 0.0328125
0 0.6 0.32578125 0.03125 0.0390625
0 0.578125 0.30234375 0.0296875 0.0375
0 0.57734375 0.22109375 0.025 0.0359375
0 0.57109375 0.178125 0.0171875 0.028125
0 0.5546875 0.1734375 0.0203125 0.025
0 0.5265625 0.20078125 0.0265625 0.0328125
0 0.503125 0.2484375 0.0203125 0.0328125
0 0.4890625 0.2125 0.0234375 0.0328125
0 0.46484375 0.3046875 0.021875 0.0421875
0 0.453125 0.28515625 0.0203125 0.0328125
0 0.4515625 0.13359375 0.0234375 0.0328125
0 0.51796875 0.11484375 0.0265625 0.0265625
0 0.53984375 0.08046875 0.0203125 0.03125
0 0.51171875 0.07578125 0.025 0.0234375
0 0.640625 0.10546875 0.0265625 0.0328125
0 0.73046875 0.12421875 0.0328125 0.03125
0 0.82734375 0.140625 0.0265625 0.0328125
0 0.90703125 0.31796875 0.0296875 0.0484375
0 0.37578125 0.30859375 0.0203125 0.025
0 0.42109375 0.3578125 0.03125 0.0359375
0 0.50703125 0.4171875 0.0234375 0.0296875
0 0.51796875 0.36171875 0.0203125 0.03125
0 0.5140625 0.38203125 0.0203125 0.025
0 0.43828125 0.39453125 0.028125 0.0328125
0 0.41484375 0.39921875 0.025 0.0328125
0 0.39375 0.4046875 0.0203125 0.03125
0 0.378125 0.34765625 0.0265625 0.0265625
0 0.3125 0.296875 0.021875 0.025
0 0.32265625 0.2546875 0.03125 0.0328125
0 0.3390625 0.2421875 0.0234375 0.03125
0 0.29140625 0.16015625 0.021875 0.0203125
0 0.27265625 0.128125 0.0234375 0.0328125
0 0.321875 0.06015625 0.03125 0.0328125
0 0.3703125 0.06953125 0.0328125 0.028125
0 0.2390625 0.153125 0.025 0.0359375
0 0.24296875 0.1140625 0.0171875 0.03125
0 0.23828125 0.04609375 0.0234375 0.0375
0 0.215625 0.2734375 0.034375 0.04375
0 0.2015625 0.2578125 0.0234375 0.0328125
0 0.2390625 0.346875 0.0234375 0.025
0 0.2828125 0.29140625 0.025 0.0359375
0 0.26953125 0.36875 0.0171875 0.0234375
0 0.2515625 0.365625 0.0171875 0.025
0 0.21875 0.8328125 0.0203125 0.028125
0 0.340625 0.87265625 0.0203125 0.028125
0 0.76484375 0.65546875 0.0265625 0.0296875
0 0.73671875 0.728125 0.0203125 0.028125
0 0.8671875 0.69609375 0.028125 0.0359375
0 0.98828125 0.2765625 0.0234375 0.028125
0 0.96484375 0.171875 0.0265625 0.034375
0 0.9859375 0.39140625 0.025 0.0296875
0 0.9625 0.44609375 0.0265625 0.0296875
0 0.9625 0.4703125 0.0234375 0.0296875
0 0.9234375 0.1265625 0.0234375 0.025
0 0.86953125 0.89296875 0.0234375 0.0296875
0 0.83515625 0.96875 0.025 0.0359375
0 0.9140625 0.75234375 0.0203125 0.028125
0 0.06796875 0.7015625 0.0328125 0.040625
0 0.09609375 0.7015625 0.0234375 0.0359375
0 0.08515625 0.64296875 0.0265625 0.034375
0 0.1203125 0.5125 0.03125 0.0328125
0 0.12734375 0.79921875 0.0234375 0.034375
0 0.08359375 0.7953125 0.025 0.025
0 0.096875 0.25078125 0.028125 0.034375
0 0.08515625 0.22421875 0.0203125 0.025
0 0.0703125 0.14140625 0.0265625 0.034375
0 0.190625 0.084375 0.03125 0.0328125
0 0.21328125 0.04921875 0.021875 0.025
0 0.175 0.021875 0.0203125 0.0265625
0 0.121875 0.03515625 0.028125 0.0359375
0 0.140625 0.08515625 0.0171875 0.028125
0 0.18828125 0.3484375 0.028125 0.0375
0 0.1921875 0.31171875 0.0203125 0.03125
0 0.171875 0.29609375 0.0265625 0.028125
0 0.15703125 0.309375 0.03125 0.0328125
0 0.11953125 0.33984375 0.025 0.0328125
0 0.00234375 0.684375 0.0046875 0.021875