0 0.221875 0.80859375 0.0375 0.0515625
0 0.26796875 0.78671875 0.0296875 0.0421875
0 0.2375 0.71328125 0.0265625 0.0265625
0 0.2828125 0.61171875 0.0234375 0.0265625
0 0.31328125 0.65546875 0.01875 0.0296875
0 0.2640625 0.73046875 0.01875 0.025
0 0.28203125 0.71484375 0.021875 0.028125
0 0.30546875 0.85234375 0.0171875 0.0203125
0 0.31171875 0.878125 0.015625 0.01875
0 0.334375 0.85625 0.0140625 0.0203125
0 0.33828125 0.88203125 0.015625 0.0234375
0 0.36953125 0.8609375 0.0140625 0.0203125
0 0.38984375 0.84921875 0.01875 0.021875
0 0.38359375 0.86875 0.015625 0.0171875
0 0.43984375 0.78515625 0.025 0.028125
0 0.44609375 0.8 0.025 0.028125
0 0.3609375 0.65703125 0.01875 0.021875
0 0.4109375 0.66796875 0.0171875 0.01875
0 0.42890625 0.6359375 0.0203125 0.0265625
0 0.46640625 0.7109375 0.0171875 0.021875
0 0.50234375 0.72265625 0.01875 0.025
0 0.56484375 0.83125 0.0265625 0.03125
0 0.57890625 0.790625 0.0203125 0.03125
0 0.53984375 0.8453125 0.0203125 0.03125
0 0.484375 0.59375 0.021875 0.0265625
0 0.409375 0.58515625 0.0234375 0.0265625
0 0.38515625 0.58046875 0.025 0.025
0 0.29375 0.56796875 0.025 0.021875
0 0.1796875 0.58671875 0.0234375 0.0296875
0 0.55703125 0.68125 0.021875 0.021875
0 0.52421875 0.6078125 0.01875 0.021875
0 0.5375 0.60234375 0.0171875 0.0265625
0 0.59765625 0.6328125 0.021875 0.025
0 0.625 0.64609375 0.0171875 0.0234375
0 0.66640625 0.65859375 0.0109375 0.0140625
0 0.6828125 0.7796875 0.01875 0.0265625
0 0.6828125 0.8125 0.0203125 0.025
0 0.63046875 0.8578125 0.021875 0.025
0 0.715625 0.809375 0.025 0.034375
0 0.75546875 0.76328125 0.0234375 0.03125
0 0.72421875 0.83671875 0.025 0.034375
0 0.7046875 0.659375 0.0296875 0.0328125
0 0.67421875 0.615625 0.0234375 0.0234375
0 0.71484375 0.69765625 0.0234375 0.0265625
0 0.33828125 0.3109375 0.034375 0.0421875
0 0.27578125 0.24296875 0.028125 0.0296875
0 0.30703125 0.19609375 0.0265625 0.0296875
0 0.325 0.18984375 0.0203125 0.0265625
0 0.26640625 0.14453125 0.028125 0.034375
0 0.23125 0.28359375 0.021875 0.0265625
0 0.19296875 0.23515625 0.028125 0.03125
0 0.21953125 0.3140625 0.0234375 0.03125
0 0.20625 0.3390625 0.01875 0.0265625
0 0.17421875 0.3671875 0.021875 0.025
0 0.28359375 0.35546875 0.01875 0.025
0 0.35234375 0.353125 0.0234375 0.028125
0 0.3328125 0.3796875 0.021875 0.028125
0 0.375 0.3796875 0.021875 0.0203125
0 0.39921875 0.3578125 0.0203125 0.028125
0 0.41171875 0.3671875 0.021875 0.03125
0 0.4515625 0.30859375 0.03125 0.0390625
0 0.4796875 0.29375 0.0296875 0.0359375
0 0.50625 0.221875 0.025 0.034375
0 0.52578125 0.1859375 0.0171875 0.0265625
0 0.5421875 0.18671875 0.01875 0.025
0 0.55859375 0.2203125 0.0265625 0.03125
0 0.5640625 0.2703125 0.0203125 0.0328125
0 0.58828125 0.24296875 0.0234375 0.03125
0 0.58046875 0.33359375 0.0234375 0.040625
0 0.59609375 0.31953125 0.0203125 0.0328125
0 0.64765625 0.18515625 0.0234375 0.03125
0 0.59375 0.14609375 0.025 0.025
0 0.5859375 0.10859375 0.0203125 0.03125
0 0.6125 0.1125 0.025 0.021875
0 0.4875 0.09765625 0.0265625 0.03125
0 0.40078125 0.08515625 0.0328125 0.03125
0 0.30859375 0.06796875 0.0265625 0.0328125
0 0.17890625 0.2015625 0.0296875 0.046875
0 0.6578125 0.365625 0.01875 0.025
0 0.6015625 0.3953125 0.03125 0.0359375
0 0.50546875 0.42109375 0.0234375 0.028125
0 0.5140625 0.3671875 0.0203125 0.03125
0 0.5109375 0.38671875 0.01875 0.025
0 0.57421875 0.42265625 0.028125 0.0328125
0 0.59375 0.434375 0.025 0.03125
0 0.6109375 0.446875 0.0203125 0.03125
0 0.64375 0.40078125 0.025 0.025
0 0.71875 0.3765625 0.0203125 0.025
0 0.7234375 0.33515625 0.0296875 0.0328125
0 0.7125 0.31875 0.0234375 0.0296875
0 0.78203125 0.26015625 0.021875 0.0203125
0 0.809375 0.2375 0.0234375 0.03125
0 0.7875 0.1609375 0.0296875 0.0328125
0 0.740625 0.15390625 0.0328125 0.028125
0 0.83125 0.27109375 0.025 0.034375
0 0.840625 0.23515625 0.0171875 0.0296875
0 0.8671875 0.17578125 0.0234375 0.0359375
0 0.81328125 0.3875 0.0328125 0.0421875
0 0.83125 0.378125 0.0234375 0.03125
0 0.76796875 0.4453125 0.021875 0.025
0 0.746875 0.38046875 0.025 0.034375
0 0.734375 0.4546875 0.015625 0.021875
0 0.75078125 0.4578125 0.0171875 0.0234375
0 0.62734375 0.88671875 0.0203125 0.028125
0 0.50625 0.88203125 0.0203125 0.028125
0 0.196875 0.55 0.0265625 0.028125
0 0.1984375 0.62421875 0.0203125 0.028125
0 0.0921875 0.553125 0.028125 0.034375
0 0.11875 0.13671875 0.0265625 0.0265625
0 0.175 0.0515625 0.0265625 0.0328125
0 0.084375 0.240625 0.025 0.028125
0 0.08828125 0.2984375 0.0265625 0.028125
0 0.0796875 0.31953125 0.0234375 0.028125
0 0.03828125 0.30078125 0.021875 0.03125
0 0.22734375 0.02421875 0.021875 0.025
0 0.02578125 0.72890625 0.0234375 0.028125
0 0.03125 0.80703125 0.025 0.034375
0 0.03125 0.58828125 0.0203125 0.028125
0 0.80546875 0.81796875 0.0328125 0.0390625
0 0.78046875 0.809375 0.0234375 0.034375
0 0.81015625 0.7609375 0.0265625 0.0328125
0 0.8203125 0.63203125 0.0296875 0.0328125
0 0.72109375 0.88671875 0.0234375 0.0328125
0 0.7609375 0.89765625 0.0234375 0.025
0 0.9265625 0.40546875 0.028125 0.034375
0 0.946875 0.384375 0.01875 0.025
0 0.9859375 0.315625 0.0265625 0.0328125
0 0.896875 0.22578125 0.0296875 0.0328125
0 0.8890625 0.1875 0.0203125 0.025
0 0.93203125 0.175 0.0203125 0.0265625
0 0.97421875 0.20390625 0.028125 0.034375
0 0.94140625 0.2421875 0.0171875 0.0265625
0 0.8125 0.46328125 0.028125 0.0359375
0 0.821875 0.42890625 0.0203125 0.03125
0 0.8453125 0.421875 0.0265625 0.0265625
0 0.85390625 0.43828125 0.0296875 0.0328125
0 0.87734375 0.478125 0.025 0.0328125
0 0.8765625 0.82734375 0.0203125 0.021875