0 0.21953125 0.175 0.0375 0.053125
0 0.26484375 0.20078125 0.028125 0.04375
0 0.22734375 0.27578125 0.0265625 0.025
0 0.26796875 0.384375 0.021875 0.0265625
0 0.30234375 0.34140625 0.01875 0.03125
0 0.25703125 0.26015625 0.01875 0.025
0 0.275 0.27734375 0.0203125 0.028125
0 0.309375 0.13515625 0.0171875 0.021875
0 0.31796875 0.10859375 0.015625 0.01875
0 0.33984375 0.1328125 0.0140625 0.0203125
0 0.34609375 0.10546875 0.0140625 0.0234375
0 0.3765625 0.13125 0.0140625 0.0203125
0 0.3984375 0.14453125 0.01875 0.021875
0 0.3921875 0.1234375 0.015625 0.0171875
0 0.4453125 0.215625 0.0234375 0.0296875
0 0.453125 0.2 0.0234375 0.0296875
0 0.353125 0.34375 0.01875 0.021875
0 0.40703125 0.3359375 0.0171875 0.01875
0 0.42265625 0.37109375 0.01875 0.0265625
0 0.46796875 0.2953125 0.0171875 0.0234375
0 0.50625 0.28515625 0.01875 0.025
0 0.57890625 0.1765625 0.0265625 0.0328125
0 0.590625 0.21953125 0.0203125 0.03125
0 0.55390625 0.159375 0.0203125 0.03125
0 0.47734375 0.41875 0.0203125 0.0265625
0 0.39921875 0.42265625 0.021875 0.0265625
0 0.37265625 0.42578125 0.025 0.025
0 0.2765625 0.43125 0.025 0.021875
0 0.15859375 0.40390625 0.0234375 0.0296875
0 0.56015625 0.33203125 0.021875 0.021875
0 0.52109375 0.4078125 0.01875 0.021875
0 0.534375 0.4140625 0.0171875 0.028125
0 0.59921875 0.3859375 0.021875 0.025
0 0.6296875 0.37421875 0.015625 0.0234375
0 0.67265625 0.3640625 0.0109375 0.0140625
0 0.69921875 0.23828125 0.01875 0.028125
0 0.7015625 0.2046875 0.0203125 0.025
0 0.64921875 0.15234375 0.021875 0.025
0 0.73515625 0.21015625 0.0234375 0.034375
0 0.7734375 0.26171875 0.0234375 0.03125
0 0.746875 0.18203125 0.0234375 0.034375
0 0.71328125 0.36640625 0.0296875 0.0328125
0 0.678125 0.409375 0.0234375 0.0234375
0 0.7265625 0.3265625 0.021875 0.0265625
0 0.3046875 0.70390625 0.034375 0.0421875
0 0.234375 0.7703125 0.0265625 0.0296875
0 0.26328125 0.821875 0.0265625 0.03125
0 0.28125 0.8296875 0.01875 0.0265625
0 0.2171875 0.8734375 0.0265625 0.0359375
0 0.190625 0.72421875 0.0203125 0.0265625
0 0.14609375 0.7734375 0.028125 0.03125
0 0.18046875 0.6921875 0.0234375 0.03125
0 0.16875 0.66484375 0.01875 0.028125
0 0.1359375 0.6328125 0.021875 0.025
0 0.25078125 0.653125 0.01875 0.025
0 0.321875 0.6609375 0.021875 0.028125
0 0.30390625 0.63125 0.0203125 0.028125
0 0.34765625 0.63515625 0.021875 0.0203125
0 0.371875 0.66015625 0.01875 0.028125
0 0.38515625 0.65 0.021875 0.03125
0 0.42265625 0.71484375 0.03125 0.0390625
0 0.45078125 0.73203125 0.028125 0.0375
0 0.4734375 0.809375 0.0234375 0.034375
0 0.49140625 0.84921875 0.0171875 0.028125
0 0.50859375 0.84921875 0.01875 0.025
0 0.52734375 0.815625 0.0265625 0.0328125
0 0.53671875 0.76328125 0.0203125 0.0328125
0 0.56015625 0.79296875 0.0234375 0.03125
0 0.55859375 0.6984375 0.021875 0.0421875
0 0.575 0.71328125 0.0203125 0.0328125
0 0.61875 0.85859375 0.0234375 0.03125
0 0.559375 0.8953125 0.025 0.025
0 0.5484375 0.934375 0.0203125 0.03125
0 0.5765625 0.93125 0.025 0.021875
0 0.4453125 0.93828125 0.0265625 0.0328125
0 0.353125 0.94453125 0.0328125 0.03125
0 0.25546875 0.95625 0.0265625 0.034375
0 0.1296875 0.8078125 0.028125 0.0484375
0 0.64296875 0.66953125 0.01875 0.025
0 0.5859375 0.63515625 0.0296875 0.0359375
0 0.48828125 0.6015625 0.021875 0.028125
0 0.4921875 0.6578125 0.0203125 0.03125
0 0.48984375 0.6375 0.01875 0.025
0 0.559375 0.6046875 0.028125 0.0328125
0 0.58046875 0.59296875 0.025 0.0328125
0 0.59921875 0.58203125 0.0203125 0.03125
0 0.63046875 0.6328125 0.025 0.025
0 0.70703125 0.66328125 0.0203125 0.025
0 0.70859375 0.70703125 0.0296875 0.0328125
0 0.696875 0.7234375 0.0234375 0.0296875
0 0.765625 0.7890625 0.021875 0.0203125
0 0.7921875 0.81484375 0.0234375 0.03125
0 0.76328125 0.89375 0.0296875 0.0328125
0 0.7140625 0.89765625 0.0328125 0.028125
0 0.8171875 0.78125 0.0234375 0.034375
0 0.82421875 0.81953125 0.0171875 0.03125
0 0.84765625 0.88359375 0.021875 0.0359375
0 0.80703125 0.659375 0.0328125 0.0421875
0 0.825 0.66953125 0.0234375 0.03125
0 0.76328125 0.5953125 0.021875 0.025
0 0.73671875 0.6609375 0.0234375 0.034375
0 0.72890625 0.5828125 0.015625 0.021875
0 0.746875 0.58046875 0.015625 0.0234375
0 0.65 0.12265625 0.01875 0.028125
0 0.521875 0.11796875 0.01875 0.028125
0 0.1734375 0.44296875 0.025 0.0296875
0 0.18046875 0.36640625 0.01875 0.028125
0 0.06484375 0.4328125 0.0265625 0.0359375
0 0.06171875 0.8703125 0.025 0.0265625
0 0.11484375 0.9640625 0.0265625 0.034375
0 0.03671875 0.7578125 0.0203125 0.028125
0 0.04140625 0.69921875 0.025 0.0296875
0 0.034375 0.67578125 0.021875 0.028125
0 0.1671875 0.99140625 0.021875 0.0171875
0 0.009375 0.24375 0.01875 0.028125
0 0.01953125 0.1625 0.0234375 0.034375
0 0.00625 0.390625 0.0125 0.028125
0 0.83125 0.2078125 0.0328125 0.0390625
0 0.803125 0.21484375 0.021875 0.034375
0 0.83046875 0.26796875 0.0265625 0.034375
0 0.8328125 0.403125 0.0296875 0.0328125
0 0.746875 0.1296875 0.0234375 0.0328125
0 0.78984375 0.12109375 0.0234375 0.025
0 0.9265625 0.6484375 0.028125 0.034375
0 0.94609375 0.67109375 0.01875 0.025
0 0.9828125 0.74609375 0.0265625 0.034375
0 0.8828125 0.834375 0.0296875 0.0328125
0 0.87109375 0.87421875 0.0203125 0.025
0 0.915625 0.88984375 0.01875 0.0265625
0 0.9625 0.8625 0.0265625 0.0359375
0 0.93046875 0.8203125 0.0171875 0.028125
0 0.81171875 0.5796875 0.0265625 0.0375
0 0.81875 0.615625 0.0203125 0.03125
0 0.84375 0.62578125 0.025 0.0265625
0 0.853125 0.60859375 0.0296875 0.0328125
0 0.88046875 0.56875 0.025 0.0328125
0 0.90546875 0.203125 0.0203125 0.021875