0 0.76328125 0.1546875 0.034375 0.0515625
0 0.71875 0.18359375 0.025 0.0421875
0 0.76015625 0.25546875 0.025 0.025
0 0.72578125 0.3671875 0.021875 0.025
0 0.68828125 0.32578125 0.0171875 0.03125
0 0.7296875 0.2421875 0.0171875 0.0234375
0 0.7125 0.26015625 0.0203125 0.0265625
0 0.6703125 0.1203125 0.015625 0.0203125
0 0.6609375 0.09453125 0.0140625 0.01875
0 0.63984375 0.11953125 0.0125 0.0203125
0 0.63359375 0.09375 0.0125 0.0234375
0 0.603125 0.11953125 0.0125 0.0203125
0 0.58359375 0.13359375 0.0171875 0.0203125
0 0.5875 0.11328125 0.0140625 0.0171875
0 0.53984375 0.20703125 0.0234375 0.0265625
0 0.53203125 0.19296875 0.0234375 0.0265625
0 0.63828125 0.33046875 0.0171875 0.0203125
0 0.58515625 0.325 0.015625 0.0171875
0 0.5703125 0.3609375 0.01875 0.025
0 0.521875 0.2875 0.015625 0.021875
0 0.48359375 0.28046875 0.0171875 0.0234375
0 0.4046875 0.175 0.025 0.03125
0 0.3953125 0.21953125 0.01875 0.03125
0 0.42890625 0.1578125 0.01875 0.03125
0 0.51875 0.4109375 0.0203125 0.025
0 0.596875 0.4109375 0.021875 0.025
0 0.6234375 0.41328125 0.0234375 0.0234375
0 0.71875 0.41328125 0.0234375 0.0203125
0 0.83515625 0.38046875 0.021875 0.0296875
0 0.43203125 0.3296875 0.0203125 0.0203125
0 0.475 0.40234375 0.0171875 0.0203125
0 0.4625 0.409375 0.015625 0.0265625
0 0.39609375 0.38515625 0.0203125 0.0234375
0 0.365625 0.37578125 0.0140625 0.0234375
0 0.3203125 0.3671875 0.0109375 0.0140625
0 0.28828125 0.24375 0.0171875 0.0265625
0 0.284375 0.21015625 0.01875 0.0234375
0 0.3328125 0.15546875 0.0203125 0.0234375
0 0.25078125 0.2171875 0.021875 0.034375
0 0.215625 0.2703125 0.021875 0.03125
0 0.23828125 0.190625 0.021875 0.034375
0 0.28125 0.371875 0.028125 0.03125
0 0.31875 0.41328125 0.021875 0.021875
0 0.265625 0.33359375 0.021875 0.025
0 0.70546875 0.68671875 0.0328125 0.040625
0 0.7796875 0.74921875 0.0265625 0.028125
0 0.753125 0.80234375 0.025 0.0296875
0 0.73515625 0.81015625 0.01875 0.025
0 0.8015625 0.85 0.025 0.034375
0 0.8203125 0.70078125 0.0203125 0.025
0 0.86640625 0.74609375 0.0265625 0.028125
0 0.82890625 0.66796875 0.021875 0.03125
0 0.83828125 0.64140625 0.0171875 0.0265625
0 0.86953125 0.60703125 0.0203125 0.0234375
0 0.75703125 0.6328125 0.0171875 0.0234375
0 0.6859375 0.64453125 0.021875 0.0265625
0 0.70234375 0.6140625 0.0203125 0.0265625
0 0.659375 0.6203125 0.0203125 0.01875
0 0.6359375 0.64609375 0.01875 0.0265625
0 0.621875 0.63671875 0.0203125 0.03125
0 0.5890625 0.70390625 0.028125 0.0375
0 0.5609375 0.721875 0.0265625 0.0359375
0 0.54296875 0.80078125 0.021875 0.034375
0 0.52734375 0.83984375 0.015625 0.0265625
0 0.5109375 0.84140625 0.0171875 0.0234375
0 0.4890625 0.80859375 0.025 0.03125
0 0.47734375 0.75703125 0.01875 0.0328125
0 0.45546875 0.78828125 0.021875 0.03125
0 0.45234375 0.69375 0.01875 0.0421875
0 0.43671875 0.71015625 0.01875 0.0328125
0 0.40078125 0.85625 0.021875 0.03125
0 0.46171875 0.890625 0.0234375 0.0234375
0 0.475 0.928125 0.01875 0.03125
0 0.446875 0.92734375 0.0234375 0.0203125
0 0.578125 0.9265625 0.025 0.03125
0 0.66953125 0.928125 0.03125 0.028125
0 0.76796875 0.934375 0.025 0.03125
0 0.88515625 0.7796875 0.0265625 0.046875
0 0.36640625 0.6703125 0.0171875 0.0234375
0 0.421875 0.63203125 0.028125 0.034375
0 0.51796875 0.59375 0.021875 0.0265625
0 0.5171875 0.65 0.01875 0.03125
0 0.51640625 0.6296875 0.0171875 0.0234375
0 0.446875 0.60078125 0.0265625 0.03125
0 0.425 0.590625 0.0234375 0.03125
0 0.40625 0.58046875 0.01875 0.03125
0 0.378125 0.6328125 0.0234375 0.0234375
0 0.30234375 0.6671875 0.01875 0.0234375
0 0.30390625 0.7109375 0.028125 0.03125
0 0.31640625 0.72578125 0.021875 0.0296875
0 0.2515625 0.7953125 0.0203125 0.01875
0 0.22578125 0.82265625 0.021875 0.03125
0 0.259375 0.89921875 0.028125 0.03125
0 0.30859375 0.90078125 0.03125 0.0265625
0 0.19921875 0.78984375 0.021875 0.034375
0 0.19453125 0.8296875 0.015625 0.03125
0 0.17421875 0.89375 0.0203125 0.0359375
0 0.203125 0.66796875 0.03125 0.040625
0 0.1859375 0.6796875 0.021875 0.03125
0 0.24296875 0.6015625 0.0203125 0.0234375
0 0.27265625 0.665625 0.021875 0.034375
0 0.2765625 0.5875 0.0140625 0.021875
0 0.259375 0.58671875 0.0140625 0.0234375
0 0.33203125 0.12578125 0.01875 0.0265625
0 0.45859375 0.11484375 0.01875 0.0265625
0 0.82265625 0.4203125 0.025 0.0265625
0 0.81171875 0.34296875 0.01875 0.0265625
0 0.93046875 0.40390625 0.025 0.034375
0 0.95625 0.8390625 0.025 0.025
0 0.90859375 0.93515625 0.025 0.0328125
0 0.97578125 0.7265625 0.0203125 0.0265625
0 0.9671875 0.66796875 0.025 0.0265625
0 0.9734375 0.64453125 0.021875 0.0265625
0 0.8578125 0.96953125 0.0203125 0.0234375
0 0.97734375 0.21328125 0.021875 0.0265625
0 0.9609375 0.1328125 0.021875 0.034375
0 0.9890625 0.359375 0.01875 0.0265625
0 0.15625 0.21953125 0.03125 0.0375
0 0.18359375 0.22578125 0.0203125 0.034375
0 0.159375 0.2796875 0.025 0.0328125
0 0.16484375 0.41484375 0.028125 0.03125
0 0.2359375 0.1375 0.021875 0.0328125
0 0.1921875 0.13125 0.021875 0.0234375
0 0.0828125 0.66328125 0.0265625 0.0328125
0 0.06484375 0.6875 0.0171875 0.0234375
0 0.0328125 0.7640625 0.025 0.0328125
0 0.13671875 0.846875 0.028125 0.03125
0 0.15078125 0.88515625 0.01875 0.0234375
0 0.1078125 0.903125 0.01875 0.025
0 0.059375 0.87890625 0.025 0.034375
0 0.08828125 0.834375 0.015625 0.0265625
0 0.19375 0.5890625 0.025 0.0359375
0 0.1890625 0.62578125 0.01875 0.03125
0 0.165625 0.63671875 0.025 0.025
0 0.15390625 0.61953125 0.028125 0.03125
0 0.125 0.58203125 0.0234375 0.03125
0 0.08203125 0.21953125 0.01875 0.0203125