0 0.8859375 0.34296875 0.053125 0.0375
0 0.8484375 0.38125 0.04375 0.0296875
0 0.78515625 0.32578125 0.0265625 0.028125
0 0.6671875 0.3359375 0.028125 0.0234375
0 0.70078125 0.38125 0.03125 0.01875
0 0.79296875 0.3578125 0.025 0.01875
0 0.7703125 0.37109375 0.028125 0.021875
0 0.90078125 0.4421875 0.021875 0.0171875
0 0.92421875 0.45703125 0.0203125 0.015625
0 0.89453125 0.47265625 0.021875 0.0140625
0 0.91953125 0.48515625 0.025 0.015625
0 0.88671875 0.509375 0.021875 0.0140625
0 0.86875 0.52578125 0.021875 0.01875
0 0.890625 0.5265625 0.01875 0.015625
0 0.78671875 0.55390625 0.0296875 0.025
0 0.79921875 0.565625 0.0296875 0.025
0 0.68515625 0.43046875 0.021875 0.01875
0 0.67890625 0.484375 0.01875 0.0171875
0 0.63984375 0.49140625 0.0265625 0.0203125
0 0.703125 0.5546875 0.0234375 0.0171875
0 0.70234375 0.59453125 0.025 0.01875
0 0.78984375 0.6953125 0.0328125 0.0265625
0 0.74375 0.6953125 0.03125 0.0203125
0 0.8125 0.675 0.03125 0.0203125
0 0.57890625 0.53203125 0.0265625 0.021875
0 0.59609375 0.4546875 0.028125 0.0234375
0 0.6 0.42734375 0.0265625 0.0265625
0 0.61875 0.33203125 0.0234375 0.0265625
0 0.6765625 0.2234375 0.03125 0.0234375
0 0.6421875 0.6359375 0.0234375 0.0234375
0 0.57890625 0.57734375 0.021875 0.01875
0 0.56875 0.58828125 0.028125 0.0171875
0 0.5796875 0.659375 0.0265625 0.0234375
0 0.5828125 0.6921875 0.025 0.0171875
0 0.58203125 0.73828125 0.0140625 0.0125
0 0.69765625 0.79609375 0.028125 0.01875
0 0.73046875 0.8078125 0.025 0.0203125
0 0.79453125 0.7703125 0.0265625 0.0234375
0 0.715625 0.8390625 0.0359375 0.025
0 0.65546875 0.86328125 0.0328125 0.025
0 0.73984375 0.85703125 0.0359375 0.025
0 0.56875 0.7765625 0.0328125 0.0296875
0 0.53515625 0.73046875 0.025 0.025
0 0.60390625 0.79921875 0.028125 0.0234375
0 0.3453125 0.28828125 0.04375 0.034375
0 0.29921875 0.2015625 0.0296875 0.028125
0 0.23984375 0.215625 0.03125 0.0265625
0 0.228125 0.23203125 0.0265625 0.0203125
0 0.20234375 0.1578125 0.0359375 0.028125
0 0.35546875 0.17109375 0.0265625 0.021875
0 0.31875 0.11484375 0.0296875 0.028125
0 0.38984375 0.16875 0.0328125 0.025
0 0.41875 0.16484375 0.028125 0.01875
0 0.45859375 0.14140625 0.0265625 0.0234375
0 0.40859375 0.2484375 0.025 0.01875
0 0.38203125 0.31640625 0.0296875 0.0234375
0 0.4171875 0.30625 0.028125 0.021875
0 0.4015625 0.3484375 0.0203125 0.021875
0 0.37109375 0.36484375 0.028125 0.0203125
0 0.3765625 0.38046875 0.03125 0.021875
0 0.303125 0.40078125 0.040625 0.03125
0 0.2796875 0.42421875 0.0390625 0.0296875
0 0.196875 0.42578125 0.0359375 0.025
0 0.1546875 0.43359375 0.028125 0.0171875
0 0.15 0.44921875 0.025 0.01875
0 0.178125 0.47734375 0.0328125 0.0265625
0 0.2265625 0.5 0.0328125 0.0203125
0 0.190625 0.51484375 0.0328125 0.025
0 0.28359375 0.53828125 0.04375 0.021875
0 0.26484375 0.55 0.0328125 0.0203125
0 0.1109375 0.5546875 0.0328125 0.025
0 0.090625 0.48671875 0.0265625 0.0265625
0 0.05625 0.465625 0.03125 0.0203125
0 0.05078125 0.49453125 0.0234375 0.0265625
0 0.0796875 0.36328125 0.0328125 0.0265625
0 0.096875 0.271875 0.0296875 0.0328125
0 0.1109375 0.17421875 0.0328125 0.0265625
0 0.290625 0.08984375 0.05 0.0296875
0 0.290625 0.628125 0.025 0.01875
0 0.3390625 0.58125 0.0375 0.03125
0 0.39765625 0.49453125 0.0296875 0.0234375
0 0.34140625 0.48359375 0.03125 0.0203125
0 0.3609375 0.4875 0.025 0.01875
0 0.37578125 0.56328125 0.0328125 0.028125
0 0.38125 0.5875 0.0328125 0.0265625
0 0.3875 0.6078125 0.03125 0.0203125
0 0.33046875 0.625 0.0265625 0.0265625
0 0.27890625 0.69296875 0.025 0.0203125
0 0.2359375 0.6828125 0.0328125 0.0296875
0 0.2234375 0.66640625 0.03125 0.0234375
0 0.140625 0.71640625 0.0203125 0.021875
0 0.10859375 0.7359375 0.0328125 0.025
0 0.0390625 0.68671875 0.0328125 0.0296875
0 0.04765625 0.6375 0.028125 0.0328125
0 0.13515625 0.76875 0.0359375 0.025
0 0.0953125 0.765625 0.03125 0.0171875
0 0.0265625 0.77265625 0.0375 0.0234375
0 0.2578125 0.79140625 0.04375 0.0328125
0 0.2421875 0.80625 0.0328125 0.025
0 0.33203125 0.765625 0.0265625 0.0234375
0 0.27421875 0.721875 0.0359375 0.025
0 0.35234375 0.73515625 0.0234375 0.015625
0 0.35 0.753125 0.025 0.0171875
0 0.82421875 0.77734375 0.028125 0.0203125
0 0.86171875 0.65390625 0.028125 0.0203125
0 0.634375 0.228125 0.0296875 0.0265625
0 0.70859375 0.2546875 0.028125 0.0203125
0 0.6734375 0.12421875 0.0359375 0.028125
0 0.246875 0.01015625 0.028125 0.0203125
0 0.14140625 0.03359375 0.034375 0.028125
0 0.36171875 0.01015625 0.0296875 0.0203125
0 0.41875 0.03203125 0.0296875 0.0265625
0 0.44375 0.03046875 0.0296875 0.0234375
0 0.0953125 0.0765625 0.0265625 0.0234375
0 0.8734375 0.11796875 0.0296875 0.0234375
0 0.95 0.15078125 0.0359375 0.025
0 0.7296875 0.07578125 0.028125 0.0203125
0 0.69296875 0.93359375 0.040625 0.0328125
0 0.69296875 0.90390625 0.0359375 0.021875
0 0.634375 0.9171875 0.034375 0.028125
0 0.5015625 0.88359375 0.0328125 0.0296875
0 0.79140625 0.871875 0.034375 0.025
0 0.7890625 0.915625 0.0265625 0.025
0 0.23671875 0.91171875 0.034375 0.0296875
0 0.209375 0.92421875 0.025 0.01875
0 0.1265625 0.940625 0.034375 0.028125
0 0.06640625 0.8203125 0.0328125 0.0296875
0 0.03046875 0.79765625 0.025 0.0203125
0 0.0078125 0.83671875 0.015625 0.0203125
0 0.01796875 0.88984375 0.0359375 0.028125
0 0.0671875 0.86953125 0.028125 0.0171875
0 0.33359375 0.8171875 0.0375 0.028125
0 0.29609375 0.81484375 0.03125 0.0203125
0 0.28046875 0.8359375 0.028125 0.0265625
0 0.29453125 0.85078125 0.0328125 0.0296875
0 0.3265625 0.8875 0.0328125 0.0265625