0 0.33125 0.11640625 0.0359375 0.05
0 0.36875 0.1515625 0.0265625 0.0421875
0 0.31640625 0.21328125 0.0265625 0.025
0 0.328125 0.3234375 0.021875 0.025
0 0.37109375 0.29140625 0.0171875 0.0296875
0 0.3484375 0.2046875 0.01875 0.0234375
0 0.36015625 0.22578125 0.0203125 0.0265625
0 0.425 0.1015625 0.015625 0.0203125
0 0.4390625 0.078125 0.0140625 0.01875
0 0.45390625 0.10625 0.0125 0.0203125
0 0.465625 0.0828125 0.0140625 0.0234375
0 0.4890625 0.11328125 0.0125 0.0203125
0 0.50546875 0.1296875 0.0171875 0.0203125
0 0.50546875 0.109375 0.0140625 0.0171875
0 0.5328125 0.20703125 0.0234375 0.0265625
0 0.54375 0.1953125 0.0234375 0.0265625
0 0.41796875 0.30546875 0.0171875 0.0203125
0 0.46875 0.31015625 0.015625 0.0171875
0 0.4765625 0.346875 0.01875 0.025
0 0.53515625 0.2859375 0.0171875 0.021875
0 0.57265625 0.2859375 0.01875 0.0234375
0 0.66640625 0.2015625 0.025 0.03125
0 0.6671875 0.2453125 0.01875 0.0296875
0 0.646875 0.18046875 0.01875 0.0296875
0 0.515625 0.40390625 0.0203125 0.025
0 0.44140625 0.3890625 0.021875 0.025
0 0.41640625 0.3859375 0.025 0.025
0 0.32578125 0.36953125 0.0234375 0.021875
0 0.22265625 0.31640625 0.021875 0.028125
0 0.61328125 0.34296875 0.0203125 0.0203125
0 0.55859375 0.403125 0.0171875 0.0203125
0 0.56875 0.4125 0.015625 0.0265625
0 0.63671875 0.4015625 0.021875 0.0234375
0 0.6671875 0.39765625 0.015625 0.0234375
0 0.7109375 0.3984375 0.0109375 0.0140625
0 0.7640625 0.2875 0.0171875 0.0265625
0 0.77421875 0.25625 0.0203125 0.0234375
0 0.73828125 0.19609375 0.021875 0.0234375
0 0.80390625 0.26953125 0.021875 0.0328125
0 0.82734375 0.32578125 0.021875 0.0296875
0 0.82109375 0.246875 0.021875 0.0328125
0 0.746875 0.41015625 0.028125 0.03125
0 0.7046875 0.44140625 0.021875 0.021875
0 0.76875 0.3765625 0.021875 0.025
0 0.28828125 0.62890625 0.0328125 0.040625
0 0.2078125 0.675 0.0265625 0.028125
0 0.22265625 0.7296875 0.025 0.0296875
0 0.2375 0.740625 0.01875 0.025
0 0.16796875 0.76640625 0.025 0.034375
0 0.178125 0.621875 0.0203125 0.025
0 0.125 0.65703125 0.0265625 0.0296875
0 0.17578125 0.5890625 0.021875 0.0296875
0 0.1703125 0.56171875 0.0171875 0.0265625
0 0.1484375 0.52421875 0.021875 0.0234375
0 0.25 0.5703125 0.01875 0.0234375
0 0.315625 0.59375 0.021875 0.0265625
0 0.3046875 0.56171875 0.0203125 0.0265625
0 0.34453125 0.575 0.0203125 0.01875
0 0.36171875 0.603125 0.01875 0.0265625
0 0.3765625 0.5984375 0.0203125 0.0296875
0 0.3953125 0.66640625 0.0296875 0.0375
0 0.41875 0.68984375 0.0265625 0.0359375
0 0.421875 0.76640625 0.021875 0.0328125
0 0.42890625 0.8078125 0.015625 0.0265625
0 0.44453125 0.81171875 0.01875 0.0234375
0 0.4703125 0.784375 0.025 0.03125
0 0.49140625 0.73828125 0.01875 0.03125
0 0.50625 0.771875 0.021875 0.0296875
0 0.5265625 0.6828125 0.0203125 0.040625
0 0.5375 0.7015625 0.01875 0.03125
0 0.5453125 0.84609375 0.021875 0.0296875
0 0.48125 0.8671875 0.025 0.025
0 0.46171875 0.9 0.01875 0.0296875
0 0.4890625 0.90390625 0.0234375 0.021875
0 0.36484375 0.87890625 0.025 0.03125
0 0.278125 0.86484375 0.03125 0.0296875
0 0.184375 0.85234375 0.025 0.0328125
0 0.1015625 0.68515625 0.0265625 0.0453125
0 0.61171875 0.67578125 0.01875 0.0234375
0 0.56640625 0.63046875 0.028125 0.034375
0 0.4828125 0.5765625 0.021875 0.0265625
0 0.47421875 0.6296875 0.01875 0.0296875
0 0.47734375 0.61015625 0.01875 0.0234375
0 0.5484375 0.5953125 0.0265625 0.03125
0 0.571875 0.590625 0.0234375 0.0296875
0 0.59140625 0.584375 0.01875 0.0296875
0 0.6078125 0.63828125 0.025 0.025
0 0.6734375 0.68515625 0.0203125 0.0234375
0 0.6640625 0.7265625 0.028125 0.03125
0 0.6484375 0.73828125 0.021875 0.028125
0 0.69765625 0.815625 0.0203125 0.01875
0 0.71640625 0.84609375 0.021875 0.0296875
0 0.67109375 0.9125 0.028125 0.03125
0 0.62421875 0.9046875 0.03125 0.0265625
0 0.746875 0.8203125 0.021875 0.0328125
0 0.74453125 0.85859375 0.015625 0.0296875
0 0.7515625 0.92265625 0.0203125 0.034375
0 0.76640625 0.703125 0.03125 0.040625
0 0.78046875 0.71796875 0.021875 0.0296875
0 0.740625 0.634375 0.021875 0.0234375
0 0.70078125 0.6890625 0.021875 0.0328125
0 0.71171875 0.61484375 0.015625 0.021875
0 0.72890625 0.6171875 0.015625 0.0234375
0 0.74453125 0.16796875 0.01875 0.0265625
0 0.6265625 0.134375 0.01875 0.0265625
0 0.22734375 0.35625 0.025 0.028125
0 0.2515625 0.2859375 0.01875 0.0265625
0 0.128125 0.32109375 0.025 0.034375
0 0.0234375 0.72734375 0.025 0.0265625
0 0.0515625 0.8265625 0.025 0.0328125
0 0.0234375 0.6171875 0.0234375 0.0265625
0 0.04453125 0.5640625 0.025 0.028125
0 0.04296875 0.540625 0.021875 0.0265625
0 0.00390625 0.54609375 0.0078125 0.0296875
0 0.09296875 0.86875 0.021875 0.0234375
0 0.11953125 0.13203125 0.021875 0.0265625
0 0.1484375 0.059375 0.021875 0.0328125
0 0.08046875 0.26875 0.01875 0.0265625
0 0.89375 0.2890625 0.03125 0.0375
0 0.86640625 0.28984375 0.0203125 0.0328125
0 0.8796875 0.3453125 0.025 0.0328125
0 0.85 0.47109375 0.028125 0.03125
0 0.8328125 0.196875 0.021875 0.03125
0 0.87578125 0.19921875 0.0234375 0.0234375
0 0.88046875 0.72109375 0.0265625 0.0328125
0 0.89296875 0.7484375 0.01875 0.0234375
0 0.91015625 0.82578125 0.025 0.0328125
0 0.796875 0.88515625 0.028125 0.03125
0 0.7765625 0.91875 0.0203125 0.0234375
0 0.8140625 0.94375 0.01875 0.025
0 0.86328125 0.9296875 0.025 0.034375
0 0.84453125 0.8828125 0.015625 0.0265625
0 0.7890625 0.63125 0.025 0.0359375
0 0.7875 0.66640625 0.01875 0.0296875
0 0.80859375 0.68125 0.025 0.0265625
0 0.821875 0.66796875 0.028125 0.03125
0 0.85625 0.6375 0.0234375 0.03125
0 0.96328125 0.30234375 0.01875 0.0203125