0 0.3578125 0.109375 0.0375 0.0515625
0 0.3921875 0.146875 0.0296875 0.0421875
0 0.3359375 0.20390625 0.0265625 0.0265625
0 0.340625 0.31484375 0.0234375 0.0265625
0 0.38515625 0.2859375 0.01875 0.0296875
0 0.36796875 0.1984375 0.01875 0.025
0 0.37890625 0.21953125 0.021875 0.028125
0 0.4515625 0.10078125 0.0171875 0.0203125
0 0.4671875 0.07890625 0.015625 0.01875
0 0.4796875 0.1078125 0.0140625 0.0203125
0 0.49296875 0.08515625 0.015625 0.0234375
0 0.5140625 0.11640625 0.0140625 0.0203125
0 0.52890625 0.134375 0.01875 0.021875
0 0.53046875 0.1140625 0.015625 0.0171875
0 0.55078125 0.21328125 0.025 0.028125
0 0.5625 0.2015625 0.025 0.028125
0 0.43046875 0.30234375 0.01875 0.021875
0 0.48046875 0.3109375 0.0171875 0.01875
0 0.48515625 0.34765625 0.0203125 0.0265625
0 0.54765625 0.2921875 0.0171875 0.021875
0 0.58515625 0.29453125 0.01875 0.025
0 0.68359375 0.2171875 0.0265625 0.03125
0 0.68203125 0.26015625 0.0203125 0.03125
0 0.665625 0.19453125 0.0203125 0.03125
0 0.5203125 0.40703125 0.021875 0.0265625
0 0.44765625 0.3875 0.0234375 0.0265625
0 0.4234375 0.3828125 0.025 0.025
0 0.334375 0.359375 0.025 0.021875
0 0.2359375 0.3 0.0234375 0.0296875
0 0.62109375 0.353125 0.021875 0.021875
0 0.56328125 0.409375 0.01875 0.021875
0 0.57265625 0.41953125 0.0171875 0.0265625
0 0.63984375 0.41328125 0.021875 0.025
0 0.67109375 0.41171875 0.0171875 0.0234375
0 0.7140625 0.41484375 0.0109375 0.0140625
0 0.77421875 0.309375 0.01875 0.0265625
0 0.78671875 0.27890625 0.0203125 0.025
0 0.7546875 0.2171875 0.021875 0.025
0 0.815625 0.29375 0.025 0.034375
0 0.83515625 0.3515625 0.0234375 0.03125
0 0.834375 0.271875 0.025 0.034375
0 0.74921875 0.42890625 0.0296875 0.0328125
0 0.7046875 0.4578125 0.0234375 0.0234375
0 0.7734375 0.396875 0.0234375 0.0265625
0 0.2796875 0.61484375 0.034375 0.0421875
0 0.19609375 0.65390625 0.028125 0.0296875
0 0.20703125 0.709375 0.0265625 0.0296875
0 0.22109375 0.721875 0.0203125 0.0265625
0 0.15078125 0.7421875 0.028125 0.034375
0 0.1703125 0.6 0.021875 0.0265625
0 0.115625 0.63046875 0.028125 0.0296875
0 0.1703125 0.5671875 0.0234375 0.03125
0 0.16796875 0.53984375 0.01875 0.0265625
0 0.1484375 0.50078125 0.021875 0.025
0 0.2453125 0.553125 0.01875 0.025
0 0.30859375 0.58125 0.0234375 0.028125
0 0.3 0.5484375 0.021875 0.028125
0 0.33828125 0.56484375 0.021875 0.0203125
0 0.35390625 0.59375 0.0203125 0.028125
0 0.36875 0.58984375 0.021875 0.03125
0 0.3828125 0.659375 0.03125 0.0390625
0 0.40390625 0.68359375 0.0296875 0.0359375
0 0.4015625 0.76015625 0.025 0.034375
0 0.40625 0.80078125 0.0171875 0.0265625
0 0.42109375 0.80625 0.01875 0.025
0 0.44921875 0.78125 0.0265625 0.03125
0 0.4734375 0.73671875 0.0203125 0.0328125
0 0.48515625 0.77109375 0.0234375 0.03125
0 0.51171875 0.684375 0.0234375 0.040625
0 0.521875 0.703125 0.0203125 0.0328125
0 0.51953125 0.84765625 0.0234375 0.03125
0 0.45390625 0.86328125 0.025 0.025
0 0.4328125 0.8953125 0.0203125 0.03125
0 0.459375 0.9015625 0.025 0.021875
0 0.3375 0.86796875 0.0265625 0.03125
0 0.25234375 0.84765625 0.0328125 0.0296875
0 0.1609375 0.82890625 0.0265625 0.03125
0 0.090625 0.65703125 0.0296875 0.046875
0 0.59609375 0.68359375 0.01875 0.025
0 0.5546875 0.63515625 0.03125 0.0359375
0 0.47578125 0.57578125 0.0234375 0.028125
0 0.46328125 0.628125 0.0203125 0.03125
0 0.46796875 0.609375 0.01875 0.025
0 0.53984375 0.59921875 0.028125 0.0328125
0 0.5625 0.59609375 0.025 0.03125
0 0.5828125 0.590625 0.0203125 0.03125
0 0.59609375 0.64609375 0.025 0.025
0 0.65703125 0.696875 0.0203125 0.025
0 0.6453125 0.73671875 0.0296875 0.0328125
0 0.62890625 0.74765625 0.0234375 0.0296875
0 0.671875 0.828125 0.021875 0.0203125
0 0.6890625 0.859375 0.0234375 0.03125
0 0.6390625 0.921875 0.0296875 0.0328125
0 0.59375 0.91171875 0.0328125 0.028125
0 0.72109375 0.8359375 0.025 0.034375
0 0.71640625 0.8734375 0.0171875 0.0296875
0 0.71875 0.93828125 0.0234375 0.0359375
0 0.7484375 0.721875 0.0328125 0.0421875
0 0.7609375 0.73671875 0.0234375 0.03125
0 0.72734375 0.65078125 0.021875 0.025
0 0.684375 0.703125 0.025 0.034375
0 0.7 0.6296875 0.015625 0.021875
0 0.7171875 0.6328125 0.0171875 0.0234375
0 0.76328125 0.1890625 0.0203125 0.028125
0 0.64921875 0.14765625 0.0203125 0.028125
0 0.2375 0.33984375 0.0265625 0.028125
0 0.26640625 0.271875 0.0203125 0.028125
0 0.1421875 0.2984375 0.028125 0.034375
0 0.01171875 0.69296875 0.0234375 0.0265625
0 0.03046875 0.79375 0.0265625 0.0328125
0 0.01796875 0.584375 0.025 0.028125
0 0.0421875 0.5328125 0.0265625 0.028125
0 0.04296875 0.51015625 0.0234375 0.028125
0 0.00390625 0.5109375 0.0078125 0.03125
0 0.06875 0.8390625 0.021875 0.025
0 0.14609375 0.11015625 0.0234375 0.028125
0 0.18046875 0.03984375 0.025 0.034375
0 0.0984375 0.24296875 0.0203125 0.028125
0 0.903125 0.31953125 0.0328125 0.0390625
0 0.87578125 0.31875 0.0234375 0.034375
0 0.88515625 0.37421875 0.0265625 0.0328125
0 0.846875 0.49765625 0.0296875 0.0328125
0 0.85 0.22421875 0.0234375 0.0328125
0 0.890625 0.22890625 0.0234375 0.025
0 0.86015625 0.74765625 0.028125 0.034375
0 0.87109375 0.77421875 0.01875 0.025
0 0.88203125 0.853125 0.0265625 0.0328125
0 0.765625 0.903125 0.0296875 0.0328125
0 0.74296875 0.9359375 0.0203125 0.025
0 0.778125 0.96328125 0.0203125 0.0265625
0 0.82890625 0.95234375 0.028125 0.034375
0 0.81328125 0.9046875 0.0171875 0.0265625
0 0.77578125 0.6515625 0.028125 0.0359375
0 0.771875 0.68671875 0.0203125 0.03125
0 0.790625 0.70234375 0.0265625 0.0265625
0 0.80546875 0.68984375 0.0296875 0.0328125
0 0.84140625 0.66171875 0.025 0.03125
0 0.971875 0.3375 0.0203125 0.021875