0 0.1109375 0.3359375 0.0515625 0.0359375
0 0.14765625 0.371875 0.0421875 0.0265625
0 0.2078125 0.31875 0.025 0.0265625
0 0.31953125 0.32890625 0.0265625 0.021875
0 0.28828125 0.37265625 0.0296875 0.0171875
0 0.20078125 0.35 0.0234375 0.01875
0 0.22109375 0.3625 0.0265625 0.0203125
0 0.09765625 0.43046875 0.0203125 0.0171875
0 0.07421875 0.44453125 0.01875 0.0140625
0 0.103125 0.45859375 0.0203125 0.0140625
0 0.07890625 0.471875 0.0234375 0.0140625
0 0.11015625 0.49375 0.0203125 0.0140625
0 0.12734375 0.509375 0.0203125 0.01875
0 0.10703125 0.51015625 0.0171875 0.0140625
0 0.20546875 0.53671875 0.028125 0.0234375
0 0.19375 0.54765625 0.028125 0.0234375
0 0.30234375 0.41875 0.0203125 0.01875
0 0.3078125 0.4703125 0.0171875 0.015625
0 0.3453125 0.4765625 0.025 0.01875
0 0.2859375 0.5375 0.021875 0.0171875
0 0.2859375 0.57578125 0.0234375 0.01875
0 0.203125 0.67109375 0.03125 0.025
0 0.24609375 0.67109375 0.0296875 0.01875
0 0.18125 0.65234375 0.0296875 0.01875
0 0.403125 0.51640625 0.025 0.0203125
0 0.38671875 0.44140625 0.0265625 0.021875
0 0.38359375 0.41640625 0.025 0.025
0 0.36484375 0.32578125 0.021875 0.025
0 0.31015625 0.221875 0.0296875 0.021875
0 0.34296875 0.6140625 0.021875 0.021875
0 0.403125 0.559375 0.0203125 0.01875
0 0.4125 0.56953125 0.0265625 0.015625
0 0.403125 0.6375 0.025 0.021875
0 0.4 0.66796875 0.0234375 0.015625
0 0.4015625 0.71171875 0.0140625 0.0109375
0 0.290625 0.76796875 0.0265625 0.0171875
0 0.26015625 0.778125 0.0234375 0.0203125
0 0.1984375 0.74296875 0.025 0.021875
0 0.2734375 0.8078125 0.034375 0.0234375
0 0.33125 0.83125 0.0296875 0.021875
0 0.25 0.8265625 0.034375 0.0234375
0 0.41328125 0.74921875 0.03125 0.028125
0 0.4453125 0.7046875 0.0234375 0.0234375
0 0.3796875 0.77109375 0.0265625 0.021875
0 0.62578125 0.28359375 0.0421875 0.0328125
0 0.6703125 0.2015625 0.028125 0.0265625
0 0.72578125 0.21484375 0.0296875 0.025
0 0.7375 0.2296875 0.025 0.01875
0 0.7625 0.159375 0.034375 0.0265625
0 0.6171875 0.171875 0.025 0.0203125
0 0.65078125 0.11796875 0.028125 0.0265625
0 0.58359375 0.1703125 0.0296875 0.021875
0 0.55625 0.16640625 0.0265625 0.0171875
0 0.51796875 0.14375 0.025 0.021875
0 0.565625 0.2453125 0.0234375 0.01875
0 0.590625 0.31015625 0.028125 0.021875
0 0.5578125 0.30078125 0.0265625 0.0203125
0 0.5734375 0.340625 0.0203125 0.0203125
0 0.6015625 0.35703125 0.0265625 0.01875
0 0.59609375 0.371875 0.0296875 0.0203125
0 0.66640625 0.390625 0.0390625 0.0296875
0 0.6890625 0.4125 0.0359375 0.028125
0 0.76640625 0.4140625 0.034375 0.0234375
0 0.8078125 0.42109375 0.0265625 0.015625
0 0.8125 0.4375 0.0234375 0.01875
0 0.7859375 0.4640625 0.03125 0.025
0 0.7390625 0.48515625 0.03125 0.0203125
0 0.77265625 0.5 0.0296875 0.021875
0 0.684375 0.521875 0.0421875 0.0203125
0 0.70234375 0.5328125 0.03125 0.0203125
0 0.8484375 0.5375 0.0296875 0.021875
0 0.86875 0.47265625 0.025 0.025
0 0.9015625 0.453125 0.0296875 0.01875
0 0.90625 0.48046875 0.021875 0.025
0 0.87890625 0.35625 0.03125 0.025
0 0.8625 0.26875 0.028125 0.03125
0 0.8484375 0.175 0.03125 0.025
0 0.67890625 0.09453125 0.046875 0.028125
0 0.67890625 0.60703125 0.0234375 0.01875
0 0.63203125 0.5625 0.0359375 0.0296875
0 0.57578125 0.4796875 0.028125 0.021875
0 0.6296875 0.46953125 0.0296875 0.01875
0 0.6109375 0.4734375 0.0234375 0.01875
0 0.59609375 0.5453125 0.03125 0.0265625
0 0.59140625 0.56875 0.03125 0.0234375
0 0.5859375 0.5890625 0.0296875 0.01875
0 0.640625 0.6046875 0.025 0.025
0 0.6890625 0.66875 0.0234375 0.0203125
0 0.7296875 0.659375 0.03125 0.028125
0 0.74296875 0.64453125 0.0296875 0.021875
0 0.82109375 0.69140625 0.0203125 0.0203125
0 0.8515625 0.71015625 0.0296875 0.021875
0 0.9171875 0.6640625 0.03125 0.028125
0 0.909375 0.6171875 0.0265625 0.03125
0 0.8265625 0.7421875 0.034375 0.0234375
0 0.8640625 0.7390625 0.0296875 0.015625
0 0.9296875 0.7453125 0.0359375 0.021875
0 0.71015625 0.76328125 0.0421875 0.03125
0 0.72421875 0.7765625 0.0296875 0.021875
0 0.6390625 0.73828125 0.025 0.021875
0 0.69453125 0.69765625 0.034375 0.0234375
0 0.61875 0.709375 0.021875 0.015625
0 0.62109375 0.7265625 0.0234375 0.015625
0 0.16953125 0.75 0.0265625 0.01875
0 0.134375 0.63203125 0.0265625 0.01875
0 0.35 0.22578125 0.028125 0.025
0 0.2796875 0.25234375 0.0265625 0.01875
0 0.31328125 0.128125 0.034375 0.0265625
0 0.7203125 0.015625 0.0265625 0.025
0 0.8203125 0.040625 0.0328125 0.0265625
0 0.609375 0.0171875 0.028125 0.0234375
0 0.55625 0.0390625 0.028125 0.025
0 0.5328125 0.03828125 0.028125 0.021875
0 0.8640625 0.08203125 0.025 0.021875
0 0.1234375 0.12109375 0.028125 0.021875
0 0.05 0.15234375 0.034375 0.0234375
0 0.259375 0.08125 0.0265625 0.01875
0 0.29453125 0.8984375 0.0390625 0.03125
0 0.29453125 0.8703125 0.034375 0.021875
0 0.35078125 0.8828125 0.0328125 0.0265625
0 0.47734375 0.85078125 0.03125 0.028125
0 0.2015625 0.8390625 0.03125 0.0234375
0 0.203125 0.88125 0.025 0.0234375
0 0.7296875 0.87734375 0.0328125 0.0265625
0 0.75625 0.88984375 0.0234375 0.01875
0 0.834375 0.9046875 0.0328125 0.0265625
0 0.8921875 0.78984375 0.03125 0.028125
0 0.92578125 0.76875 0.0234375 0.0203125
0 0.9515625 0.80625 0.025 0.01875
0 0.93828125 0.85703125 0.034375 0.0265625
0 0.890625 0.83828125 0.0265625 0.015625
0 0.6375 0.7875 0.0359375 0.0265625
0 0.67265625 0.78515625 0.0296875 0.01875
0 0.6875 0.8046875 0.0265625 0.025
0 0.67421875 0.81875 0.03125 0.028125
0 0.64375 0.8546875 0.03125 0.0234375
0 0.309375 0.96875 0.0203125 0.0203125