0 0.62265625 0.1 0.040625 0.053125
0 0.58984375 0.13984375 0.03125 0.04375
0 0.64921875 0.19375 0.028125 0.0265625
0 0.65078125 0.30546875 0.0234375 0.0265625
0 0.60390625 0.278125 0.0203125 0.03125
0 0.6171875 0.18984375 0.0203125 0.025
0 0.60703125 0.21171875 0.0234375 0.028125
0 0.52734375 0.09609375 0.01875 0.021875
0 0.5109375 0.075 0.015625 0.0203125
0 0.5 0.1046875 0.015625 0.0203125
0 0.48515625 0.0828125 0.015625 0.0234375
0 0.465625 0.115625 0.015625 0.0203125
0 0.4515625 0.134375 0.0203125 0.021875
0 0.44921875 0.1140625 0.015625 0.01875
0 0.43359375 0.21484375 0.025 0.0296875
0 0.42109375 0.20390625 0.025 0.0296875
0 0.56015625 0.2984375 0.0203125 0.021875
0 0.509375 0.309375 0.0171875 0.01875
0 0.50703125 0.34609375 0.0203125 0.0265625
0 0.44140625 0.29296875 0.01875 0.0234375
0 0.40390625 0.29765625 0.0203125 0.025
0 0.3 0.225 0.028125 0.0328125
0 0.3046875 0.26875 0.021875 0.03125
0 0.3171875 0.2015625 0.021875 0.03125
0 0.47421875 0.40703125 0.021875 0.0265625
0 0.546875 0.38359375 0.0234375 0.0265625
0 0.57109375 0.37734375 0.0265625 0.0265625
0 0.659375 0.35 0.025 0.0234375
0 0.7546875 0.28515625 0.025 0.0296875
0 0.3703125 0.359375 0.0234375 0.0234375
0 0.43203125 0.4125 0.0203125 0.021875
0 0.42265625 0.42265625 0.01875 0.0265625
0 0.3546875 0.4203125 0.0234375 0.025
0 0.32421875 0.4203125 0.0171875 0.025
0 0.28046875 0.42578125 0.0125 0.0140625
0 0.2140625 0.32265625 0.0203125 0.028125
0 0.2 0.29296875 0.021875 0.025
0 0.22890625 0.22890625 0.0234375 0.025
0 0.17265625 0.309375 0.025 0.034375
0 0.15546875 0.36875 0.025 0.03125
0 0.15234375 0.2890625 0.025 0.034375
0 0.2453125 0.4421875 0.03125 0.0328125
0 0.29140625 0.46796875 0.025 0.025
0 0.2203125 0.4109375 0.0234375 0.0265625
0 0.728125 0.603125 0.0359375 0.04375
0 0.81328125 0.6390625 0.028125 0.0296875
0 0.80546875 0.6953125 0.028125 0.03125
0 0.7921875 0.70859375 0.0203125 0.0265625
0 0.86328125 0.725 0.028125 0.0359375
0 0.8359375 0.5828125 0.021875 0.0265625
0 0.89296875 0.6109375 0.0296875 0.03125
0 0.83515625 0.55 0.025 0.03125
0 0.83671875 0.52265625 0.0203125 0.028125
0 0.85390625 0.4828125 0.0234375 0.025
0 0.75859375 0.53984375 0.0203125 0.025
0 0.696875 0.571875 0.025 0.028125
0 0.70390625 0.53828125 0.0234375 0.028125
0 0.665625 0.55703125 0.021875 0.021875
0 0.65234375 0.58671875 0.021875 0.028125
0 0.63671875 0.58359375 0.0234375 0.03125
0 0.62578125 0.65390625 0.0328125 0.0390625
0 0.60625 0.6796875 0.03125 0.0375
0 0.6125 0.75625 0.025 0.034375
0 0.609375 0.79765625 0.01875 0.0265625
0 0.5953125 0.80390625 0.0203125 0.025
0 0.565625 0.7796875 0.028125 0.0328125
0 0.53984375 0.73671875 0.021875 0.0328125
0 0.52890625 0.77109375 0.025 0.03125
0 0.49765625 0.6859375 0.025 0.0421875
0 0.4890625 0.70546875 0.021875 0.0328125
0 0.49921875 0.85078125 0.025 0.03125
0 0.565625 0.86328125 0.0265625 0.0265625
0 0.58828125 0.89375 0.021875 0.03125
0 0.56171875 0.90078125 0.025 0.0234375
0 0.6828125 0.8609375 0.028125 0.0328125
0 0.76640625 0.8359375 0.034375 0.0328125
0 0.8578125 0.8125 0.028125 0.034375
0 0.91953125 0.6359375 0.03125 0.0484375
0 0.4125 0.6890625 0.0203125 0.025
0 0.4515625 0.63828125 0.03125 0.0359375
0 0.528125 0.575 0.025 0.028125
0 0.54375 0.6265625 0.021875 0.03125
0 0.53828125 0.6078125 0.0203125 0.025
0 0.465625 0.6015625 0.0296875 0.0328125
0 0.4421875 0.6 0.0265625 0.0328125
0 0.421875 0.59609375 0.021875 0.03125
0 0.41171875 0.6515625 0.0265625 0.0265625
0 0.35234375 0.70625 0.021875 0.025
0 0.36640625 0.74609375 0.03125 0.0328125
0 0.38359375 0.75625 0.025 0.0296875
0 0.34453125 0.83828125 0.021875 0.021875
0 0.32890625 0.87109375 0.025 0.03125
0 0.38203125 0.93125 0.03125 0.0328125
0 0.428125 0.91796875 0.0328125 0.0296875
0 0.2953125 0.84921875 0.025 0.034375
0 0.30234375 0.88671875 0.01875 0.0296875
0 0.303125 0.9515625 0.025 0.0359375
0 0.2625 0.7359375 0.034375 0.0421875
0 0.25 0.7515625 0.025 0.03125
0 0.27890625 0.6640625 0.0234375 0.025
0 0.325 0.71328125 0.025 0.034375
0 0.30546875 0.64140625 0.0171875 0.0234375
0 0.2890625 0.6453125 0.0171875 0.025
0 0.21875 0.2015625 0.021875 0.028125
0 0.33125 0.15390625 0.021875 0.028125
0 0.75546875 0.325 0.0265625 0.0296875
0 0.72265625 0.25859375 0.021875 0.028125
0 0.84921875 0.27890625 0.028125 0.0359375
0 0.99453125 0.66875 0.0109375 0.028125
0 0.9859375 0.7703125 0.028125 0.034375
0 0.98828125 0.55859375 0.0234375 0.0296875
0 0.96171875 0.50859375 0.0265625 0.0296875
0 0.96015625 0.4859375 0.025 0.028125
0 0.996875 0.4859375 0.00625 0.03125
0 0.95078125 0.8171875 0.0234375 0.025
0 0.83515625 0.08984375 0.025 0.028125
0 0.796875 0.02109375 0.025 0.034375
0 0.88984375 0.22109375 0.021875 0.028125
0 0.0859375 0.33984375 0.034375 0.0390625
0 0.1125 0.3375 0.025 0.034375
0 0.10625 0.39375 0.028125 0.034375
0 0.15078125 0.515625 0.03125 0.0328125
0 0.134375 0.240625 0.025 0.0328125
0 0.09296875 0.2484375 0.025 0.0265625
0 0.1515625 0.7671875 0.0296875 0.034375
0 0.1421875 0.7953125 0.0203125 0.025
0 0.134375 0.87421875 0.028125 0.034375
0 0.2546875 0.91953125 0.03125 0.0328125
0 0.278125 0.95078125 0.021875 0.025
0 0.24453125 0.9796875 0.0203125 0.0265625
0 0.19296875 0.971875 0.028125 0.0359375
0 0.20703125 0.9234375 0.01875 0.0265625
0 0.23046875 0.6671875 0.0296875 0.0375
0 0.23671875 0.7015625 0.021875 0.03125
0 0.21796875 0.71875 0.0265625 0.028125
0 0.203125 0.70703125 0.03125 0.0328125
0 0.16484375 0.68125 0.0265625 0.034375
0 0.01796875 0.36171875 0.021875 0.021875