0 0.1 0.353125 0.053125 0.0390625
0 0.1375 0.3875 0.04375 0.0296875
0 0.19609375 0.33125 0.0265625 0.0265625
0 0.3078125 0.33515625 0.0265625 0.0234375
0 0.27890625 0.38046875 0.03125 0.01875
0 0.1890625 0.36328125 0.025 0.01875
0 0.2109375 0.37421875 0.028125 0.021875
0 0.090625 0.4484375 0.0203125 0.0171875
0 0.06875 0.4640625 0.01875 0.015625
0 0.09765625 0.47734375 0.0203125 0.0140625
0 0.075 0.490625 0.0234375 0.015625
0 0.10703125 0.51171875 0.0203125 0.0140625
0 0.12578125 0.5265625 0.021875 0.01875
0 0.1046875 0.528125 0.0171875 0.015625
0 0.2046875 0.54921875 0.0296875 0.025
0 0.19375 0.5609375 0.0296875 0.025
0 0.2953125 0.4265625 0.021875 0.01875
0 0.30390625 0.47734375 0.01875 0.0171875
0 0.34140625 0.48203125 0.0265625 0.0203125
0 0.28515625 0.54609375 0.021875 0.0171875
0 0.28828125 0.584375 0.025 0.01875
0 0.209375 0.684375 0.0328125 0.0265625
0 0.25234375 0.6828125 0.03125 0.0203125
0 0.1859375 0.66640625 0.03125 0.0203125
0 0.4015625 0.51796875 0.0265625 0.021875
0 0.38203125 0.44453125 0.0265625 0.0234375
0 0.3765625 0.41953125 0.025 0.025
0 0.35390625 0.3296875 0.021875 0.025
0 0.29296875 0.22890625 0.0296875 0.0234375
0 0.34765625 0.6203125 0.021875 0.021875
0 0.4046875 0.56171875 0.021875 0.01875
0 0.4140625 0.571875 0.028125 0.0171875
0 0.40859375 0.63984375 0.025 0.021875
0 0.40703125 0.67109375 0.0234375 0.0171875
0 0.409375 0.71484375 0.0140625 0.0109375
0 0.30234375 0.7765625 0.028125 0.01875
0 0.27109375 0.7890625 0.025 0.0203125
0 0.20859375 0.75625 0.025 0.021875
0 0.2875 0.8171875 0.034375 0.025
0 0.34609375 0.83828125 0.03125 0.0234375
0 0.26484375 0.83671875 0.034375 0.025
0 0.425 0.75078125 0.0328125 0.03125
0 0.453125 0.70546875 0.0234375 0.0234375
0 0.3921875 0.775 0.0265625 0.0234375
0 0.6125 0.2734375 0.04375 0.0359375
0 0.653125 0.18828125 0.0296875 0.028125
0 0.709375 0.2 0.03125 0.0265625
0 0.72109375 0.2140625 0.0265625 0.0203125
0 0.7421875 0.1421875 0.0359375 0.028125
0 0.59765625 0.1625 0.0265625 0.021875
0 0.62890625 0.10703125 0.0296875 0.028125
0 0.56484375 0.1625 0.03125 0.0234375
0 0.53671875 0.159375 0.028125 0.01875
0 0.496875 0.13984375 0.025 0.021875
0 0.55 0.2390625 0.025 0.01875
0 0.57890625 0.30234375 0.028125 0.0234375
0 0.54609375 0.29453125 0.028125 0.021875
0 0.5625 0.33359375 0.0203125 0.021875
0 0.59140625 0.3484375 0.028125 0.0203125
0 0.5875 0.3640625 0.03125 0.021875
0 0.65859375 0.378125 0.0390625 0.03125
0 0.6828125 0.4 0.0375 0.0296875
0 0.7609375 0.39765625 0.034375 0.025
0 0.8015625 0.40234375 0.028125 0.0171875
0 0.80703125 0.41796875 0.025 0.01875
0 0.78203125 0.44609375 0.0328125 0.0265625
0 0.73671875 0.46953125 0.0328125 0.021875
0 0.77109375 0.4828125 0.03125 0.0234375
0 0.684375 0.509375 0.0421875 0.0234375
0 0.703125 0.51953125 0.0328125 0.021875
0 0.84921875 0.5171875 0.03125 0.0234375
0 0.86484375 0.45078125 0.025 0.025
0 0.89765625 0.42890625 0.03125 0.0203125
0 0.90390625 0.45625 0.021875 0.025
0 0.8703125 0.3328125 0.0328125 0.0265625
0 0.84921875 0.24609375 0.03125 0.0328125
0 0.83046875 0.15234375 0.0328125 0.0265625
0 0.65546875 0.08125 0.0484375 0.0296875
0 0.6828125 0.59609375 0.025 0.01875
0 0.6328125 0.55390625 0.0359375 0.03125
0 0.5734375 0.47265625 0.028125 0.0234375
0 0.6265625 0.46015625 0.03125 0.0203125
0 0.60703125 0.46484375 0.025 0.01875
0 0.596875 0.5375 0.0328125 0.028125
0 0.59375 0.56171875 0.0328125 0.025
0 0.58828125 0.58125 0.03125 0.0203125
0 0.64375 0.59453125 0.025 0.025
0 0.69609375 0.65703125 0.025 0.0203125
0 0.73671875 0.6453125 0.0328125 0.03125
0 0.74765625 0.628125 0.0296875 0.0234375
0 0.8296875 0.67265625 0.0203125 0.021875
0 0.8609375 0.6890625 0.03125 0.0234375
0 0.925 0.63828125 0.0328125 0.03125
0 0.9140625 0.5921875 0.028125 0.0328125
0 0.8375 0.72265625 0.034375 0.025
0 0.87578125 0.7171875 0.03125 0.0171875
0 0.94140625 0.71953125 0.0359375 0.0234375
0 0.72109375 0.75 0.0421875 0.034375
0 0.7375 0.7625 0.03125 0.0234375
0 0.64921875 0.72890625 0.025 0.021875
0 0.70234375 0.684375 0.034375 0.025
0 0.628125 0.7 0.021875 0.015625
0 0.63125 0.71796875 0.0234375 0.0171875
0 0.18046875 0.76484375 0.028125 0.0203125
0 0.13828125 0.64921875 0.028125 0.0203125
0 0.33359375 0.23046875 0.0296875 0.0265625
0 0.2640625 0.26015625 0.028125 0.0203125
0 0.29140625 0.13359375 0.0359375 0.028125
0 0.69296875 0.00625 0.0265625 0.0125
0 0.7953125 0.02109375 0.034375 0.0265625
0 0.58203125 0.01015625 0.0296875 0.0203125
0 0.5296875 0.0328125 0.0296875 0.0265625
0 0.50625 0.0328125 0.028125 0.0234375
0 0.83984375 0.06015625 0.025 0.021875
0 0.10078125 0.1375 0.028125 0.0234375
0 0.02890625 0.17265625 0.034375 0.025
0 0.23515625 0.08984375 0.028125 0.0203125
0 0.31328125 0.90625 0.0390625 0.0328125
0 0.31171875 0.8796875 0.034375 0.0234375
0 0.36875 0.88828125 0.034375 0.0265625
0 0.49375 0.85 0.0328125 0.03125
0 0.21640625 0.853125 0.0328125 0.025
0 0.22109375 0.89453125 0.025 0.0234375
0 0.74765625 0.86328125 0.034375 0.028125
0 0.775 0.87421875 0.025 0.01875
0 0.8546875 0.8859375 0.034375 0.0265625
0 0.90625 0.7671875 0.0328125 0.03125
0 0.9390625 0.74453125 0.025 0.0203125
0 0.96640625 0.78046875 0.0265625 0.0203125
0 0.95625 0.83125 0.0359375 0.028125
0 0.9078125 0.815625 0.028125 0.0171875
0 0.65 0.778125 0.0375 0.028125
0 0.6859375 0.7734375 0.03125 0.0203125
0 0.7015625 0.79375 0.0265625 0.0265625
0 0.68984375 0.8078125 0.0328125 0.03125
0 0.6609375 0.84453125 0.0328125 0.025
0 0.33125 0.9765625 0.021875 0.0203125