0 0.7140625 0.85625 0.0296875 0.046875
0 0.6734375 0.82578125 0.021875 0.0390625
0 0.7171875 0.759375 0.0234375 0.021875
0 0.6921875 0.6515625 0.01875 0.0234375
0 0.65390625 0.68828125 0.0140625 0.028125
0 0.6875 0.77109375 0.015625 0.021875
0 0.67265625 0.75234375 0.0171875 0.025
0 0.6234375 0.8828125 0.0140625 0.01875
0 0.6125 0.90703125 0.0125 0.0171875
0 0.59453125 0.88125 0.0109375 0.01875
0 0.5859375 0.90625 0.0109375 0.021875
0 0.559375 0.87890625 0.0109375 0.01875
0 0.54140625 0.8640625 0.015625 0.01875
0 0.54375 0.884375 0.0125 0.015625
0 0.5046875 0.79140625 0.0203125 0.025
0 0.4953125 0.8046875 0.0203125 0.025
0 0.60625 0.68046875 0.015625 0.01875
0 0.55546875 0.68203125 0.0140625 0.015625
0 0.54375 0.646875 0.015625 0.0234375
0 0.49296875 0.71328125 0.0140625 0.0203125
0 0.45546875 0.71796875 0.015625 0.021875
0 0.3734375 0.8125 0.021875 0.028125
0 0.3671875 0.7703125 0.015625 0.028125
0 0.3953125 0.83125 0.015625 0.028125
0 0.49765625 0.5953125 0.0171875 0.0234375
0 0.57265625 0.60078125 0.01875 0.0234375
0 0.59765625 0.60078125 0.021875 0.021875
0 0.6890625 0.60625 0.021875 0.01875
0 0.79765625 0.64609375 0.01875 0.0265625
0 0.409375 0.6671875 0.01875 0.01875
0 0.45546875 0.60078125 0.015625 0.01875
0 0.44375 0.59296875 0.0125 0.025
0 0.37890625 0.61171875 0.01875 0.021875
0 0.34921875 0.61953125 0.0125 0.021875
0 0.30625 0.62421875 0.009375 0.0125
0 0.2671875 0.73984375 0.0140625 0.025
0 0.2609375 0.771875 0.0171875 0.021875
0 0.30390625 0.8265625 0.01875 0.021875
0 0.2296875 0.7625 0.01875 0.03125
0 0.19921875 0.709375 0.01875 0.028125
0 0.215625 0.7875 0.01875 0.03125
0 0.26875 0.6171875 0.025 0.028125
0 0.30703125 0.58046875 0.0203125 0.0203125
0 0.2515625 0.653125 0.01875 0.0234375
0 0.69453125 0.3453125 0.028125 0.0375
0 0.76875 0.290625 0.0234375 0.025
0 0.74765625 0.23828125 0.021875 0.0265625
0 0.73125 0.22890625 0.015625 0.0234375
0 0.796875 0.1953125 0.021875 0.03125
0 0.8046875 0.3390625 0.0171875 0.0234375
0 0.85234375 0.2984375 0.0234375 0.025
0 0.8109375 0.37109375 0.01875 0.028125
0 0.81875 0.39765625 0.0140625 0.025
0 0.8453125 0.43203125 0.01875 0.021875
0 0.73984375 0.39921875 0.015625 0.021875
0 0.67265625 0.38359375 0.01875 0.025
0 0.68671875 0.4140625 0.0171875 0.025
0 0.64609375 0.40546875 0.01875 0.0171875
0 0.62578125 0.3796875 0.015625 0.025
0 0.61171875 0.38671875 0.0171875 0.028125
0 0.584375 0.32109375 0.025 0.034375
0 0.559375 0.3015625 0.0234375 0.0328125
0 0.546875 0.22578125 0.01875 0.03125
0 0.534375 0.18671875 0.0125 0.025
0 0.51875 0.184375 0.015625 0.021875
0 0.49609375 0.2140625 0.021875 0.028125
0 0.48125 0.2625 0.015625 0.0296875
0 0.4625 0.23125 0.01875 0.028125
0 0.453125 0.32109375 0.015625 0.0390625
0 0.43984375 0.3046875 0.015625 0.0296875
0 0.41484375 0.1625 0.01875 0.028125
0 0.47578125 0.134375 0.021875 0.021875
0 0.490625 0.09921875 0.015625 0.028125
0 0.46328125 0.0984375 0.021875 0.01875
0 0.5890625 0.1078125 0.021875 0.028125
0 0.6765625 0.11171875 0.028125 0.025
0 0.7703125 0.1125 0.021875 0.028125
0 0.871875 0.26796875 0.021875 0.04375
0 0.3703125 0.33828125 0.015625 0.021875
0 0.4203125 0.378125 0.025 0.03125
0 0.509375 0.42109375 0.01875 0.025
0 0.51171875 0.3671875 0.015625 0.028125
0 0.5109375 0.38671875 0.015625 0.021875
0 0.4421875 0.41015625 0.0234375 0.028125
0 0.4203125 0.41796875 0.0203125 0.028125
0 0.4015625 0.4265625 0.015625 0.028125
0 0.378125 0.375 0.021875 0.021875
0 0.30859375 0.33671875 0.0171875 0.021875
0 0.3125 0.2953125 0.025 0.028125
0 0.32578125 0.28125 0.01875 0.0265625
0 0.26875 0.2109375 0.01875 0.0171875
0 0.24609375 0.18359375 0.01875 0.028125
0 0.2828125 0.1125 0.025 0.028125
0 0.3296875 0.1140625 0.028125 0.0234375
0 0.21875 0.2125 0.01875 0.03125
0 0.21640625 0.175 0.0125 0.028125
0 0.2015625 0.11171875 0.0171875 0.0328125
0 0.2140625 0.3296875 0.0265625 0.0375
0 0.1984375 0.3171875 0.01875 0.028125
0 0.24765625 0.3953125 0.01875 0.021875
0 0.28046875 0.3359375 0.01875 0.03125
0 0.27890625 0.4109375 0.0125 0.0203125
0 0.26171875 0.4109375 0.0125 0.021875
0 0.30078125 0.85546875 0.015625 0.025
0 0.42109375 0.87421875 0.015625 0.025
0 0.78828125 0.60703125 0.021875 0.025
0 0.77265625 0.6796875 0.015625 0.025
0 0.88984375 0.6296875 0.021875 0.03125
0 0.94375 0.21640625 0.021875 0.0234375
0 0.9046875 0.121875 0.021875 0.0296875
0 0.95703125 0.325 0.0203125 0.025
0 0.94296875 0.38046875 0.021875 0.025
0 0.946875 0.403125 0.01875 0.025
0 0.99140625 0.3921875 0.0171875 0.028125
0 0.85859375 0.08515625 0.01875 0.021875
0 0.921875 0.81484375 0.01875 0.025
0 0.9015625 0.890625 0.01875 0.03125
0 0.94296875 0.67578125 0.015625 0.025
0 0.1390625 0.75390625 0.0265625 0.034375
0 0.165625 0.75 0.0171875 0.03125
0 0.14609375 0.696875 0.021875 0.0296875
0 0.16015625 0.56875 0.025 0.028125
0 0.209375 0.8375 0.01875 0.0296875
0 0.16796875 0.840625 0.0203125 0.021875
0 0.09921875 0.32578125 0.0234375 0.0296875
0 0.08359375 0.3015625 0.015625 0.021875
0 0.0578125 0.2265625 0.021875 0.0296875
0 0.1625 0.1546875 0.025 0.028125
0 0.178125 0.11875 0.0171875 0.021875
0 0.13828125 0.0984375 0.015625 0.0234375
0 0.090625 0.11875 0.021875 0.03125
0 0.115625 0.1625 0.0125 0.025
0 0.2 0.40390625 0.021875 0.0328125
0 0.19765625 0.36875 0.015625 0.028125
0 0.17578125 0.35703125 0.021875 0.0234375
0 0.1640625 0.371875 0.025 0.028125
0 0.13359375 0.40625 0.0203125 0.028125
0 0.06796875 0.74921875 0.0171875 0.01875