0 0.42265625 0.403125 0.0203125 0.0171875
0 0.52109375 0.3609375 0.0234375 0.01875
0 0.44609375 0.46796875 0.0234375 0.0234375
0 0.39453125 0.478125 0.021875 0.015625
0 0.3484375 0.54375 0.028125 0.0234375
0 0.29296875 0.53671875 0.025 0.0171875
0 0.25859375 0.565625 0.0203125 0.0203125
0 0.4671875 0.521875 0.0171875 0.01875
0 0.565625 0.5125 0.0234375 0.0140625
0 0.5890625 0.50625 0.0234375 0.01875
0 0.596875 0.53046875 0.0203125 0.0203125
0 0.56875 0.53125 0.0296875 0.015625
0 0.6703125 0.578125 0.0203125 0.01875
0 0.6765625 0.5953125 0.0203125 0.0203125
0 0.6734375 0.6265625 0.0234375 0.015625
0 0.59765625 0.603125 0.025 0.021875
0 0.62578125 0.61328125 0.0234375 0.0203125
0 0.57578125 0.63203125 0.0203125 0.015625
0 0.59375 0.62734375 0.021875 0.01875
0 0.5546875 0.64140625 0.0203125 0.0125
0 0.58125 0.6625 0.0203125 0.0171875
0 0.57578125 0.6921875 0.0203125 0.021875
0 0.62734375 0.425 0.01875 0.0171875
0 0.63359375 0.41015625 0.015625 0.0140625
0 0.61875 0.3921875 0.0265625 0.021875
0 0.55703125 0.3765625 0.0234375 0.01875
0 0.54375 0.44296875 0.0203125 0.0171875
0 0.56875 0.45625 0.0296875 0.0203125
0 0.64609375 0.50703125 0.0171875 0.0171875
0 0.65078125 0.53359375 0.0203125 0.0203125
0 0.6734375 0.4796875 0.0234375 0.0125
0 0.64375 0.47421875 0.0203125 0.0125
0 0.61640625 0.475 0.01875 0.015625
0 0.628125 0.440625 0.0171875 0.0125
0 0.6515625 0.6921875 0.0234375 0.015625
0 0.6625 0.71015625 0.0203125 0.015625
0 0.70625 0.71328125 0.025 0.0140625
0 0.7375 0.696875 0.021875 0.015625