0 0.60234375 0.4296875 0.025 0.021875
0 0.51484375 0.36328125 0.028125 0.025
0 0.56328125 0.48828125 0.0296875 0.0296875
0 0.61171875 0.51171875 0.025 0.0203125
0 0.640625 0.5875 0.034375 0.03125
0 0.69765625 0.59453125 0.0296875 0.0234375
0 0.725 0.63203125 0.025 0.025
0 0.52890625 0.53671875 0.021875 0.0234375
0 0.4328125 0.503125 0.0265625 0.01875
0 0.41171875 0.490625 0.028125 0.025
0 0.39765625 0.51328125 0.025 0.025
0 0.42578125 0.52109375 0.0328125 0.021875
0 0.31328125 0.5421875 0.025 0.0234375
0 0.303125 0.5578125 0.025 0.025
0 0.2984375 0.58984375 0.0265625 0.0203125
0 0.37890625 0.58515625 0.03125 0.028125
0 0.3484375 0.5875 0.028125 0.0265625
0 0.39375 0.61953125 0.025 0.0203125
0 0.3765625 0.61015625 0.0265625 0.025
0 0.4125 0.63359375 0.0234375 0.0171875
0 0.38125 0.6484375 0.025 0.021875
0 0.37890625 0.67890625 0.0265625 0.0265625
0 0.39375 0.40078125 0.0234375 0.021875
0 0.390625 0.38515625 0.01875 0.0171875
0 0.4109375 0.3703125 0.03125 0.028125
0 0.475 0.3703125 0.028125 0.025
0 0.47265625 0.43984375 0.025 0.021875
0 0.44375 0.446875 0.034375 0.028125
0 0.3546875 0.47734375 0.0203125 0.0203125
0 0.34375 0.503125 0.025 0.025
0 0.334375 0.44453125 0.0265625 0.01875
0 0.365625 0.4453125 0.0234375 0.0171875
0 0.3921875 0.453125 0.0234375 0.0203125
0 0.3890625 0.415625 0.0203125 0.015625
0 0.30390625 0.66015625 0.0265625 0.0203125
0 0.28828125 0.675 0.025 0.0203125
0 0.24375 0.6671875 0.028125 0.0203125
0 0.2171875 0.64375 0.025 0.0203125