0 0.5453125 0.37890625 0.025 0.021875
0 0.43671875 0.36171875 0.028125 0.025
0 0.53828125 0.45 0.0296875 0.0296875
0 0.5921875 0.446875 0.0265625 0.021875
0 0.65390625 0.50078125 0.034375 0.03125
0 0.7078125 0.48046875 0.0296875 0.0234375
0 0.75 0.50078125 0.025 0.025
0 0.53046875 0.509375 0.021875 0.0234375
0 0.4296875 0.52421875 0.0265625 0.0203125
0 0.4046875 0.5234375 0.028125 0.025
0 0.403125 0.55 0.025 0.025
0 0.43125 0.54375 0.0328125 0.0234375
0 0.34140625 0.61640625 0.025 0.0234375
0 0.3390625 0.634375 0.025 0.025
0 0.35 0.66484375 0.028125 0.021875
0 0.4203125 0.62265625 0.03125 0.028125
0 0.39453125 0.63984375 0.028125 0.0265625
0 0.44921875 0.64609375 0.025 0.0203125
0 0.4296875 0.6453125 0.0265625 0.025
0 0.47265625 0.65 0.0234375 0.0171875
0 0.4515625 0.678125 0.025 0.021875
0 0.4640625 0.70625 0.0265625 0.0265625
0 0.34609375 0.45234375 0.0234375 0.021875
0 0.33671875 0.43828125 0.01875 0.01875
0 0.346875 0.4171875 0.03125 0.028125
0 0.4046875 0.3859375 0.028125 0.025
0 0.434375 0.44921875 0.025 0.021875
0 0.4125 0.46875 0.034375 0.028125
0 0.34765625 0.5390625 0.021875 0.021875
0 0.35 0.56640625 0.025 0.025
0 0.3140625 0.51796875 0.0265625 0.01875
0 0.3421875 0.50546875 0.0234375 0.0171875
0 0.36953125 0.49921875 0.0234375 0.0203125
0 0.34921875 0.46796875 0.0203125 0.0171875
0 0.38828125 0.725 0.028125 0.021875
0 0.3828125 0.74609375 0.025 0.0203125
0 0.3390625 0.76015625 0.028125 0.0203125
0 0.30390625 0.75078125 0.0265625 0.021875