0 0.42109375 0.596875 0.0234375 0.0203125
0 0.528125 0.6265625 0.0265625 0.0234375
0 0.4359375 0.528125 0.028125 0.028125
0 0.38203125 0.52421875 0.025 0.01875
0 0.32578125 0.46484375 0.03125 0.028125
0 0.26953125 0.4796875 0.028125 0.021875
0 0.23125 0.4546875 0.0234375 0.0234375
0 0.45 0.4703125 0.0203125 0.021875
0 0.5515625 0.46484375 0.0265625 0.01875
0 0.5765625 0.46796875 0.0265625 0.0234375
0 0.58203125 0.4421875 0.0234375 0.0234375
0 0.55234375 0.4453125 0.0328125 0.0203125
0 0.65 0.3828125 0.0234375 0.021875
0 0.65390625 0.3640625 0.0234375 0.0234375
0 0.64609375 0.3328125 0.0265625 0.0203125
0 0.571875 0.36796875 0.028125 0.0265625
0 0.59921875 0.353125 0.0265625 0.025
0 0.5453125 0.34140625 0.0234375 0.01875
0 0.5640625 0.34375 0.025 0.021875
0 0.52265625 0.33515625 0.0234375 0.015625
0 0.546875 0.309375 0.0234375 0.0203125
0 0.53671875 0.2796875 0.0234375 0.025
0 0.628125 0.54609375 0.021875 0.0203125
0 0.6359375 0.559375 0.01875 0.0171875
0 0.6234375 0.58046875 0.0296875 0.0265625
0 0.56328125 0.60546875 0.0265625 0.0234375
0 0.53984375 0.5390625 0.0234375 0.0203125
0 0.56328125 0.521875 0.0328125 0.025
0 0.63515625 0.45859375 0.0203125 0.0203125
0 0.6359375 0.43125 0.0234375 0.0234375
0 0.6671875 0.4828125 0.0265625 0.0171875
0 0.63671875 0.4921875 0.0234375 0.015625
0 0.609375 0.49609375 0.021875 0.01875
0 0.6265625 0.5296875 0.0203125 0.015625
0 0.6140625 0.26875 0.0265625 0.0203125
0 0.62265625 0.24921875 0.0234375 0.01875
0 0.6671875 0.23984375 0.028125 0.01875
0 0.70078125 0.2515625 0.025 0.01875